Episode,Time,StateHash,Action,Reward,OldQ,NewQ,Delta
0,45.1,144,Patrol,-0.80,0.080,-0.181,-0.2616
0,61.7,108,SweepArea,-0.16,0.079,0.019,-0.0596
0,106.9,108,Patrol,-0.80,0.048,-0.204,-0.2520
0,112.2,144,HideSpotCheck,0.20,0.063,0.126,0.0626
0,114.3,144,HideSpotCheck,0.23,0.126,0.191,0.0650
0,116.1,144,HideSpotCheck,0.23,0.191,0.255,0.0644
0,118.1,144,HideSpotCheck,0.13,0.255,0.286,0.0314
0,120.0,144,HideSpotCheck,0.03,0.286,0.288,0.0013
0,161.0,144,Patrol,-0.31,-0.181,-0.209,-0.0280
0,175.1,144,HideSpotCheck,0.27,0.288,0.325,0.0371
0,190.3,144,HideSpotCheck,-0.65,0.325,0.076,-0.2484
0,205.4,144,HideSpotCheck,-0.64,0.076,-0.124,-0.2004
0,216.4,144,HideSpotCheck,0.04,-0.124,-0.058,0.0659
0,222.5,144,HideSpotCheck,0.77,-0.058,0.209,0.2671
0,223.7,144,HideSpotCheck,-0.66,0.209,-0.036,-0.2444
0,237.0,60,SweepArea,-0.28,0.084,-0.012,-0.0959
0,250.9,114,HeatSweep,0.01,0.008,0.023,0.0156
0,255.4,144,SweepArea,-0.19,0.026,-0.016,-0.0427
0,257.4,144,HideSpotCheck,0.23,-0.036,0.071,0.1064
0,259.2,144,HideSpotCheck,0.23,0.071,0.146,0.0752
0,264.0,144,SweepArea,-0.20,-0.016,-0.037,-0.0204
0,266.2,144,HideSpotCheck,0.23,0.146,0.210,0.0641
0,268.2,144,HideSpotCheck,0.23,0.210,0.273,0.0626
0,270.2,144,HideSpotCheck,0.23,0.273,0.334,0.0612
0,272.1,144,HideSpotCheck,0.13,0.334,0.364,0.0300
0,276.8,144,SweepArea,-0.20,-0.037,0.001,0.0376
0,278.7,144,HideSpotCheck,0.23,0.364,0.423,0.0591
0,280.7,144,HideSpotCheck,0.23,0.423,0.480,0.0568
0,282.9,144,HideSpotCheck,0.23,0.480,0.533,0.0533
0,284.8,144,HideSpotCheck,0.13,0.533,0.557,0.0237
0,286.8,144,HideSpotCheck,0.03,0.557,0.550,-0.0073
0,331.9,144,Patrol,-0.86,-0.209,-0.400,-0.1910
0,342.8,108,HideSpotCheck,0.14,0.037,0.085,0.0478
0,359.3,114,SweepArea,-0.16,0.095,0.029,-0.0659
0,370.2,108,HideSpotCheck,0.30,0.085,0.164,0.0798
0,380.8,108,HideSpotCheck,0.14,0.164,0.187,0.0225
0,397.6,108,SweepArea,-0.32,0.019,-0.012,-0.0314
0,442.8,144,Patrol,-0.78,-0.400,-0.499,-0.0990
0,446.7,144,HideSpotCheck,0.21,0.550,0.584,0.0340
0,448.5,144,HideSpotCheck,0.23,0.584,0.637,0.0536
0,453.2,144,SweepArea,-0.05,0.001,0.138,0.1367
0,455.0,144,HideSpotCheck,0.23,0.637,0.689,0.0518
0,500.3,144,Patrol,-0.86,-0.499,-0.602,-0.1023
0,511.1,108,HideSpotCheck,0.14,0.187,0.205,0.0185
0,521.9,108,HideSpotCheck,0.14,0.205,0.201,-0.0045
0,562.1,110,Patrol,0.65,0.084,0.254,0.1704
0,563.5,110,Patrol,-0.90,0.254,-0.088,-0.3421
0,575.2,80,HeatSweep,0.03,0.099,0.192,0.0935
0,575.5,144,HideSpotCheck,-0.50,0.689,0.536,-0.1530
0,607.2,144,Patrol,0.10,-0.602,-0.386,0.2155
0,617.3,128,AmbushHotChoke,0.05,0.085,0.171,0.0855
0,617.6,144,HideSpotCheck,-0.50,0.536,0.384,-0.1524
0,617.8,144,HideSpotCheck,-0.50,0.384,0.232,-0.1516
0,618.1,144,HideSpotCheck,-0.50,0.232,0.081,-0.1510
0,628.4,144,SweepArea,0.05,0.138,0.135,-0.0028
0,658.1,144,Patrol,0.10,-0.386,-0.230,0.1557
0,658.4,144,HideSpotCheck,-0.50,0.081,-0.053,-0.1344
0,681.3,144,SweepArea,-0.22,0.135,0.042,-0.0930
0,690.4,144,SweepArea,-0.24,0.042,-0.024,-0.0663
0,699.4,144,SweepArea,-0.24,-0.024,-0.070,-0.0458
0,709.2,144,HideSpotCheck,0.30,-0.053,0.066,0.1191
0,717.9,145,SweepArea,-0.24,0.066,-0.012,-0.0780
0,727.6,145,HideSpotCheck,0.30,0.041,0.129,0.0883
0,737.3,145,HideSpotCheck,0.30,0.129,0.205,0.0759
0,747.0,145,HideSpotCheck,0.30,0.205,0.272,0.0667
0,757.0,145,HideSpotCheck,0.05,0.272,0.254,-0.0175
0,767.1,145,HideSpotCheck,0.10,0.254,0.254,-0.0007
0,776.8,145,HideSpotCheck,0.00,0.254,0.225,-0.0290
0,786.8,145,HideSpotCheck,-0.85,0.225,-0.057,-0.2821
0,815.7,145,Patrol,-0.19,0.030,-0.032,-0.0620
0,830.8,145,AmbushHotChoke,-0.53,0.027,-0.127,-0.1539
0,836.3,135,AmbushHotChoke,-0.21,0.097,0.028,-0.0687
0,881.5,135,Patrol,-0.80,0.082,-0.182,-0.2637
0,883.1,145,SweepArea,-0.01,-0.012,0.002,0.0137
0,900.5,145,SweepArea,-0.02,0.002,0.000,-0.0014
0,902.0,145,SweepArea,-0.01,0.000,0.010,0.0099
1,947.1,145,Patrol,-0.80,-0.032,-0.260,-0.2276
1,954.3,144,HideSpotCheck,0.36,0.066,0.173,0.1075
1,964.0,144,HideSpotCheck,0.30,0.173,0.244,0.0707
1,973.9,144,HideSpotCheck,0.15,0.244,0.260,0.0165
1,1002.9,144,Patrol,0.13,-0.230,-0.103,0.1272
1,1048.1,144,Patrol,-0.73,-0.103,-0.285,-0.1816
1,1051.8,144,HideSpotCheck,0.40,0.260,0.367,0.1069
1,1053.9,144,HideSpotCheck,0.23,0.367,0.425,0.0576
1,1070.1,144,SweepArea,-0.31,-0.070,-0.087,-0.0172
1,1080.0,144,HideSpotCheck,0.30,0.425,0.465,0.0401
1,1089.8,144,HideSpotCheck,0.15,0.465,0.455,-0.0094
1,1099.6,144,HideSpotCheck,0.30,0.455,0.492,0.0369
1,1109.6,144,HideSpotCheck,0.05,0.492,0.448,-0.0442
1,1119.5,144,HideSpotCheck,0.10,0.448,0.425,-0.0228
1,1148.4,144,Patrol,-0.19,-0.285,-0.253,0.0323
1,1148.7,145,HideSpotCheck,-0.50,-0.057,-0.175,-0.1177
1,1171.7,145,SweepArea,-0.21,0.010,-0.051,-0.0616
1,1180.6,145,SweepArea,-0.24,-0.051,-0.098,-0.0465
1,1189.6,145,SweepArea,-0.09,-0.098,-0.086,0.0121
1,1198.0,145,SweepArea,-0.33,-0.086,-0.150,-0.0645
1,1213.3,145,AmbushHotChoke,-0.36,-0.127,-0.187,-0.0603
1,1214.5,127,HideSpotCheck,-0.36,0.046,-0.050,-0.0956
2,1259.7,109,Patrol,-0.80,0.088,-0.167,-0.2541
2,1263.0,144,HideSpotCheck,0.22,0.425,0.470,0.0451
2,1265.0,144,HideSpotCheck,0.23,0.470,0.526,0.0554
2,1310.2,144,Patrol,-0.79,-0.253,-0.399,-0.1462
2,1322.0,144,HideSpotCheck,0.13,0.526,0.494,-0.0319
2,1337.2,144,HideSpotCheck,-0.63,0.494,0.224,-0.2700
2,1352.2,144,HideSpotCheck,-0.65,0.224,-0.007,-0.2311
2,1368.6,144,SweepArea,-0.31,-0.087,-0.143,-0.0553
2,1379.3,144,HideSpotCheck,0.38,-0.007,0.126,0.1330
2,1424.6,144,Patrol,-0.78,-0.399,-0.509,-0.1102
2,1429.5,144,HideSpotCheck,0.20,0.126,0.178,0.0519
2,1431.6,144,HideSpotCheck,0.23,0.178,0.241,0.0635
2,1433.8,144,HideSpotCheck,0.23,0.241,0.302,0.0606
2,1436.0,144,HideSpotCheck,0.13,0.302,0.330,0.0288
2,1438.2,144,HideSpotCheck,0.03,0.330,0.328,-0.0022
2,1440.2,144,HideSpotCheck,-0.07,0.328,0.298,-0.0307
2,1442.3,144,HideSpotCheck,-0.77,0.298,0.057,-0.2403
2,1444.7,144,HideSpotCheck,-1.02,0.057,-0.241,-0.2983
2,1461.9,144,SweepArea,0.07,-0.143,-0.054,0.0889
2,1472.2,108,HideSpotCheck,0.15,0.201,0.220,0.0195
2,1481.9,108,HideSpotCheck,0.30,0.220,0.285,0.0650
2,1492.1,108,HideSpotCheck,0.30,0.285,0.340,0.0547
2,1501.9,108,SweepArea,-0.25,-0.012,-0.065,-0.0528
2,1503.9,144,HideSpotCheck,0.23,-0.241,-0.073,0.1682
2,1505.9,144,HideSpotCheck,0.23,-0.073,0.044,0.1172
2,1547.5,144,Patrol,-0.32,-0.509,-0.447,0.0615
2,1551.4,144,HideSpotCheck,0.38,0.044,0.168,0.1238
2,1551.7,144,HideSpotCheck,1.00,0.168,0.443,0.2749
2,1552.1,144,HideSpotCheck,1.00,0.443,0.637,0.1939
2,1554.7,144,HideSpotCheck,1.02,0.637,0.774,0.1368
2,1555.1,144,HideSpotCheck,0.76,0.774,0.793,0.0193
2,1555.4,144,HideSpotCheck,0.66,0.793,0.775,-0.0179
2,1555.8,144,HideSpotCheck,-0.04,0.775,0.548,-0.2267
2,1556.2,144,HideSpotCheck,-0.30,0.548,0.313,-0.2354
2,1556.5,144,HideSpotCheck,-0.55,0.313,0.072,-0.2410
2,1556.8,144,HideSpotCheck,-0.80,0.072,-0.173,-0.2449
2,1557.1,144,HideSpotCheck,-1.06,-0.173,-0.420,-0.2476
2,1557.4,144,HideSpotCheck,-1.31,-0.420,-0.670,-0.2495
2,1557.7,144,HideSpotCheck,-1.56,-0.670,-0.921,-0.2508
2,1558.0,144,HideSpotCheck,-1.82,-0.921,-1.172,-0.2518
2,1558.3,144,HideSpotCheck,10.00,-1.172,2.179,3.3517
3,1558.3,144,HideSpotCheck,-0.42,2.179,1.419,-0.7606
3,1558.7,120,Patrol,1.00,0.091,0.387,0.2961
3,1559.2,120,Patrol,1.00,0.387,0.593,0.2067
3,1559.5,120,Patrol,0.99,0.593,0.734,0.1408
3,1559.9,120,Patrol,-0.47,0.734,0.397,-0.3377
3,1575.1,90,InvestigateLastHeard,-0.50,0.080,0.101,0.0205
3,1586.3,144,HideSpotCheck,0.14,1.419,1.274,-0.1449
3,1597.1,144,HideSpotCheck,0.42,1.274,1.078,-0.1961
3,1597.8,108,HideSpotCheck,1.00,0.340,0.563,0.2229
3,1598.3,108,HideSpotCheck,0.89,0.563,0.687,0.1238
3,1601.2,108,HideSpotCheck,0.76,0.687,0.731,0.0439
3,1601.5,108,HideSpotCheck,0.66,0.731,0.727,-0.0034
3,1601.8,108,HideSpotCheck,-0.05,0.727,0.514,-0.2136
3,1602.1,108,HideSpotCheck,-0.30,0.514,0.288,-0.2259
3,1602.5,108,HideSpotCheck,-0.55,0.288,0.053,-0.2344
3,1602.8,108,HideSpotCheck,-0.81,0.053,-0.187,-0.2403
3,1603.1,108,HideSpotCheck,-1.06,-0.187,-0.431,-0.2444
3,1603.4,108,HideSpotCheck,-1.31,-0.431,-0.679,-0.2472
3,1603.6,108,HideSpotCheck,-1.57,-0.679,-0.928,-0.2491
3,1604.0,108,HideSpotCheck,-1.82,-0.928,-1.178,-0.2506
3,1604.4,108,HideSpotCheck,-2.07,-1.178,-1.430,-0.2520
3,1604.7,108,HideSpotCheck,-2.33,-1.430,-1.683,-0.2526
3,1605.0,108,HideSpotCheck,-2.58,-1.683,-1.936,-0.2530
3,1605.3,108,HideSpotCheck,-2.83,-1.936,-2.189,-0.2533
3,1605.6,108,HideSpotCheck,-3.09,-2.189,-2.443,-0.2535
3,1605.9,108,HideSpotCheck,-3.34,-2.443,-2.696,-0.2536
3,1606.2,108,HideSpotCheck,-3.59,-2.696,-2.950,-0.2537
3,1606.5,108,HideSpotCheck,-3.84,-2.950,-3.204,-0.2537
3,1606.8,108,HideSpotCheck,-4.10,-3.204,-3.457,-0.2537
3,1607.1,108,HideSpotCheck,-4.35,-3.457,-3.711,-0.2538
3,1607.6,108,HideSpotCheck,-4.40,-3.711,-3.905,-0.1942
3,1607.9,108,HideSpotCheck,-4.66,-3.905,-4.118,-0.2122
3,1608.2,108,HideSpotCheck,-4.91,-4.118,-4.342,-0.2247
3,1608.5,108,HideSpotCheck,10.00,-4.342,-0.038,4.3046
4,1608.5,108,HideSpotCheck,-0.26,-0.038,-0.040,-0.0018
4,1608.9,120,Patrol,1.20,0.397,0.661,0.2643
4,1609.2,120,Patrol,1.20,0.661,0.846,0.1846
4,1609.5,120,Patrol,1.20,0.846,0.974,0.1289
4,1609.8,120,Patrol,1.09,0.974,1.030,0.0560
4,1610.1,120,Patrol,-0.57,1.030,0.579,-0.4512
4,1655.3,90,Patrol,-1.10,0.016,-0.287,-0.3035
4,1655.6,144,HideSpotCheck,-0.50,1.078,0.923,-0.1550
4,1655.9,144,HideSpotCheck,-0.50,0.923,0.769,-0.1542
4,1656.2,144,HideSpotCheck,-0.50,0.769,0.615,-0.1533
4,1656.5,144,HideSpotCheck,-0.60,0.615,0.432,-0.1827
4,1656.8,144,HideSpotCheck,-0.70,0.432,0.220,-0.2120
4,1657.1,144,HideSpotCheck,-0.80,0.220,-0.021,-0.2410
4,1657.4,144,HideSpotCheck,-1.50,-0.021,-0.435,-0.4146
4,1658.9,144,SweepArea,-0.17,-0.054,-0.060,-0.0059
4,1660.4,144,SweepArea,-0.16,-0.060,-0.064,-0.0041
4,1661.8,144,SweepArea,-0.16,-0.064,-0.066,-0.0024
4,1663.3,144,SweepArea,-0.27,-0.066,-0.099,-0.0322
4,1687.1,144,SweepArea,-0.29,-0.099,-0.147,-0.0481
4,1710.3,144,SweepArea,-0.36,-0.147,-0.202,-0.0559
4,1716.8,144,SweepArea,0.14,-0.202,-0.081,0.1214
4,1717.1,144,SweepArea,10.00,-0.081,2.943,3.0244
5,1717.1,144,SweepArea,-0.42,2.943,1.971,-0.9724
5,1732.4,128,AmbushHotChoke,-0.50,0.171,0.239,0.0680
5,1740.0,144,SweepArea,-0.23,1.971,1.712,-0.2594
5,1769.6,144,Patrol,0.10,-0.447,-0.169,0.2780
5,1794.7,144,SweepArea,-0.74,1.712,1.120,-0.5919
5,1802.8,144,SweepArea,-0.07,1.120,0.984,-0.1359
5,1811.5,144,SweepArea,-0.24,0.984,0.806,-0.1782
5,1824.4,144,SweepArea,-0.23,0.806,0.621,-0.1849
5,1833.3,144,SweepArea,-0.29,0.621,0.466,-0.1543
5,1841.8,144,SweepArea,-0.54,0.466,0.256,-0.2104
5,1852.0,144,HideSpotCheck,0.30,-0.435,-0.168,0.2674
5,1861.4,144,SweepArea,-0.24,0.256,0.154,-0.1024
5,1871.4,144,HideSpotCheck,0.30,-0.168,0.001,0.1684
5,1880.7,144,SweepArea,-0.24,0.154,0.063,-0.0904
5,1890.3,144,SweepArea,-0.09,0.063,0.034,-0.0292
5,1900.2,144,HideSpotCheck,0.30,0.001,0.109,0.1083
5,1910.2,144,HideSpotCheck,0.15,0.109,0.141,0.0319
5,1920.1,144,HideSpotCheck,0.30,0.141,0.214,0.0734
5,1930.3,144,HideSpotCheck,0.20,0.214,0.248,0.0335
5,1940.0,144,HideSpotCheck,-0.05,0.248,0.205,-0.0432
5,1949.8,144,HideSpotCheck,0.00,0.205,0.154,-0.0508
5,1959.6,145,SweepArea,-0.25,-0.150,-0.170,-0.0200
5,1968.6,145,SweepArea,-0.09,-0.170,-0.136,0.0339
5,1977.5,145,SweepArea,-0.24,-0.136,-0.157,-0.0208
5,1984.2,145,HideSpotCheck,0.18,-0.175,-0.057,0.1182
5,1991.4,145,HideSpotCheck,0.38,-0.057,0.085,0.1415
5,2003.9,145,Patrol,0.93,-0.260,0.108,0.3676
6,2004.4,145,Patrol,-0.48,0.108,-0.054,-0.1617
6,2019.6,129,HeatSweep,-0.50,0.093,-0.065,-0.1573
6,2022.6,144,HideSpotCheck,0.22,0.154,0.213,0.0591
6,2024.8,144,HideSpotCheck,0.23,0.213,0.275,0.0619
6,2026.7,144,HideSpotCheck,0.23,0.275,0.336,0.0615
6,2028.7,144,HideSpotCheck,0.13,0.336,0.366,0.0293
6,2030.8,144,HideSpotCheck,0.03,0.366,0.363,-0.0030
6,2032.7,144,HideSpotCheck,-0.07,0.363,0.332,-0.0307
6,2034.7,144,HideSpotCheck,-0.77,0.332,0.091,-0.2409
6,2037.0,144,HideSpotCheck,-1.02,0.091,-0.217,-0.3077
6,2041.3,144,SweepArea,-0.19,0.034,-0.010,-0.0444
6,2045.2,144,SweepArea,-0.19,-0.010,-0.040,-0.0295
6,2048.8,144,SweepArea,-0.19,-0.040,-0.059,-0.0192
6,2052.4,144,SweepArea,-0.29,-0.059,-0.102,-0.0434
6,2055.9,144,SweepArea,-0.23,-0.102,-0.115,-0.0128
6,2060.1,144,SweepArea,-0.34,-0.115,-0.159,-0.0438
6,2064.0,144,SweepArea,-1.19,-0.159,-0.444,-0.2845
6,2068.1,144,SweepArea,-1.44,-0.444,-0.719,-0.2754
6,2070.0,144,HideSpotCheck,0.23,-0.217,-0.055,0.1613
6,2071.8,144,HideSpotCheck,0.23,-0.055,0.058,0.1133
6,2088.7,144,Patrol,1.00,-0.169,0.192,0.3619
6,2094.1,144,Patrol,-0.52,0.192,-0.002,-0.1941
6,2108.9,80,HeatSweep,0.00,0.192,0.149,-0.0430
6,2111.9,144,HideSpotCheck,0.22,0.058,0.132,0.0740
6,2113.8,144,HideSpotCheck,0.46,0.132,0.267,0.1351
6,2115.8,144,HideSpotCheck,0.23,0.267,0.328,0.0613
6,2117.6,144,HideSpotCheck,0.13,0.328,0.359,0.0304
6,2119.6,144,HideSpotCheck,0.03,0.359,0.358,-0.0012
6,2121.7,144,HideSpotCheck,-0.07,0.358,0.325,-0.0323
6,2123.6,144,HideSpotCheck,-0.77,0.325,0.086,-0.2396
6,2168.9,144,Patrol,-0.86,-0.002,-0.256,-0.2541
6,2174.8,116,AmbushHotChoke,-0.02,0.044,0.042,-0.0020
6,2178.2,116,AmbushHotChoke,-0.18,0.042,-0.005,-0.0472
6,2223.2,116,Patrol,-0.80,0.039,-0.210,-0.2488
6,2236.4,144,HideSpotCheck,0.29,0.086,0.162,0.0766
6,2245.4,144,HideSpotCheck,0.32,0.162,0.240,0.0780
6,2255.1,144,HideSpotCheck,0.15,0.240,0.258,0.0173
6,2264.9,144,HideSpotCheck,0.20,0.258,0.288,0.0306
6,2274.7,144,HideSpotCheck,0.10,0.288,0.248,-0.0402
6,2289.8,145,AmbushHotChoke,-0.37,-0.187,-0.231,-0.0439
6,2334.7,123,Patrol,-0.05,0.039,0.015,-0.0238
6,2339.1,145,HideSpotCheck,0.21,0.085,0.141,0.0565
6,2341.0,145,HideSpotCheck,0.23,0.141,0.207,0.0654
6,2342.9,145,HideSpotCheck,0.23,0.207,0.270,0.0639
6,2344.9,145,HideSpotCheck,0.13,0.270,0.302,0.0313
6,2389.9,145,Patrol,-0.95,-0.054,-0.320,-0.2663
6,2409.2,159,SweepArea,10.00,0.091,3.063,2.9728
7,2415.2,159,SweepArea,-0.60,3.063,1.984,-1.0795
7,2415.6,144,HideSpotCheck,-0.50,0.248,0.096,-0.1514
7,2415.9,144,HideSpotCheck,-0.50,0.096,-0.053,-0.1498
7,2417.2,144,SweepArea,-0.16,-0.719,-0.525,0.1943
7,2417.5,144,HideSpotCheck,-0.50,-0.053,-0.158,-0.1048
7,2417.8,144,HideSpotCheck,-0.50,-0.158,-0.231,-0.0733
7,2418.0,144,HideSpotCheck,-0.50,-0.231,-0.283,-0.0513
7,2463.1,144,Patrol,-0.95,-0.256,-0.461,-0.2054
7,2463.4,144,HideSpotCheck,-0.50,-0.283,-0.319,-0.0360
7,2463.7,144,HideSpotCheck,-0.50,-0.319,-0.344,-0.0252
7,2505.4,144,Patrol,0.10,-0.461,-0.290,0.1715
7,2518.2,108,HideSpotCheck,0.12,-0.040,0.023,0.0628
7,2533.4,108,HideSpotCheck,-0.63,0.023,-0.159,-0.1825
7,2547.8,108,SweepArea,-0.29,-0.065,-0.120,-0.0551
7,2563.5,108,SweepArea,-0.16,-0.120,-0.119,0.0017
7,2579.7,108,SweepArea,-0.31,-0.119,-0.164,-0.0450
7,2624.9,144,Patrol,-0.80,-0.290,-0.440,-0.1508
7,2628.5,144,HideSpotCheck,0.21,-0.344,-0.152,0.1919
7,2630.5,144,HideSpotCheck,0.23,-0.152,-0.011,0.1414
7,2632.5,144,HideSpotCheck,0.23,-0.011,0.088,0.0990
7,2634.3,144,HideSpotCheck,0.13,0.088,0.128,0.0399
7,2636.4,144,HideSpotCheck,0.03,0.128,0.133,0.0049
7,2638.2,144,HideSpotCheck,-0.07,0.133,0.109,-0.0241
7,2658.0,144,SweepArea,-0.15,-0.525,-0.400,0.1243
7,2658.4,144,HideSpotCheck,-0.50,0.109,-0.041,-0.1506
7,2658.6,144,HideSpotCheck,-0.50,-0.041,-0.150,-0.1084
7,2659.0,144,HideSpotCheck,-0.50,-0.150,-0.226,-0.0760
7,2659.4,144,HideSpotCheck,-0.60,-0.226,-0.309,-0.0832
7,2659.7,144,HideSpotCheck,-0.70,-0.309,-0.397,-0.0882
7,2704.9,144,Patrol,-0.95,-0.440,-0.591,-0.1505
7,2705.2,144,HideSpotCheck,-0.50,-0.397,-0.399,-0.0016
7,2705.5,144,HideSpotCheck,-0.50,-0.399,-0.400,-0.0012
7,2705.8,144,HideSpotCheck,-0.50,-0.400,-0.401,-0.0008
7,2713.0,144,SweepArea,0.09,-0.400,-0.234,0.1667
7,2719.6,144,SweepArea,-0.06,-0.234,-0.161,0.0723
7,2736.0,144,SweepArea,-0.01,-0.161,-0.104,0.0570
7,2744.5,144,SweepArea,-0.18,-0.104,-0.109,-0.0046
7,2759.0,144,SweepArea,-0.20,-0.109,-0.121,-0.0119
7,2803.9,144,Patrol,-0.13,-0.591,-0.451,0.1403
7,2807.9,144,HideSpotCheck,0.40,-0.401,-0.137,0.2641
7,2840.2,144,Patrol,0.86,-0.451,-0.055,0.3959
7,2842.4,144,Patrol,-0.80,-0.055,-0.274,-0.2190
8,2878.8,67,Patrol,0.04,0.095,0.082,-0.0130
8,2884.2,144,SweepArea,-0.20,-0.121,-0.124,-0.0026
8,2890.7,144,SweepArea,-0.22,-0.124,-0.130,-0.0063
8,2897.7,144,SweepArea,-0.22,-0.130,-0.136,-0.0060
8,2921.9,144,SweepArea,-0.16,-0.136,-0.134,0.0021
8,2938.4,144,SweepArea,-0.36,-0.134,-0.189,-0.0551
8,2983.5,144,Patrol,-0.80,-0.274,-0.429,-0.1553
8,2986.9,144,HideSpotCheck,0.22,-0.137,-0.006,0.1306
8,2988.9,144,HideSpotCheck,0.23,-0.006,0.092,0.0979
8,2993.5,144,SweepArea,-0.20,-0.189,-0.168,0.0210
8,2995.5,144,HideSpotCheck,0.23,0.092,0.160,0.0685
8,2997.5,144,HideSpotCheck,0.23,0.160,0.224,0.0640
8,2999.5,144,HideSpotCheck,0.23,0.224,0.287,0.0623
8,3044.7,144,Patrol,-0.72,-0.429,-0.512,-0.0834
8,3055.6,108,HideSpotCheck,0.14,-0.159,-0.053,0.1060
8,3070.9,108,HideSpotCheck,-0.63,-0.053,-0.213,-0.1598
8,3086.0,108,SweepArea,-0.30,-0.164,-0.165,-0.0017
8,3101.2,144,HideSpotCheck,-0.63,0.287,0.050,-0.2367
8,3116.4,144,HideSpotCheck,-0.65,0.050,-0.147,-0.1970
8,3131.6,144,HideSpotCheck,-0.63,-0.147,-0.280,-0.1326
8,3145.6,144,SweepArea,-0.29,-0.168,-0.190,-0.0222
8,3163.6,144,SweepArea,-0.33,-0.190,-0.220,-0.0304
8,3180.4,144,SweepArea,-0.32,-0.220,-0.237,-0.0165
8,3196.9,144,SweepArea,-0.26,-0.237,-0.232,0.0050
8,3213.4,144,SweepArea,-0.52,-0.232,-0.304,-0.0723
8,3228.6,144,HideSpotCheck,-0.64,-0.280,-0.373,-0.0932
8,3242.8,144,SweepArea,-0.29,-0.304,-0.286,0.0179
8,3259.3,144,SweepArea,-0.31,-0.286,-0.282,0.0044
8,3284.3,144,SweepArea,-0.35,-0.282,-0.296,-0.0141
8,3292.9,108,SweepArea,-0.34,-0.165,-0.198,-0.0329
8,3296.8,108,SweepArea,10.00,-0.198,2.861,3.0594
9,3297.2,108,SweepArea,1.11,2.861,2.356,-0.5056
9,3297.5,108,SweepArea,-0.53,2.356,1.510,-0.8454
9,3305.7,54,HideSpotCheck,0.17,0.031,0.092,0.0605
9,3314.5,144,SweepArea,-0.24,-0.296,-0.260,0.0362
9,3323.3,144,SweepArea,-0.24,-0.260,-0.234,0.0257
9,3332.3,144,SweepArea,-0.09,-0.234,-0.172,0.0623
9,3341.1,144,SweepArea,-0.34,-0.172,-0.203,-0.0309
9,3349.6,144,SweepArea,-0.28,-0.203,-0.208,-0.0051
9,3358.5,144,SweepArea,-0.54,-0.208,-0.288,-0.0805
9,3367.6,144,SweepArea,-1.09,-0.288,-0.510,-0.2218
9,3377.4,144,HideSpotCheck,0.30,-0.373,-0.152,0.2210
9,3387.6,144,HideSpotCheck,0.15,-0.152,-0.044,0.1075
9,3396.1,144,SweepArea,-0.24,-0.510,-0.409,0.1016
9,3406.7,144,HideSpotCheck,0.30,-0.044,0.075,0.1197
9,3416.9,144,HideSpotCheck,0.30,0.075,0.160,0.0843
9,3427.1,144,HideSpotCheck,0.15,0.160,0.184,0.0247
9,3437.0,144,HideSpotCheck,0.05,0.184,0.178,-0.0065
9,3447.0,144,HideSpotCheck,0.10,0.178,0.187,0.0089
9,3456.0,144,SweepArea,-0.24,-0.409,-0.323,0.0859
9,3465.5,144,HideSpotCheck,0.31,0.187,0.258,0.0712
9,3474.4,144,SweepArea,-0.24,-0.323,-0.249,0.0740
9,3484.2,144,HideSpotCheck,0.31,0.258,0.328,0.0698
9,3494.2,145,HideSpotCheck,0.15,0.302,0.310,0.0084
9,3504.2,145,HideSpotCheck,0.30,0.310,0.363,0.0530
9,3519.4,145,AmbushHotChoke,-0.36,-0.231,-0.260,-0.0288
9,3525.4,109,AmbushHotChoke,0.14,0.034,0.084,0.0502
9,3528.2,109,AmbushHotChoke,-0.18,0.084,0.028,-0.0568
9,3540.9,109,HideSpotCheck,0.12,0.077,0.103,0.0258
9,3556.1,109,HideSpotCheck,-0.63,0.103,-0.102,-0.2050
9,3570.3,109,SweepArea,-0.29,0.032,-0.013,-0.0445
9,3585.4,145,HideSpotCheck,-0.64,0.363,0.112,-0.2506
9,3600.4,145,HideSpotCheck,-0.65,0.112,-0.101,-0.2133
9,3611.0,145,HideSpotCheck,0.14,-0.101,-0.018,0.0825
9,3621.7,145,HideSpotCheck,0.04,-0.018,0.009,0.0275
9,3666.7,145,Patrol,-0.80,-0.320,-0.461,-0.1410
9,3670.7,145,HideSpotCheck,0.21,0.009,0.082,0.0728
9,3672.6,145,HideSpotCheck,0.23,0.082,0.149,0.0669
9,3674.7,145,HideSpotCheck,0.23,0.149,0.213,0.0644
9,3676.7,145,HideSpotCheck,0.13,0.213,0.246,0.0330
9,3678.6,145,HideSpotCheck,0.32,0.246,0.335,0.0893
9,3693.8,145,AmbushHotChoke,-0.59,-0.260,-0.349,-0.0897
9,3707.0,127,AmbushHotChoke,0.02,0.077,0.110,0.0332
9,3711.3,145,AmbushHotChoke,-0.19,-0.349,-0.222,0.1277
9,3714.2,145,AmbushHotChoke,-0.28,-0.222,-0.152,0.0694
9,3718.0,145,HideSpotCheck,0.40,0.335,0.438,0.1023
9,3720.0,145,HideSpotCheck,0.23,0.438,0.494,0.0564
9,3721.8,145,HideSpotCheck,0.23,0.494,0.550,0.0563
9,3726.2,145,AmbushHotChoke,-0.19,-0.152,-0.033,0.1188
9,3730.4,145,HideSpotCheck,0.40,0.550,0.638,0.0879
9,3732.3,145,HideSpotCheck,0.23,0.638,0.689,0.0511
9,3734.3,145,HideSpotCheck,0.23,0.689,0.738,0.0485
9,3736.1,145,HideSpotCheck,0.13,0.738,0.758,0.0199
9,3738.1,145,HideSpotCheck,0.03,0.758,0.745,-0.0126
9,3740.0,145,HideSpotCheck,-0.07,0.745,0.704,-0.0416
9,3741.9,145,HideSpotCheck,-0.77,0.704,0.453,-0.2507
9,3746.9,145,AmbushHotChoke,-0.20,-0.033,0.022,0.0552
9,3750.9,145,HideSpotCheck,0.40,0.453,0.547,0.0947
9,3752.9,145,HideSpotCheck,0.23,0.547,0.600,0.0529
9,3754.7,145,HideSpotCheck,0.23,0.600,0.654,0.0535
9,3770.0,145,AmbushHotChoke,-0.56,0.022,-0.150,-0.1718
9,3815.1,109,Patrol,-0.80,-0.167,-0.337,-0.1709
9,3815.4,145,HideSpotCheck,-0.50,0.654,0.500,-0.1537
9,3815.8,145,HideSpotCheck,-0.50,0.500,0.348,-0.1525
9,3816.1,145,HideSpotCheck,-0.50,0.348,0.196,-0.1518
9,3816.5,145,HideSpotCheck,-0.60,0.196,0.015,-0.1810
9,3816.8,145,HideSpotCheck,-0.70,0.015,-0.185,-0.1993
9,3829.4,145,AmbushHotChoke,-5.00,-0.150,-1.605,-1.4550
10,3830.7,145,AmbushHotChoke,0.01,-1.605,-1.072,0.5331
10,3835.1,144,HideSpotCheck,0.21,0.328,0.369,0.0418
10,3837.1,144,HideSpotCheck,0.23,0.369,0.428,0.0585
10,3839.0,144,HideSpotCheck,0.41,0.428,0.538,0.1100
10,3884.2,144,Patrol,-0.71,-0.512,-0.526,-0.0139
10,3895.9,108,HideSpotCheck,0.13,-0.213,0.139,0.3524
10,3912.7,108,SweepArea,-0.17,1.510,1.199,-0.3118
10,3929.2,108,SweepArea,-0.15,1.199,0.807,-0.3916
10,3945.7,126,SweepArea,-0.31,0.077,0.029,-0.0481
10,3960.8,144,HideSpotCheck,-0.55,0.538,0.285,-0.2533
10,3976.0,144,HideSpotCheck,-0.65,0.285,0.044,-0.2406
10,3992.0,144,SweepArea,-0.31,-0.249,-0.254,-0.0055
10,4003.2,144,HideSpotCheck,0.14,0.044,0.089,0.0449
10,4020.4,144,Patrol,0.83,-0.526,-0.109,0.4174
10,4024.4,144,Patrol,-0.62,-0.109,-0.255,-0.1460
10,4037.2,68,HideSpotCheck,0.12,0.081,0.107,0.0259
10,4082.3,122,Patrol,-0.80,0.086,-0.178,-0.2631
10,4127.5,146,Patrol,-0.80,0.091,-0.174,-0.2650
10,4130.8,144,HideSpotCheck,0.22,0.089,0.152,0.0636
10,4132.7,144,HideSpotCheck,0.23,0.152,0.217,0.0647
10,4177.9,144,Patrol,-0.58,-0.255,-0.350,-0.0950
10,4193.0,122,HeatSweep,-0.50,0.087,-0.076,-0.1633
10,4206.2,146,AmbushHotChoke,0.19,0.035,0.096,0.0609
10,4218.9,122,HideSpotCheck,10.00,0.078,3.054,2.9767
11,4219.4,122,HideSpotCheck,0.62,3.054,2.788,-0.2663
11,4234.5,122,HideSpotCheck,-0.50,2.788,1.831,-0.9568
11,4238.5,144,HideSpotCheck,0.21,0.217,0.269,0.0514
11,4240.4,144,HideSpotCheck,0.13,0.269,0.300,0.0313
11,4242.3,144,HideSpotCheck,0.03,0.300,0.301,0.0011
11,4244.3,144,HideSpotCheck,-0.07,0.301,0.271,-0.0295
12,4289.5,144,Patrol,-0.80,-0.350,-0.478,-0.1277
12,4302.7,144,HideSpotCheck,0.12,0.271,0.267,-0.0045
12,4317.7,144,HideSpotCheck,-0.63,0.267,0.035,-0.2322
12,4332.9,144,HideSpotCheck,-0.65,0.035,-0.158,-0.1923
12,4343.8,144,HideSpotCheck,0.28,-0.158,-0.011,0.1468
12,4354.8,144,HideSpotCheck,-0.06,-0.011,-0.009,0.0019
12,4370.1,144,HideSpotCheck,-0.95,-0.009,-0.278,-0.2695
12,4385.3,126,HideSpotCheck,-1.58,0.067,-0.414,-0.4816
12,4401.1,144,SweepArea,-0.31,-0.254,-0.257,-0.0031
12,4446.1,126,Patrol,-0.68,0.067,-0.156,-0.2223
12,4450.3,144,SweepArea,-0.19,-0.257,-0.214,0.0434
12,4454.8,144,SweepArea,-0.03,-0.214,-0.134,0.0795
12,4459.3,144,SweepArea,-0.19,-0.134,-0.129,0.0056
12,4463.4,144,SweepArea,-0.14,-0.129,-0.108,0.0206
12,4508.5,144,Patrol,-0.92,-0.478,-0.609,-0.1311
12,4523.3,144,SweepArea,-0.30,-0.108,-0.151,-0.0432
12,4539.9,144,SweepArea,-0.32,-0.151,-0.188,-0.0365
12,4556.3,126,SweepArea,-0.09,0.029,0.007,-0.0218
12,4573.4,144,SweepArea,-0.42,-0.188,-0.245,-0.0574
12,4590.1,126,SweepArea,-0.52,0.007,-0.138,-0.1448
12,4606.5,126,SweepArea,-0.46,-0.138,-0.222,-0.0847
12,4651.6,126,Patrol,-0.95,-0.156,-0.391,-0.2357
12,4655.8,144,SweepArea,-0.19,-0.245,-0.205,0.0402
12,4660.1,144,SweepArea,-0.19,-0.205,-0.178,0.0274
12,4665.1,144,SweepArea,-0.05,-0.178,-0.117,0.0610
12,4669.7,144,SweepArea,-0.30,-0.117,-0.147,-0.0302
12,4674.5,144,SweepArea,-0.25,-0.147,-0.154,-0.0073
12,4678.9,144,SweepArea,-0.34,-0.154,-0.187,-0.0330
12,4683.7,144,SweepArea,-1.20,-0.187,-0.467,-0.2801
12,4685.5,144,HideSpotCheck,0.23,-0.278,-0.098,0.1801
12,4690.0,144,SweepArea,-0.04,-0.467,-0.317,0.1503
12,4691.8,144,HideSpotCheck,0.23,-0.098,0.028,0.1261
12,4693.7,144,HideSpotCheck,0.23,0.028,0.115,0.0876
12,4695.8,144,HideSpotCheck,0.23,0.115,0.181,0.0654
12,4697.8,144,HideSpotCheck,0.13,0.181,0.215,0.0337
12,4699.7,144,HideSpotCheck,0.03,0.215,0.218,0.0031
12,4744.8,144,Patrol,-0.89,-0.609,-0.691,-0.0828
12,4762.1,126,SweepArea,0.11,-0.222,-0.095,0.1274
12,4762.4,144,HideSpotCheck,-0.50,0.218,0.067,-0.1510
12,4762.7,144,HideSpotCheck,-0.50,0.067,-0.074,-0.1408
12,4763.0,144,HideSpotCheck,-0.50,-0.074,-0.173,-0.0986
12,4763.3,144,HideSpotCheck,-0.60,-0.173,-0.272,-0.0990
12,4808.4,144,Patrol,-0.80,-0.691,-0.721,-0.0300
12,4812.3,144,HideSpotCheck,0.40,-0.272,-0.045,0.2263
12,4814.2,144,HideSpotCheck,0.23,-0.045,0.064,0.1099
12,4816.0,144,HideSpotCheck,0.23,0.064,0.141,0.0770
12,4818.0,144,HideSpotCheck,0.13,0.141,0.176,0.0350
12,4819.9,144,HideSpotCheck,0.03,0.176,0.181,0.0047
12,4821.9,144,HideSpotCheck,-0.07,0.181,0.155,-0.0266
12,4824.0,144,HideSpotCheck,-0.77,0.155,-0.082,-0.2362
12,4840.7,144,SweepArea,-0.02,-0.317,-0.213,0.1041
12,4869.7,127,Patrol,-0.19,0.045,-0.018,-0.0628
12,4884.7,127,AmbushHotChoke,-0.29,0.110,0.004,-0.1067
12,4901.4,129,SweepArea,-0.32,0.070,-0.034,-0.1044
12,4912.1,129,HideSpotCheck,0.37,0.060,0.169,0.1082
12,4944.2,129,Patrol,0.10,0.010,0.042,0.0321
12,4958.6,123,AmbushHotChoke,-0.29,0.070,-0.031,-0.1017
12,4971.0,147,HideSpotCheck,-5.00,0.052,-1.463,-1.5157
13,4971.5,147,HideSpotCheck,0.42,-1.463,-0.893,0.5705
13,4986.7,147,AmbushHotChoke,-0.50,0.033,-0.114,-0.1470
13,4995.7,126,SweepArea,0.25,-0.095,0.027,0.1223
13,5006.1,74,SweepArea,-0.25,0.100,0.011,-0.0887
13,5016.3,144,HideSpotCheck,0.15,-0.082,0.005,0.0865
13,5026.2,144,HideSpotCheck,0.30,0.005,0.112,0.1075
13,5035.8,144,HideSpotCheck,0.15,0.112,0.145,0.0329
13,5046.1,144,HideSpotCheck,0.05,0.145,0.142,-0.0037
13,5055.9,144,HideSpotCheck,0.10,0.142,0.155,0.0140
13,5084.7,144,Patrol,0.11,-0.721,-0.461,0.2607
13,5107.5,144,SweepArea,-0.16,-0.213,-0.183,0.0295
13,5117.1,144,HideSpotCheck,0.31,0.155,0.230,0.0742
13,5127.2,144,HideSpotCheck,0.15,0.230,0.247,0.0172
13,5137.1,144,HideSpotCheck,0.15,0.247,0.262,0.0154
13,5145.8,144,SweepArea,-0.24,-0.183,-0.149,0.0345
13,5155.7,144,HideSpotCheck,0.30,0.262,0.321,0.0592
13,5165.5,144,HideSpotCheck,0.30,0.321,0.374,0.0529
13,5175.4,144,HideSpotCheck,0.30,0.374,0.420,0.0457
13,5185.4,144,HideSpotCheck,0.05,0.420,0.384,-0.0356
13,5214.6,144,Patrol,-0.19,-0.461,-0.377,0.0842
13,5238.2,145,SweepArea,-0.17,-0.157,-0.157,0.0006
13,5247.2,145,SweepArea,-0.09,-0.157,-0.126,0.0301
13,5256.2,145,SweepArea,-0.24,-0.126,-0.151,-0.0244
13,5271.5,145,SweepArea,-0.10,-0.151,-0.129,0.0215
13,5278.1,145,SweepArea,-0.26,-0.129,-0.159,-0.0291
13,5323.3,145,Patrol,-0.95,-0.461,-0.607,-0.1456
13,5336.7,145,SweepArea,-0.28,-0.159,-0.189,-0.0300
13,5347.2,145,HideSpotCheck,0.63,-0.185,0.072,0.2562
13,5358.1,123,HideSpotCheck,0.49,0.057,0.199,0.1422
13,5368.6,123,HideSpotCheck,0.51,0.199,0.328,0.1283
13,5384.1,123,SweepArea,-0.30,0.001,-0.046,-0.0470
13,5399.1,123,HeatSweep,-0.62,0.022,-0.161,-0.1831
13,5411.8,57,AmbushHotChoke,-0.28,0.078,0.283,0.2053
13,5424.9,159,SweepArea,-0.04,1.984,1.426,-0.5583
13,5435.3,123,HideSpotCheck,0.30,0.328,0.376,0.0483
13,5446.4,123,HideSpotCheck,0.14,0.376,0.369,-0.0068
14,5491.4,123,Patrol,-0.80,0.015,-0.218,-0.2331
14,5493.0,144,SweepArea,-0.17,-0.149,-0.048,0.1010
14,5493.3,144,HideSpotCheck,-0.50,0.384,0.233,-0.1518
14,5493.7,144,HideSpotCheck,-0.50,0.233,0.081,-0.1513
14,5493.9,144,HideSpotCheck,-0.50,0.081,-0.064,-0.1452
14,5495.4,144,SweepArea,-0.16,-0.048,-0.056,-0.0077
14,5496.9,144,SweepArea,-0.16,-0.056,-0.061,-0.0050
14,5498.4,144,SweepArea,0.12,-0.061,0.021,0.0811
14,5499.7,144,SweepArea,-0.26,0.021,-0.037,-0.0575
14,5501.2,144,SweepArea,-0.37,-0.037,-0.108,-0.0710
14,5540.7,144,Patrol,0.03,-0.377,-0.252,0.1251
14,5544.0,144,HideSpotCheck,0.22,-0.064,0.045,0.1094
14,5549.1,144,SweepArea,-0.05,-0.108,-0.068,0.0401
14,5551.1,144,HideSpotCheck,0.23,0.045,0.127,0.0820
14,5596.3,144,Patrol,-0.80,-0.252,-0.414,-0.1621
14,5611.0,126,SweepArea,-0.30,0.027,-0.056,-0.0836
14,5621.2,126,SweepArea,0.10,-0.056,0.013,0.0693
14,5621.5,144,HideSpotCheck,-0.50,0.127,-0.023,-0.1506
14,5621.8,144,HideSpotCheck,-0.50,-0.023,-0.137,-0.1139
14,5623.1,144,SweepArea,-0.16,-0.068,-0.069,-0.0009
14,5643.5,144,SweepArea,-0.03,-0.069,0.028,0.0966
14,5659.5,108,SweepArea,-0.31,0.807,0.485,-0.3220
14,5675.7,144,SweepArea,-0.41,0.028,-0.091,-0.1191
14,5692.2,144,SweepArea,-0.52,-0.091,-0.206,-0.1146
14,5707.5,144,HideSpotCheck,-0.62,-0.137,-0.269,-0.1325
14,5721.8,144,SweepArea,-0.29,-0.206,-0.218,-0.0119
14,5738.5,126,SweepArea,-0.17,0.013,-0.028,-0.0414
14,5754.9,126,SweepArea,-0.31,-0.028,-0.101,-0.0728
14,5771.1,126,SweepArea,-0.26,-0.101,-0.136,-0.0346
14,5786.9,126,SweepArea,-0.36,-0.136,-0.190,-0.0537
14,5803.1,126,SweepArea,-0.61,-0.190,-0.303,-0.1136
14,5819.2,126,SweepArea,-1.16,-0.303,-0.547,-0.2442
14,5864.2,126,Patrol,-0.78,-0.391,-0.506,-0.1151
14,5868.3,144,SweepArea,-0.19,-0.218,-0.186,0.0322
14,5872.6,144,SweepArea,-0.19,-0.186,-0.164,0.0215
14,5896.1,144,SweepArea,-0.15,-0.164,-0.116,0.0481
14,5912.4,108,SweepArea,-0.41,0.485,0.228,-0.2566
14,5922.8,144,HideSpotCheck,0.38,-0.269,-0.057,0.2127
14,5923.4,144,HideSpotCheck,1.00,-0.057,0.287,0.3439
14,5926.3,144,HideSpotCheck,1.12,0.287,0.558,0.2712
14,5926.6,144,HideSpotCheck,0.86,0.558,0.669,0.1105
14,5926.9,144,HideSpotCheck,0.76,0.669,0.715,0.0461
14,5927.3,144,HideSpotCheck,0.66,0.715,0.716,0.0010
14,5927.6,144,HideSpotCheck,-0.05,0.716,0.505,-0.2106
14,5928.0,144,HideSpotCheck,-0.30,0.505,0.281,-0.2239
14,5928.3,144,HideSpotCheck,-0.55,0.281,0.048,-0.2330
14,5928.6,144,HideSpotCheck,-0.81,0.048,-0.191,-0.2394
14,5928.9,144,HideSpotCheck,-1.06,-0.191,-0.435,-0.2438
14,5929.3,144,HideSpotCheck,-1.31,-0.435,-0.682,-0.2470
14,5929.6,144,HideSpotCheck,-1.57,-0.682,-0.931,-0.2492
14,5929.9,144,HideSpotCheck,-1.82,-0.931,-1.182,-0.2507
14,5930.2,144,HideSpotCheck,-2.07,-1.182,-1.433,-0.2517
14,5930.6,144,HideSpotCheck,-2.33,-1.433,-1.686,-0.2524
14,5931.0,144,HideSpotCheck,-2.58,-1.686,-1.939,-0.2532
14,5931.4,144,HideSpotCheck,-2.84,-1.939,-2.193,-0.2538
14,5931.7,144,HideSpotCheck,-3.09,-2.193,-2.447,-0.2540
14,5932.1,144,HideSpotCheck,-3.34,-2.447,-2.701,-0.2542
14,5932.5,144,HideSpotCheck,-3.40,-2.701,-2.895,-0.1944
14,5932.9,144,HideSpotCheck,-3.65,-2.895,-3.108,-0.2125
14,5933.2,144,HideSpotCheck,-3.90,-3.108,-3.333,-0.2251
14,5933.6,144,HideSpotCheck,-4.16,-3.333,-3.567,-0.2339
14,5934.1,144,HideSpotCheck,-4.41,-3.567,-3.807,-0.2406
14,5934.5,144,HideSpotCheck,-4.67,-3.807,-4.052,-0.2450
14,5934.9,144,HideSpotCheck,-4.92,-4.052,-4.300,-0.2479
14,5935.3,144,HideSpotCheck,-5.18,-4.300,-4.550,-0.2500
14,5935.7,144,HideSpotCheck,-5.43,-4.550,-4.802,-0.2515
14,5936.1,144,HideSpotCheck,-5.68,-4.802,-5.054,-0.2525
14,5936.5,144,HideSpotCheck,-5.94,-5.054,-5.307,-0.2532
14,5937.0,144,HideSpotCheck,-6.19,-5.307,-5.561,-0.2540
14,5937.4,144,HideSpotCheck,-6.45,-5.561,-5.816,-0.2543
14,5938.9,144,HideSpotCheck,-6.71,-5.816,-6.074,-0.2584
14,5939.3,144,HideSpotCheck,10.00,-6.074,-1.252,4.8222
15,5939.3,144,HideSpotCheck,-0.32,-1.252,-0.896,0.3555
15,5939.7,120,Patrol,1.20,0.579,0.789,0.2094
15,5940.2,120,Patrol,1.20,0.789,0.935,0.1461
15,5940.6,120,Patrol,1.19,0.935,1.033,0.0981
15,5941.0,120,Patrol,-0.47,1.033,0.611,-0.4222
15,5949.1,90,InvestigateLastHeard,-0.23,0.101,0.021,-0.0798
15,5949.3,126,HideSpotCheck,-0.50,-0.414,-0.411,0.0034
15,5949.6,126,HideSpotCheck,-0.50,-0.411,-0.408,0.0024
15,5949.9,126,HideSpotCheck,-0.50,-0.408,-0.407,0.0017
15,5950.1,126,HideSpotCheck,-0.60,-0.407,-0.435,-0.0288
15,5950.4,126,HideSpotCheck,-0.70,-0.435,-0.486,-0.0502
15,5950.7,126,HideSpotCheck,-0.80,-0.486,-0.551,-0.0651
15,5968.5,126,SweepArea,-0.03,-0.547,-0.380,0.1678
15,5984.8,144,SweepArea,-0.31,-0.116,-0.162,-0.0462
15,5988.1,144,SweepArea,0.97,-0.162,0.198,0.3602
15,5993.7,144,SweepArea,-0.64,0.198,-0.037,-0.2351
15,5997.4,82,HeatSweep,10.00,0.086,3.062,2.9757
16,6001.3,82,HeatSweep,0.07,3.062,2.180,-0.8814
16,6014.5,90,HideSpotCheck,0.12,0.057,0.090,0.0335
16,6030.9,144,SweepArea,-0.31,-0.037,-0.107,-0.0702
16,6046.9,126,SweepArea,-0.31,-0.380,-0.346,0.0339
16,6062.9,126,SweepArea,-0.16,-0.346,-0.277,0.0685
16,6071.4,126,HideSpotCheck,0.37,-0.551,-0.255,0.2958
16,6071.9,126,HideSpotCheck,1.00,-0.255,0.147,0.4017
16,6072.2,126,HideSpotCheck,1.00,0.147,0.429,0.2826
16,6075.0,126,HideSpotCheck,1.01,0.429,0.627,0.1979
16,6075.5,126,HideSpotCheck,0.76,0.627,0.686,0.0589
16,6075.9,126,HideSpotCheck,0.66,0.686,0.696,0.0095
16,6076.3,126,HideSpotCheck,-0.05,0.696,0.491,-0.2048
16,6076.6,126,HideSpotCheck,-0.30,0.491,0.271,-0.2197
16,6076.9,126,HideSpotCheck,-0.56,0.271,0.041,-0.2300
16,6077.2,126,HideSpotCheck,-0.81,0.041,-0.196,-0.2372
16,6077.5,126,HideSpotCheck,-1.06,-0.196,-0.438,-0.2422
16,6077.8,126,HideSpotCheck,-1.31,-0.438,-0.684,-0.2457
16,6078.1,126,HideSpotCheck,-1.57,-0.684,-0.932,-0.2481
16,6078.4,126,HideSpotCheck,-1.82,-0.932,-1.182,-0.2498
16,6078.8,126,HideSpotCheck,-2.07,-1.182,-1.433,-0.2512
16,6079.0,126,HideSpotCheck,-2.33,-1.433,-1.685,-0.2520
16,6079.3,126,HideSpotCheck,-2.58,-1.685,-1.937,-0.2525
16,6079.6,126,HideSpotCheck,-2.83,-1.937,-2.190,-0.2529
16,6080.0,126,HideSpotCheck,-3.09,-2.190,-2.444,-0.2534
16,6080.3,126,HideSpotCheck,-3.34,-2.444,-2.697,-0.2535
16,6080.6,126,HideSpotCheck,-3.59,-2.697,-2.951,-0.2536
16,6080.9,126,HideSpotCheck,-3.84,-2.951,-3.205,-0.2536
16,6081.2,126,HideSpotCheck,-4.10,-3.205,-3.458,-0.2537
16,6081.5,126,HideSpotCheck,-4.15,-3.458,-3.652,-0.1937
16,6081.9,126,HideSpotCheck,-4.40,-3.652,-3.864,-0.2119
16,6082.1,126,HideSpotCheck,-4.66,-3.864,-4.088,-0.2244
16,6082.5,126,HideSpotCheck,-4.91,-4.088,-4.321,-0.2332
16,6082.8,126,HideSpotCheck,-5.16,-4.321,-4.561,-0.2394
16,6083.1,126,HideSpotCheck,-5.42,-4.561,-4.804,-0.2437
16,6083.4,126,HideSpotCheck,-5.67,-4.804,-5.051,-0.2466
16,6083.6,126,HideSpotCheck,-5.92,-5.051,-5.300,-0.2487
16,6084.0,126,HideSpotCheck,-6.18,-5.300,-5.550,-0.2503
16,6084.3,126,HideSpotCheck,-6.43,-5.550,-5.801,-0.2513
16,6084.6,126,HideSpotCheck,-6.68,-5.801,-6.053,-0.2521
16,6085.0,126,HideSpotCheck,-6.94,-6.053,-6.306,-0.2528
16,6085.3,126,HideSpotCheck,-7.19,-6.306,-6.559,-0.2533
16,6085.6,126,HideSpotCheck,-7.44,-6.559,-6.813,-0.2534
16,6086.0,126,HideSpotCheck,-7.70,-6.813,-7.067,-0.2538
16,6086.4,126,HideSpotCheck,-7.95,-7.067,-7.321,-0.2539
16,6086.7,126,HideSpotCheck,-8.20,-7.321,-7.575,-0.2539
16,6087.1,126,HideSpotCheck,-8.46,-7.575,-7.828,-0.2540
16,6087.4,126,HideSpotCheck,-8.71,-7.828,-8.082,-0.2539
16,6087.7,126,HideSpotCheck,-8.96,-8.082,-8.336,-0.2538
16,6088.1,126,HideSpotCheck,10.00,-8.336,-2.835,5.5011
17,6088.1,126,HideSpotCheck,-0.32,-2.835,-2.002,0.8333
17,6088.6,120,Patrol,1.20,0.611,0.811,0.2000
17,6088.9,120,Patrol,1.20,0.811,0.950,0.1396
17,6089.2,120,Patrol,1.19,0.950,1.044,0.0940
17,6089.6,120,Patrol,-0.46,1.044,0.616,-0.4277
17,6090.0,90,HideSpotCheck,-0.50,0.090,-0.060,-0.1505
17,6091.3,90,SweepArea,-0.16,0.026,-0.010,-0.0364
17,6106.5,90,InvestigateLastHeard,-0.50,0.021,-0.122,-0.1432
17,6121.5,144,SweepArea,-0.30,-0.107,-0.151,-0.0441
17,6138.0,144,SweepArea,-0.32,-0.151,-0.188,-0.0365
17,6147.4,144,SweepArea,0.91,-0.188,0.156,0.3440
17,6150.2,144,SweepArea,-0.65,0.156,-0.071,-0.2275
17,6152.9,66,AmbushHotChoke,-0.18,0.092,0.035,-0.0567
17,6198.2,66,Patrol,-0.80,0.087,-0.177,-0.2640
17,6207.8,144,SweepArea,0.11,-0.071,-0.001,0.0707
17,6209.9,102,HideSpotCheck,0.23,0.085,0.152,0.0667
17,6211.9,156,HideSpotCheck,0.23,0.084,0.151,0.0672
17,6213.7,156,HideSpotCheck,0.23,0.151,0.217,0.0654
17,6223.4,156,HeatSweep,0.05,0.001,0.034,0.0325
17,6223.7,148,HideSpotCheck,-0.50,0.067,-0.076,-0.1428
17,6234.9,148,SweepArea,-0.26,0.056,-0.003,-0.0590
17,6236.9,156,HideSpotCheck,0.39,0.217,0.326,0.1095
17,6282.1,156,Patrol,-0.93,0.086,-0.215,-0.3015
17,6299.4,144,SweepArea,-0.02,-0.001,0.005,0.0057
17,6316.2,144,SweepArea,-0.02,0.005,0.009,0.0045
17,6325.5,130,SweepArea,-0.24,0.091,0.008,-0.0832
17,6335.1,130,HideSpotCheck,0.31,0.080,0.164,0.0843
17,6344.9,130,HideSpotCheck,0.30,0.164,0.236,0.0717
18,6374.6,130,Patrol,0.10,0.066,0.084,0.0172
18,6397.5,144,SweepArea,-0.03,0.009,0.006,-0.0031
18,6406.4,144,SweepArea,-0.09,0.006,-0.003,-0.0089
18,6415.1,144,SweepArea,-0.09,-0.003,-0.009,-0.0061
18,6436.6,144,SweepArea,10.00,-0.009,2.995,3.0032
19,6440.4,144,SweepArea,-0.60,2.995,1.921,-1.0734
19,6442.1,90,SweepArea,0.98,-0.010,0.312,0.3218
19,6444.7,90,SweepArea,10.00,0.312,3.235,2.9233
20,6444.7,90,SweepArea,-0.39,3.235,2.295,-0.9395
20,6489.9,120,Patrol,-0.80,0.616,0.248,-0.3689
20,6535.2,144,Patrol,-0.95,-0.414,-0.519,-0.1052
20,6543.6,144,SweepArea,0.07,1.921,1.738,-0.1833
20,6560.3,144,SweepArea,-0.02,1.738,1.434,-0.3040
20,6569.0,144,SweepArea,-0.24,1.434,1.208,-0.2259
20,6578.0,144,SweepArea,-0.34,1.208,0.972,-0.2363
20,6586.9,144,SweepArea,-0.44,0.972,0.733,-0.2388
20,6615.8,144,Patrol,0.21,-0.519,-0.249,0.2695
20,6638.9,144,SweepArea,-0.10,0.733,0.490,-0.2426
20,6648.5,145,HideSpotCheck,0.31,0.072,0.155,0.0836
20,6658.6,145,HideSpotCheck,0.15,0.155,0.181,0.0261
20,6668.6,145,HideSpotCheck,0.15,0.181,0.204,0.0228
20,6678.9,145,HideSpotCheck,0.20,0.204,0.239,0.0348
20,6689.4,145,HideSpotCheck,0.09,0.239,0.237,-0.0014
20,6699.6,145,HideSpotCheck,0.00,0.237,0.208,-0.0296
20,6710.4,145,HideSpotCheck,-0.71,0.208,-0.031,-0.2389
20,6720.6,145,HideSpotCheck,-1.10,-0.031,-0.343,-0.3120
20,6731.0,145,SweepArea,-0.09,-0.189,-0.149,0.0400
20,6740.9,145,HideSpotCheck,0.15,-0.343,-0.186,0.1575
20,6749.4,145,SweepArea,-0.24,-0.149,-0.165,-0.0161
20,6759.7,145,SweepArea,-0.07,-0.165,-0.130,0.0343
20,6774.8,109,AmbushHotChoke,-0.50,0.028,-0.124,-0.1513
20,6790.5,145,SweepArea,-0.31,-0.130,-0.177,-0.0463
20,6835.6,145,Patrol,-0.80,-0.607,-0.664,-0.0568
20,6837.3,145,SweepArea,-0.17,-0.177,-0.159,0.0173
20,6838.6,145,SweepArea,-5.00,-0.159,-1.612,-1.4522
21,6862.4,145,SweepArea,-0.60,-1.612,-1.268,0.3436
21,6863.9,144,SweepArea,-0.16,0.490,0.430,-0.0601
21,6865.3,144,SweepArea,-0.16,0.430,0.372,-0.0580
21,6866.7,144,SweepArea,-0.26,0.372,0.285,-0.0876
21,6868.1,144,SweepArea,-0.36,0.285,0.169,-0.1151
21,6869.7,144,SweepArea,-0.47,0.169,0.026,-0.1435
21,6870.0,144,HideSpotCheck,-0.50,-0.896,-0.748,0.1481
21,6871.4,144,SweepArea,-0.16,0.026,-0.003,-0.0294
21,6872.9,144,SweepArea,-0.16,-0.003,-0.024,-0.0210
21,6874.2,144,SweepArea,-0.16,-0.024,-0.039,-0.0141
22,6899.1,144,Patrol,0.90,-0.249,0.100,0.3495
22,6899.7,144,Patrol,0.75,0.100,0.301,0.2013
22,6900.0,144,Patrol,-0.71,0.301,0.182,-0.1193
22,6922.8,90,SweepArea,-0.08,2.295,1.592,-0.7028
22,6932.7,126,HideSpotCheck,0.43,-2.002,-1.240,0.7619
22,6961.9,144,Patrol,-0.19,0.182,0.076,-0.1057
22,6962.2,126,HideSpotCheck,-0.50,-1.240,-0.989,0.2511
22,6985.2,126,SweepArea,-0.21,-0.277,-0.249,0.0287
22,6993.8,126,SweepArea,-0.08,-0.249,-0.180,0.0683
22,7002.4,126,SweepArea,-0.08,-0.180,-0.133,0.0477
22,7011.6,126,SweepArea,-0.19,-0.133,-0.131,0.0012
22,7020.7,126,SweepArea,-0.44,-0.131,-0.206,-0.0743
22,7029.7,126,SweepArea,-0.39,-0.206,-0.242,-0.0364
22,7038.9,126,SweepArea,-1.24,-0.242,-0.524,-0.2815
22,7054.1,126,Patrol,0.90,-0.506,-0.070,0.4364
22,7058.1,126,Patrol,-0.59,-0.070,-0.216,-0.1456
22,7077.5,87,SweepArea,-0.34,0.094,-0.032,-0.1260
22,7087.3,145,HideSpotCheck,0.35,-0.186,-0.016,0.1697
22,7094.1,145,HideSpotCheck,0.18,-0.016,0.054,0.0701
22,7101.3,145,SweepArea,-0.02,-1.268,-0.882,0.3855
22,7110.1,145,SweepArea,-0.24,-0.882,-0.679,0.2039
22,7119.8,145,HideSpotCheck,0.30,0.054,0.139,0.0849
22,7126.8,145,HideSpotCheck,0.18,0.139,0.180,0.0414
22,7133.7,145,HideSpotCheck,0.39,0.180,0.280,0.0996
22,7142.5,145,SweepArea,-0.24,-0.679,-0.493,0.1858
22,7152.4,145,HideSpotCheck,0.30,0.280,0.337,0.0571
22,7162.5,145,HideSpotCheck,0.15,0.337,0.341,0.0037
22,7172.7,145,HideSpotCheck,0.15,0.341,0.343,0.0026
22,7182.5,145,HideSpotCheck,0.20,0.343,0.364,0.0202
22,7192.4,145,HideSpotCheck,0.10,0.364,0.351,-0.0127
22,7202.4,145,HideSpotCheck,-0.15,0.351,0.264,-0.0873
22,7212.1,145,HideSpotCheck,-0.70,0.264,0.023,-0.2402
22,7222.3,145,HideSpotCheck,-1.10,0.023,-0.305,-0.3286
22,7232.1,145,HideSpotCheck,-1.20,-0.305,-0.563,-0.2581
22,7260.7,145,Patrol,-0.02,-0.664,-0.468,0.1959
22,7275.8,145,AmbushHotChoke,-0.50,-1.072,-0.896,0.1759
22,7290.4,147,HeatSweep,0.00,0.032,0.031,-0.0011
22,7333.7,145,Patrol,-0.33,-0.468,-0.426,0.0414
22,7347.1,147,HeatSweep,-0.13,0.031,-0.011,-0.0418
23,7392.2,145,Patrol,-0.80,-0.426,-0.536,-0.1094
23,7435.0,144,Patrol,0.01,0.076,0.060,-0.0162
23,7437.5,144,HideSpotCheck,0.22,-0.748,-0.430,0.3180
23,7473.7,144,Patrol,0.16,0.060,0.094,0.0336
23,7487.3,134,AmbushHotChoke,0.01,0.092,0.083,-0.0084
23,7532.5,144,Patrol,-0.95,0.094,-0.217,-0.3109
23,7540.5,144,SweepArea,-0.05,-0.039,-0.022,0.0168
23,7549.4,144,SweepArea,-0.24,-0.022,-0.068,-0.0464
23,7558.0,144,SweepArea,-0.09,-0.068,-0.054,0.0139
23,7566.6,144,SweepArea,-0.18,-0.054,-0.074,-0.0196
23,7595.4,144,Patrol,0.11,-0.217,-0.111,0.1056
23,7618.3,144,SweepArea,-0.22,-0.074,-0.108,-0.0341
23,7627.2,144,SweepArea,-0.24,-0.108,-0.129,-0.0206
23,7656.4,144,Patrol,-0.19,-0.111,-0.132,-0.0206
23,7679.0,145,SweepArea,-0.22,-0.493,-0.405,0.0878
23,7688.1,145,SweepArea,-0.09,-0.405,-0.301,0.1041
23,7689.2,145,SweepArea,0.99,-0.301,0.113,0.4143
23,7690.1,145,SweepArea,-0.50,0.113,-0.051,-0.1646
23,7698.0,97,SweepArea,-0.43,0.077,-0.056,-0.1328
23,7726.7,151,Patrol,-0.19,0.096,0.015,-0.0812
23,7751.7,145,SweepArea,-0.61,-0.051,-0.188,-0.1366
23,7763.2,123,AmbushHotChoke,0.04,-0.031,0.003,0.0341
23,7776.1,99,HideSpotCheck,0.12,0.081,0.106,0.0249
24,7821.2,153,Patrol,-0.80,0.084,-0.179,-0.2625
24,7834.1,126,HideSpotCheck,0.12,-0.989,-0.640,0.3484
24,7879.3,126,Patrol,-0.80,-0.216,-0.389,-0.1730
24,7883.5,144,SweepArea,-0.19,-0.129,-0.124,0.0046
24,7887.9,144,SweepArea,-0.19,-0.124,-0.121,0.0028
24,7911.2,144,SweepArea,-0.10,-0.121,-0.106,0.0153
24,7956.4,144,Patrol,-0.80,-0.132,-0.330,-0.1979
24,7958.2,144,SweepArea,-0.02,-0.106,-0.052,0.0540
24,7959.6,144,SweepArea,-0.16,-0.052,-0.058,-0.0064
24,7961.5,144,SweepArea,-0.17,-0.058,-0.064,-0.0062
24,7963.1,144,SweepArea,-0.27,-0.064,-0.097,-0.0330
24,7988.2,144,SweepArea,-0.72,-0.097,-0.276,-0.1786
24,8005.5,144,SweepArea,-0.32,-0.276,-0.278,-0.0019
24,8014.6,144,SweepArea,-1.24,-0.278,-0.548,-0.2702
24,8044.0,144,Patrol,0.13,-0.330,-0.184,0.1457
24,8066.5,126,SweepArea,-0.21,-0.524,-0.419,0.1047
24,8095.7,126,Patrol,-0.19,-0.389,-0.323,0.0656
24,8140.7,126,Patrol,-0.73,-0.323,-0.443,-0.1197
24,8180.3,144,Patrol,0.00,-0.184,-0.120,0.0643
24,8193.3,108,SweepArea,-0.28,0.228,0.111,-0.1175
24,8208.4,108,HideSpotCheck,-0.62,0.139,-0.070,-0.2097
24,8222.5,108,SweepArea,-0.29,0.111,0.007,-0.1042
24,8239.9,108,SweepArea,-0.32,0.007,-0.081,-0.0877
24,8241.9,108,HideSpotCheck,0.23,-0.070,0.045,0.1155
24,8257.1,108,HideSpotCheck,-0.63,0.045,-0.143,-0.1882
24,8266.3,108,SweepArea,-0.24,-0.081,-0.111,-0.0297
24,8305.5,144,Patrol,-0.13,-0.120,-0.119,0.0005
24,8317.2,145,AmbushHotChoke,-0.01,-0.896,-0.628,0.2680
24,8330.3,109,SweepArea,-0.28,-0.013,-0.090,-0.0774
24,8336.9,109,AmbushHotChoke,-0.01,-0.124,-0.087,0.0371
24,8340.8,109,AmbushHotChoke,-0.19,-0.087,-0.113,-0.0262
24,8354.5,109,SweepArea,-0.29,-0.090,-0.147,-0.0563
24,8365.4,109,HideSpotCheck,0.30,-0.102,0.021,0.1231
24,8410.7,109,Patrol,-0.95,-0.337,-0.520,-0.1830
24,8422.6,145,SweepArea,-0.27,-0.188,-0.200,-0.0124
24,8429.6,127,HideSpotCheck,0.18,-0.050,0.034,0.0842
24,8439.7,127,HideSpotCheck,0.55,0.034,0.192,0.1579
24,8446.9,109,HideSpotCheck,0.18,0.021,0.072,0.0513
25,8492.5,109,Patrol,-0.81,-0.520,-0.603,-0.0828
26,8537.7,144,Patrol,-0.80,-0.119,-0.321,-0.2017
26,8542.4,144,SweepArea,-0.01,-0.548,-0.363,0.1852
26,8543.8,144,Patrol,0.99,-0.321,0.095,0.4162
26,8547.1,144,Patrol,-0.38,0.095,-0.026,-0.1208
26,8552.1,98,HideSpotCheck,0.20,0.096,0.145,0.0491
26,8568.5,152,SweepArea,0.00,0.077,0.063,-0.0137
26,8576.8,152,HideSpotCheck,10.00,0.020,3.015,2.9949
27,8578.5,152,HideSpotCheck,0.45,3.015,2.263,-0.7517
27,8623.6,144,Patrol,-0.87,-0.026,-0.276,-0.2500
27,8664.7,144,Patrol,-0.01,-0.276,-0.193,0.0831
27,8677.3,144,HideSpotCheck,0.27,-0.430,-0.203,0.2270
27,8722.5,144,Patrol,-0.80,-0.193,-0.372,-0.1798
27,8722.8,144,HideSpotCheck,-0.50,-0.203,-0.263,-0.0598
27,8767.8,144,Patrol,-0.05,-0.372,-0.273,0.0998
27,8771.9,144,SweepArea,-0.19,-0.363,-0.287,0.0755
27,8773.8,144,HideSpotCheck,0.23,-0.263,-0.088,0.1749
27,8775.8,144,HideSpotCheck,0.23,-0.088,0.034,0.1225
27,8777.6,144,HideSpotCheck,0.23,0.034,0.120,0.0862
27,8779.5,144,HideSpotCheck,0.13,0.120,0.156,0.0358
27,8783.3,144,SweepArea,10.00,-0.287,2.799,3.0862
28,8784.4,144,SweepArea,0.10,2.799,2.009,-0.7898
28,8799.7,60,HideSpotCheck,-0.50,0.084,0.183,0.0996
28,8801.1,144,SweepArea,-0.16,2.009,1.917,-0.0917
28,8802.8,144,SweepArea,-0.17,1.917,1.820,-0.0977
28,8804.3,144,SweepArea,-0.17,1.820,1.729,-0.0903
28,8813.0,144,Patrol,1.06,-0.273,0.144,0.4170
28,8813.6,144,Patrol,-0.50,0.144,-0.031,-0.1750
28,8816.2,74,AmbushHotChoke,-0.18,0.032,-0.006,-0.0384
28,8831.4,74,HideSpotCheck,-0.46,0.092,-0.063,-0.1550
28,8838.1,112,AmbushHotChoke,-0.22,0.038,0.350,0.3120
28,8851.9,122,HideSpotCheck,0.27,1.831,1.635,-0.1966
28,8862.8,122,HideSpotCheck,0.14,1.635,1.466,-0.1688
28,8873.1,122,HideSpotCheck,0.30,1.466,1.376,-0.0895
28,8884.0,122,HideSpotCheck,0.04,1.376,1.213,-0.1637
28,8894.9,122,HideSpotCheck,0.10,1.213,1.086,-0.1266
28,8905.5,122,HideSpotCheck,-0.16,1.086,0.902,-0.1838
28,8916.4,122,HideSpotCheck,-0.70,0.902,0.575,-0.3269
28,8931.4,122,HideSpotCheck,-1.87,0.575,-0.080,-0.6549
28,8934.3,122,AmbushHotChoke,-0.01,0.053,0.056,0.0032
28,8937.7,122,AmbushHotChoke,-0.18,0.056,0.006,-0.0505
28,8951.2,122,SweepArea,-0.29,0.019,-0.060,-0.0783
28,8958.1,122,AmbushHotChoke,10.00,0.006,3.004,2.9984
29,8959.5,122,AmbushHotChoke,0.07,3.004,2.436,-0.5683
29,8961.0,90,SweepArea,-0.17,1.592,1.506,-0.0862
29,8962.6,90,SweepArea,-0.17,1.506,1.422,-0.0842
29,8964.1,90,SweepArea,-0.16,1.422,1.427,0.0052
29,8965.6,144,SweepArea,-0.27,1.729,1.610,-0.1195
29,8967.1,144,SweepArea,-0.36,1.610,1.465,-0.1447
29,8985.1,144,SweepArea,-0.33,1.465,1.101,-0.3644
29,9024.0,144,Patrol,0.03,-0.031,0.034,0.0642
29,9028.2,144,SweepArea,-0.19,1.101,0.980,-0.1211
29,9030.3,144,HideSpotCheck,0.23,0.156,0.443,0.2866
29,9035.1,144,SweepArea,-0.20,0.980,0.856,-0.1237
29,9039.5,144,SweepArea,-0.04,0.856,0.790,-0.0656
29,9043.7,144,SweepArea,-0.04,0.790,0.732,-0.0583
29,9048.5,144,SweepArea,-0.30,0.732,0.595,-0.1374
29,9053.1,144,SweepArea,-0.24,0.595,0.484,-0.1108
29,9098.3,144,Patrol,-0.71,0.034,-0.187,-0.2202
29,9113.0,108,SweepArea,-0.30,-0.111,-0.153,-0.0419
29,9129.2,126,SweepArea,-0.16,-0.419,-0.328,0.0905
29,9145.7,126,SweepArea,-0.31,-0.328,-0.312,0.0168
29,9162.3,126,SweepArea,-0.42,-0.312,-0.330,-0.0187
29,9178.1,126,SweepArea,-0.36,-0.330,-0.325,0.0055
29,9194.6,126,SweepArea,-0.25,-0.325,-0.291,0.0342
29,9203.4,108,HideSpotCheck,0.32,-0.143,0.013,0.1565
29,9203.7,108,HideSpotCheck,1.00,0.013,0.336,0.3224
29,9204.1,108,HideSpotCheck,1.00,0.336,0.562,0.2260
29,9206.9,108,HideSpotCheck,1.01,0.562,0.720,0.1584
29,9207.3,108,HideSpotCheck,0.76,0.720,0.755,0.0346
29,9207.6,108,HideSpotCheck,0.66,0.755,0.745,-0.0100
29,9207.9,108,HideSpotCheck,-0.05,0.745,0.527,-0.2182
29,9208.2,108,HideSpotCheck,-0.30,0.527,0.298,-0.2290
29,9208.5,108,HideSpotCheck,-0.55,0.298,0.061,-0.2365
29,9208.8,108,HideSpotCheck,-0.80,0.061,-0.181,-0.2418
29,9209.1,108,HideSpotCheck,-1.06,-0.181,-0.426,-0.2455
29,9209.4,108,HideSpotCheck,-1.31,-0.426,-0.674,-0.2480
29,9209.7,108,HideSpotCheck,-1.56,-0.674,-0.924,-0.2498
29,9210.1,108,HideSpotCheck,-1.82,-0.924,-1.175,-0.2514
29,9210.4,108,HideSpotCheck,-2.07,-1.175,-1.428,-0.2521
29,9210.8,108,HideSpotCheck,-2.32,-1.428,-1.681,-0.2530
29,9211.1,108,HideSpotCheck,-2.58,-1.681,-1.934,-0.2533
29,9211.5,108,HideSpotCheck,-2.83,-1.934,-2.187,-0.2535
29,9211.8,108,HideSpotCheck,-3.08,-2.187,-2.441,-0.2536
29,9212.1,108,HideSpotCheck,-3.34,-2.441,-2.695,-0.2537
29,9212.4,108,HideSpotCheck,-3.59,-2.695,-2.948,-0.2537
29,9212.7,108,HideSpotCheck,-3.84,-2.948,-3.202,-0.2537
29,9213.1,108,HideSpotCheck,-4.10,-3.202,-3.456,-0.2540
29,9213.4,108,HideSpotCheck,-4.35,-3.456,-3.710,-0.2540
29,9213.7,108,HideSpotCheck,-4.40,-3.710,-3.904,-0.1940
29,9214.0,108,HideSpotCheck,-4.66,-3.904,-4.116,-0.2121
29,9214.4,108,HideSpotCheck,-4.91,-4.116,-4.341,-0.2246
29,9214.7,108,HideSpotCheck,10.00,-4.341,-0.039,4.3022
30,9214.7,108,HideSpotCheck,-0.26,-0.039,-0.064,-0.0258
30,9215.0,120,Patrol,1.20,0.248,0.557,0.3090
30,9215.4,120,Patrol,1.20,0.557,0.772,0.2159
30,9215.7,120,Patrol,1.20,0.772,0.923,0.1508
30,9216.1,120,Patrol,1.09,0.923,0.994,0.0710
30,9216.4,120,Patrol,-0.57,0.994,0.917,-0.0776
30,9218.1,90,SweepArea,-0.17,1.427,1.343,-0.0844
30,9219.4,90,SweepArea,-0.16,1.343,1.267,-0.0764
30,9220.9,90,SweepArea,-0.16,1.267,1.189,-0.0771
30,9260.8,90,Patrol,0.00,-0.287,-0.182,0.1054
30,9269.6,144,SweepArea,1.14,0.484,0.696,0.2126
30,9271.0,144,SweepArea,-0.52,0.696,0.359,-0.3379
30,9278.9,80,HeatSweep,0.07,0.149,0.142,-0.0072
30,9285.0,116,HeatSweep,-0.03,0.031,0.030,-0.0010
30,9297.5,134,AmbushHotChoke,0.02,0.083,0.136,0.0522
30,9297.8,144,HideSpotCheck,-0.50,0.443,0.291,-0.1520
30,9299.3,144,SweepArea,-0.17,0.359,0.301,-0.0575
30,9299.6,144,HideSpotCheck,-0.50,0.291,0.143,-0.1484
30,9301.0,144,SweepArea,-0.16,0.301,0.246,-0.0549
30,9302.5,144,SweepArea,-0.16,0.246,0.191,-0.0549
30,9303.9,144,SweepArea,-0.16,0.191,0.138,-0.0533
30,9304.2,144,HideSpotCheck,-0.50,0.143,-0.008,-0.1506
30,9349.2,144,Patrol,-0.91,-0.187,-0.400,-0.2136
30,9357.4,144,SweepArea,0.12,0.138,0.152,0.0138
30,9369.4,146,AmbushHotChoke,-0.04,0.096,0.069,-0.0271
30,9382.9,116,HeatSweep,0.01,0.030,0.048,0.0183
31,9427.9,144,Patrol,-0.80,-0.400,-0.516,-0.1154
31,9433.0,144,SweepArea,-0.20,0.152,0.081,-0.0708
31,9439.3,144,SweepArea,-0.21,0.081,0.014,-0.0665
31,9446.0,144,SweepArea,-0.22,0.014,-0.034,-0.0485
31,9447.8,144,HideSpotCheck,0.23,-0.008,0.091,0.0989
31,9449.7,144,HideSpotCheck,0.23,0.091,0.160,0.0689
31,9451.7,144,HideSpotCheck,0.23,0.160,0.224,0.0646
31,9453.6,144,HideSpotCheck,0.13,0.224,0.257,0.0329
31,9455.7,144,HideSpotCheck,0.03,0.257,0.258,0.0010
31,9457.6,144,HideSpotCheck,-0.07,0.258,0.230,-0.0278
31,9502.6,144,Patrol,-0.80,-0.516,-0.598,-0.0825
31,9516.8,126,SweepArea,-0.29,-0.291,-0.277,0.0138
31,9532.4,126,SweepArea,-0.01,-0.277,-0.164,0.1125
31,9577.4,144,Patrol,-0.89,-0.598,-0.684,-0.0858
31,9591.7,126,SweepArea,-0.29,-0.164,-0.189,-0.0243
31,9607.7,126,SweepArea,-0.16,-0.189,-0.167,0.0222
31,9624.1,126,SweepArea,-0.31,-0.167,-0.198,-0.0315
31,9640.5,126,SweepArea,-0.26,-0.198,-0.205,-0.0067
31,9656.7,126,SweepArea,-0.51,-0.205,-0.284,-0.0793
31,9673.1,126,SweepArea,-0.46,-0.284,-0.325,-0.0406
31,9689.5,126,SweepArea,-1.31,-0.325,-0.609,-0.2842
31,9734.6,126,Patrol,-0.80,-0.443,-0.544,-0.1007
31,9759.7,144,SweepArea,-0.33,-0.034,-0.102,-0.0683
31,9760.0,144,HideSpotCheck,-0.50,0.230,0.080,-0.1505
31,9760.3,144,HideSpotCheck,-0.50,0.080,-0.064,-0.1443
31,9760.6,144,HideSpotCheck,-0.50,-0.064,-0.166,-0.1011
31,9760.9,144,HideSpotCheck,-0.60,-0.166,-0.266,-0.1008
31,9774.9,144,SweepArea,0.06,-0.102,-0.040,0.0620
31,9779.6,108,HideSpotCheck,0.36,-0.064,0.085,0.1497
31,9786.9,108,HideSpotCheck,0.18,0.085,0.132,0.0468
31,9796.1,108,SweepArea,-0.09,-0.153,-0.109,0.0440
31,9804.7,108,SweepArea,-0.24,-0.109,-0.128,-0.0189
31,9814.0,144,SweepArea,-0.09,-0.040,-0.038,0.0028
31,9824.2,144,SweepArea,-0.35,-0.038,-0.114,-0.0766
31,9833.0,144,SweepArea,-0.44,-0.114,-0.193,-0.0785
31,9848.0,144,SweepArea,-0.37,-0.193,-0.212,-0.0197
31,9863.1,128,AmbushHotChoke,-0.50,0.239,0.050,-0.1888
31,9865.7,128,AmbushHotChoke,-0.18,0.050,0.000,-0.0494
31,9879.9,128,SweepArea,-0.29,0.007,-0.069,-0.0753
31,9888.3,144,SweepArea,-0.08,-0.212,-0.155,0.0578
31,9896.9,144,SweepArea,-0.24,-0.155,-0.160,-0.0051
31,9905.7,144,SweepArea,-0.18,-0.160,-0.148,0.0118
31,9915.7,144,HideSpotCheck,0.15,-0.266,-0.124,0.1428
31,9926.0,144,HideSpotCheck,0.15,-0.124,-0.025,0.0985
31,9935.7,144,HideSpotCheck,0.30,-0.025,0.092,0.1170
31,9945.8,144,HideSpotCheck,0.05,0.092,0.097,0.0046
31,9974.8,144,Patrol,0.11,-0.684,-0.439,0.2448
31,9975.1,144,HideSpotCheck,-0.50,0.097,-0.053,-0.1498
31,9975.5,144,HideSpotCheck,-0.50,-0.053,-0.158,-0.1050
31,9998.1,144,SweepArea,-0.22,-0.148,-0.159,-0.0116
31,10008.0,144,HideSpotCheck,0.30,-0.158,-0.002,0.1564
31,10023.6,144,Patrol,0.91,-0.439,-0.024,0.4156
31,10027.4,144,Patrol,-0.66,-0.024,-0.206,-0.1824
31,10072.0,87,Patrol,-0.35,0.077,-0.047,-0.1238
31,10086.2,131,HeatSweep,-0.06,0.099,0.066,-0.0332
31,10118.5,131,Patrol,-0.02,0.045,0.045,0.0009
31,10123.0,123,HideSpotCheck,0.21,0.369,0.408,0.0391
31,10125.1,123,HideSpotCheck,0.23,0.408,0.464,0.0560
31,10127.0,123,HideSpotCheck,0.23,0.464,0.520,0.0562
31,10129.0,123,HideSpotCheck,0.13,0.520,0.544,0.0239
31,10131.1,123,HideSpotCheck,0.03,0.544,0.536,-0.0079
31,10146.3,123,AmbushHotChoke,-0.65,0.003,-0.190,-0.1926
31,10161.6,147,SweepArea,-0.14,0.027,-0.015,-0.0428
31,10190.5,145,Patrol,-0.02,-0.536,-0.379,0.1570
31,10190.8,145,HideSpotCheck,-0.50,-0.563,-0.529,0.0341
31,10213.7,145,SweepArea,-0.38,-0.200,-0.249,-0.0487
31,10222.5,145,SweepArea,-0.24,-0.249,-0.236,0.0131
31,10237.6,145,AmbushHotChoke,-0.48,-0.628,-0.571,0.0572
31,10282.7,137,Patrol,-0.88,0.089,-0.185,-0.2746
31,10295.9,123,HeatSweep,0.02,-0.161,-0.100,0.0614
31,10312.6,145,SweepArea,-0.32,-0.236,-0.249,-0.0135
31,10327.7,131,HideSpotCheck,-0.63,0.084,-0.118,-0.2020
31,10342.6,131,SweepArea,-0.30,0.068,-0.030,-0.0986
31,10356.8,131,HeatSweep,0.04,0.066,0.070,0.0037
31,10369.7,137,HeatSweep,-0.28,0.010,-0.050,-0.0605
31,10373.7,129,HideSpotCheck,0.38,0.169,0.237,0.0682
31,10414.8,147,Patrol,-0.31,0.014,-0.081,-0.0946
31,10428.6,131,HeatSweep,-0.06,0.070,0.044,-0.0261
31,10460.6,131,Patrol,-0.22,0.045,-0.031,-0.0763
31,10465.0,135,HideSpotCheck,0.36,0.061,0.166,0.1052
31,10467.0,135,HideSpotCheck,0.23,0.166,0.230,0.0642
31,10468.8,135,HideSpotCheck,0.23,0.230,0.294,0.0633
31,10470.9,135,HideSpotCheck,0.13,0.294,0.324,0.0298
31,10472.9,135,HideSpotCheck,0.03,0.324,0.323,-0.0006
31,10474.7,135,HideSpotCheck,-0.07,0.323,0.294,-0.0290
31,10476.0,135,HeatSweep,-5.00,0.008,-1.495,-1.5023
32,10489.9,135,HeatSweep,-0.50,-1.495,-1.183,0.3113
32,10497.3,144,HideSpotCheck,0.35,-0.002,0.125,0.1268
32,10506.9,144,HideSpotCheck,0.31,0.125,0.202,0.0773
32,10516.8,144,HideSpotCheck,0.15,0.202,0.223,0.0209
32,10527.3,144,HideSpotCheck,0.20,0.223,0.254,0.0310
32,10537.6,144,HideSpotCheck,-0.05,0.254,0.207,-0.0471
32,10547.5,144,HideSpotCheck,0.00,0.207,0.183,-0.0239
32,10557.8,144,HideSpotCheck,-0.85,0.183,-0.095,-0.2784
32,10567.8,144,HideSpotCheck,-0.95,-0.095,-0.334,-0.2386
32,10576.9,144,SweepArea,-0.24,-0.159,-0.165,-0.0059
32,10605.9,144,Patrol,0.11,-0.206,-0.104,0.1015
32,10650.9,126,Patrol,0.02,-0.544,-0.372,0.1718
32,10690.1,144,Patrol,0.15,-0.104,-0.022,0.0828
32,10703.0,108,HideSpotCheck,0.12,0.132,0.149,0.0171
32,10718.1,108,HideSpotCheck,-0.63,0.149,-0.063,-0.2118
32,10733.0,108,SweepArea,-0.30,-0.128,-0.166,-0.0384
32,10741.8,108,HideSpotCheck,0.36,-0.063,0.100,0.1630
32,10742.4,60,HideSpotCheck,1.00,0.183,0.447,0.2636
32,10745.1,60,HideSpotCheck,1.12,0.447,0.664,0.2169
32,10745.5,60,HideSpotCheck,0.86,0.664,0.740,0.0756
32,10745.8,60,HideSpotCheck,0.76,0.740,0.770,0.0299
32,10746.1,60,HideSpotCheck,0.66,0.770,0.759,-0.0104
32,10746.4,60,HideSpotCheck,-0.05,0.759,0.541,-0.2186
32,10746.7,60,HideSpotCheck,-0.30,0.541,0.311,-0.2293
32,10747.0,60,HideSpotCheck,-0.55,0.311,0.074,-0.2368
32,10747.3,60,HideSpotCheck,-0.81,0.074,-0.168,-0.2420
32,10747.7,60,HideSpotCheck,-1.06,-0.168,-0.413,-0.2457
32,10748.0,60,HideSpotCheck,-1.31,-0.413,-0.662,-0.2486
32,10748.4,60,HideSpotCheck,-1.57,-0.662,-0.912,-0.2504
32,10748.7,60,HideSpotCheck,-1.82,-0.912,-1.164,-0.2515
32,10749.0,60,HideSpotCheck,-2.07,-1.164,-1.416,-0.2523
32,10749.3,60,HideSpotCheck,-2.33,-1.416,-1.669,-0.2529
32,10749.6,60,HideSpotCheck,-2.58,-1.669,-1.922,-0.2533
32,10750.0,60,HideSpotCheck,-2.83,-1.922,-2.176,-0.2536
32,10750.3,60,HideSpotCheck,-3.08,-2.176,-2.429,-0.2537
32,10750.6,60,HideSpotCheck,-3.34,-2.429,-2.683,-0.2538
32,10750.9,60,HideSpotCheck,-3.59,-2.683,-2.937,-0.2541
32,10751.3,60,HideSpotCheck,-3.85,-2.937,-3.192,-0.2545
32,10751.7,60,HideSpotCheck,-4.10,-3.192,-3.446,-0.2546
32,10752.0,60,HideSpotCheck,-4.15,-3.446,-3.641,-0.1945
32,10752.4,60,HideSpotCheck,-4.41,-3.641,-3.854,-0.2126
32,10752.7,60,HideSpotCheck,-4.66,-3.854,-4.079,-0.2251
32,10753.1,60,HideSpotCheck,-4.91,-4.079,-4.312,-0.2339
32,10753.4,60,HideSpotCheck,-5.17,-4.312,-4.552,-0.2400
32,10753.8,60,HideSpotCheck,-5.42,-4.552,-4.797,-0.2444
32,10754.1,60,HideSpotCheck,-5.67,-4.797,-5.044,-0.2473
32,10754.5,60,HideSpotCheck,-5.93,-5.044,-5.294,-0.2497
32,10754.8,60,HideSpotCheck,-6.18,-5.294,-5.545,-0.2510
32,10755.2,60,HideSpotCheck,-6.43,-5.545,-5.797,-0.2519
32,10755.5,60,HideSpotCheck,-6.69,-5.797,-6.049,-0.2526
32,10755.8,60,HideSpotCheck,-6.94,-6.049,-6.302,-0.2530
32,10756.1,60,HideSpotCheck,-7.19,-6.302,-6.556,-0.2533
32,10756.4,60,HideSpotCheck,-7.45,-6.556,-6.809,-0.2535
32,10756.8,60,HideSpotCheck,-7.70,-6.809,-7.063,-0.2536
32,10757.1,60,HideSpotCheck,-7.95,-7.063,-7.316,-0.2537
32,10757.5,60,HideSpotCheck,-8.21,-7.316,-7.570,-0.2540
32,10757.8,60,HideSpotCheck,-8.46,-7.570,-7.824,-0.2539
32,10758.1,60,HideSpotCheck,-8.71,-7.824,-8.078,-0.2538
32,10758.4,60,HideSpotCheck,-8.97,-8.078,-8.332,-0.2538
32,10758.7,60,HideSpotCheck,10.00,-8.332,-2.832,5.4996
33,10758.7,60,HideSpotCheck,-0.32,-2.832,-1.771,1.0609
33,10759.0,122,AmbushHotChoke,1.20,2.436,2.094,-0.3418
33,10759.4,122,AmbushHotChoke,1.20,2.094,1.854,-0.2398
33,10759.7,122,AmbushHotChoke,1.19,1.854,1.683,-0.1714
33,10760.1,122,AmbushHotChoke,-0.46,1.683,1.371,-0.3119
33,10783.9,90,SweepArea,-0.09,1.189,0.815,-0.3747
33,10800.2,126,SweepArea,-0.31,-0.609,-0.507,0.1017
33,10840.0,126,Patrol,0.89,-0.372,0.011,0.3833
34,10840.3,126,Patrol,-0.75,0.011,-0.214,-0.2253
34,10840.9,114,HideSpotCheck,-0.50,0.018,-0.118,-0.1356
34,10886.0,60,Patrol,-0.80,0.062,-0.194,-0.2558
34,10925.0,144,Patrol,0.13,-0.022,0.027,0.0491
34,10970.2,144,Patrol,-0.80,0.027,-0.218,-0.2458
34,10992.6,144,SweepArea,-0.22,-0.165,-0.173,-0.0075
34,11037.6,126,Patrol,-0.71,-0.214,-0.361,-0.1473
34,11082.7,144,Patrol,-0.93,-0.218,-0.430,-0.2111
34,11127.8,126,Patrol,-0.95,-0.361,-0.535,-0.1741
34,11141.6,126,SweepArea,-0.29,-0.507,-0.427,0.0802
34,11158.1,126,SweepArea,-0.31,-0.427,-0.380,0.0466
34,11174.5,126,SweepArea,-0.31,-0.380,-0.348,0.0325
34,11191.0,126,SweepArea,-0.42,-0.348,-0.355,-0.0075
34,11207.6,126,SweepArea,-0.52,-0.355,-0.391,-0.0354
34,11232.8,126,SweepArea,-0.66,-0.391,-0.462,-0.0711
34,11242.2,108,HideSpotCheck,0.16,0.100,0.136,0.0354
34,11252.6,108,HideSpotCheck,0.15,0.136,0.163,0.0268
34,11259.3,108,HideSpotCheck,0.18,0.163,0.190,0.0272
34,11284.5,126,SweepArea,-0.53,-0.462,-0.467,-0.0048
34,11295.3,108,HideSpotCheck,0.14,0.190,0.208,0.0183
34,11310.6,108,HideSpotCheck,-0.63,0.208,-0.015,-0.2231
34,11325.6,108,HideSpotCheck,-0.65,-0.015,-0.193,-0.1778
34,11345.6,108,SweepArea,-0.05,-0.166,-0.120,0.0455
34,11352.2,126,SweepArea,-0.06,-0.467,-0.325,0.1417
34,11358.7,126,SweepArea,-0.22,-0.325,-0.271,0.0541
34,11365.9,126,SweepArea,-0.32,-0.271,-0.266,0.0051
34,11367.8,126,HideSpotCheck,0.23,-0.640,-0.352,0.2883
34,11374.6,126,SweepArea,-0.22,-0.266,-0.231,0.0352
34,11398.5,126,SweepArea,-0.39,-0.231,-0.261,-0.0303
34,11407.7,127,HideSpotCheck,0.31,0.192,0.263,0.0713
34,11436.8,127,Patrol,0.11,-0.018,0.038,0.0561
34,11451.8,127,AmbushHotChoke,-0.48,0.004,-0.131,-0.1345
34,11462.9,109,HideSpotCheck,0.14,0.072,0.105,0.0323
34,11473.5,109,HideSpotCheck,0.30,0.105,0.182,0.0770
34,11484.6,109,HideSpotCheck,0.14,0.182,0.200,0.0180
35,11529.8,109,Patrol,-0.80,-0.603,-0.660,-0.0566
35,11530.1,144,HideSpotCheck,-0.46,-0.334,-0.343,-0.0087
35,11531.6,144,SweepArea,-0.16,-0.173,-0.143,0.0299
35,11556.8,144,SweepArea,-0.58,-0.143,-0.266,-0.1236
35,11564.1,144,HideSpotCheck,0.35,-0.343,-0.114,0.2284
35,11571.4,126,SweepArea,-0.07,-0.261,-0.184,0.0769
35,11617.2,126,Patrol,-0.72,-0.535,-0.587,-0.0518
35,11631.1,108,SweepArea,-0.29,-0.120,-0.157,-0.0369
35,11647.7,108,SweepArea,-0.16,-0.157,-0.147,0.0106
35,11664.1,108,SweepArea,-0.31,-0.147,-0.184,-0.0373
35,11680.0,126,SweepArea,-0.26,-0.184,-0.194,-0.0094
35,11696.7,126,SweepArea,-0.52,-0.194,-0.278,-0.0844
35,11713.0,126,SweepArea,-0.46,-0.278,-0.320,-0.0425
35,11729.7,126,SweepArea,-1.17,-0.320,-0.562,-0.2413
35,11744.7,126,HideSpotCheck,-0.64,-0.352,-0.426,-0.0738
35,11760.0,126,HideSpotCheck,-0.65,-0.426,-0.480,-0.0544
35,11770.2,126,HideSpotCheck,0.15,-0.480,-0.274,0.2060
35,11780.9,126,HideSpotCheck,0.21,-0.274,-0.111,0.1630
35,11796.0,126,HideSpotCheck,-0.84,-0.111,-0.317,-0.2057
35,11811.1,126,HideSpotCheck,-0.95,-0.317,-0.494,-0.1767
35,11826.3,126,HideSpotCheck,-1.64,-0.494,-0.825,-0.3316
35,11841.1,126,SweepArea,-0.30,-0.562,-0.469,0.0931
35,11857.1,126,SweepArea,-0.31,-0.469,-0.408,0.0606
35,11873.9,126,SweepArea,-0.32,-0.408,-0.369,0.0395
35,11890.1,126,SweepArea,-0.26,-0.369,-0.324,0.0451
35,11906.5,126,SweepArea,-0.36,-0.324,-0.323,0.0007
35,11922.4,126,SweepArea,-0.46,-0.323,-0.351,-0.0277
35,11926.2,126,SweepArea,0.00,-0.351,-0.223,0.1275
35,11926.5,126,SweepArea,10.00,-0.223,2.844,3.0669
36,11926.5,126,SweepArea,-0.39,2.844,1.895,-0.9485
36,11971.6,114,Patrol,-0.80,0.083,-0.179,-0.2619
36,11974.6,144,HideSpotCheck,0.40,-0.114,0.065,0.1788
36,11976.6,144,HideSpotCheck,10.00,0.065,3.048,2.9830
37,11976.6,144,HideSpotCheck,0.53,3.048,3.119,0.0712
37,11978.5,144,HideSpotCheck,0.53,3.119,3.189,0.0699
37,11982.5,144,HideSpotCheck,0.38,3.189,3.128,-0.0612
37,11984.5,144,HideSpotCheck,0.32,3.128,3.131,0.0033
37,11986.6,144,HideSpotCheck,0.03,3.131,3.046,-0.0851
37,11988.6,144,HideSpotCheck,0.15,3.046,3.001,-0.0447
37,11990.4,144,HideSpotCheck,-0.77,3.001,2.691,-0.3101
37,11992.4,144,HideSpotCheck,-1.02,2.691,2.306,-0.3855
37,11994.5,144,HideSpotCheck,-1.27,2.306,1.854,-0.4516
37,11996.4,144,HideSpotCheck,-1.52,1.854,1.347,-0.5073
37,11998.4,144,HideSpotCheck,-1.77,1.347,0.777,-0.5698
37,12000.5,144,HideSpotCheck,-2.02,0.777,0.146,-0.6306
37,12002.4,144,HideSpotCheck,-2.27,0.146,-0.538,-0.6847
37,12018.7,144,SweepArea,-0.01,-0.266,-0.178,0.0886
37,12027.5,144,SweepArea,-0.24,-0.178,-0.177,0.0009
37,12036.2,144,SweepArea,-0.08,-0.177,-0.130,0.0466
37,12045.1,144,SweepArea,-0.34,-0.130,-0.174,-0.0441
37,12054.3,144,SweepArea,-0.29,-0.174,-0.190,-0.0159
37,12063.5,144,SweepArea,-0.54,-0.190,-0.277,-0.0869
37,12072.1,144,SweepArea,-1.24,-0.277,-0.546,-0.2688
37,12080.8,144,SweepArea,-1.34,-0.546,-0.418,0.1279
37,12091.7,126,HideSpotCheck,0.29,-0.825,-0.473,0.3528
37,12100.7,144,SweepArea,-0.24,-0.418,-0.007,0.4107
37,12109.5,126,SweepArea,-0.24,1.895,1.617,-0.2787
37,12127.2,126,SweepArea,0.08,1.617,1.168,-0.4482
37,12128.6,144,SweepArea,-0.26,-0.007,-0.057,-0.0493
37,12130.0,144,SweepArea,-0.36,-0.057,-0.121,-0.0646
37,12175.2,144,Patrol,-0.95,-0.430,-0.583,-0.1539
37,12183.2,144,SweepArea,-0.07,-0.121,-0.087,0.0341
37,12199.5,144,SweepArea,-0.31,-0.087,-0.003,0.0845
37,12208.0,126,SweepArea,-0.24,1.168,0.973,-0.1954
37,12217.7,126,HideSpotCheck,0.30,-0.473,-0.191,0.2814
37,12227.7,127,HideSpotCheck,0.15,0.263,0.277,0.0131
37,12237.3,127,HideSpotCheck,0.30,0.277,0.336,0.0593
37,12247.2,127,HideSpotCheck,0.20,0.336,0.356,0.0202
37,12262.3,127,AmbushHotChoke,-0.37,-0.131,-0.152,-0.0211
37,12262.6,127,HideSpotCheck,-0.50,0.356,0.159,-0.1968
37,12262.9,109,HideSpotCheck,-0.35,0.200,0.095,-0.1048
37,12275.2,109,HideSpotCheck,0.28,0.095,0.165,0.0699
37,12285.9,109,HideSpotCheck,0.20,0.165,0.204,0.0392
37,12296.8,109,HideSpotCheck,-0.06,0.204,0.160,-0.0437
37,12312.0,109,HideSpotCheck,-0.93,0.160,-0.144,-0.3047
37,12316.4,109,AmbushHotChoke,-0.01,-0.113,-0.078,0.0345
37,12320.5,109,AmbushHotChoke,-0.19,-0.078,-0.108,-0.0293
37,12323.5,109,AmbushHotChoke,-0.18,-0.108,-0.125,-0.0168
37,12327.3,109,AmbushHotChoke,-0.29,-0.125,-0.169,-0.0444
37,12340.9,109,HideSpotCheck,0.11,-0.144,-0.064,0.0804
37,12356.7,109,HideSpotCheck,-0.64,-0.064,-0.233,-0.1690
37,12371.5,109,SweepArea,-0.30,-0.147,-0.189,-0.0429
37,12377.4,109,AmbushHotChoke,-0.01,-0.169,-0.116,0.0529
37,12380.1,109,AmbushHotChoke,-0.18,-0.116,-0.129,-0.0134
37,12393.3,109,SweepArea,-0.28,-0.189,-0.193,-0.0033
37,12408.4,127,HideSpotCheck,-0.62,0.159,-0.054,-0.2128
38,12453.4,127,Patrol,-0.80,0.038,-0.211,-0.2487
38,12455.0,144,SweepArea,-0.17,-0.003,-0.024,-0.0215
38,12480.1,144,SweepArea,-0.60,-0.024,-0.189,-0.1648
38,12496.6,144,SweepArea,-0.02,-0.189,-0.012,0.1772
38,12505.4,126,SweepArea,-0.19,0.973,0.811,-0.1622
38,12514.3,126,SweepArea,-0.44,0.811,0.590,-0.2211
38,12522.8,126,SweepArea,-0.53,0.590,0.367,-0.2224
38,12531.4,126,SweepArea,-1.08,0.367,0.003,-0.3646
38,12540.2,126,SweepArea,-1.49,0.003,-0.426,-0.4283
38,12549.6,126,HideSpotCheck,0.31,-0.191,-0.022,0.1689
38,12556.3,126,HideSpotCheck,0.18,-0.022,0.060,0.0827
38,12563.1,126,HideSpotCheck,0.38,0.060,0.179,0.1181
38,12573.2,126,HideSpotCheck,0.05,0.179,0.172,-0.0071
38,12582.8,126,HideSpotCheck,0.11,0.172,0.184,0.0120
38,12611.6,126,Patrol,0.11,-0.587,-0.365,0.2220
38,12612.0,126,HideSpotCheck,-0.50,0.184,0.033,-0.1509
38,12612.2,126,HideSpotCheck,-0.50,0.033,-0.098,-0.1306
38,12612.6,126,HideSpotCheck,-0.50,-0.098,-0.190,-0.0916
38,12612.9,126,HideSpotCheck,-0.60,-0.190,-0.283,-0.0940
38,12613.2,126,HideSpotCheck,-0.70,-0.283,-0.379,-0.0958
38,12658.2,126,Patrol,-0.88,-0.365,-0.517,-0.1524
38,12670.9,144,SweepArea,1.10,-0.012,0.335,0.3471
38,12671.2,144,SweepArea,-0.60,0.335,0.070,-0.2652
38,12683.1,74,HeatSweep,0.03,0.091,0.089,-0.0018
38,12687.2,144,SweepArea,-0.19,0.070,0.016,-0.0543
38,12732.6,144,Patrol,-0.74,-0.583,-0.628,-0.0445
38,12738.1,61,AmbushHotChoke,-0.20,0.093,0.022,-0.0702
38,12750.7,115,HeatSweep,0.02,0.084,0.074,-0.0102
38,12763.8,145,AmbushHotChoke,-0.03,-0.571,-0.395,0.1758
38,12778.9,115,SweepArea,0.00,0.020,0.047,0.0267
38,12823.9,129,Patrol,-0.73,0.042,-0.187,-0.2293
38,12829.6,145,SweepArea,-0.21,-0.249,-0.225,0.0242
38,12833.9,145,SweepArea,-0.19,-0.225,-0.203,0.0222
38,12838.7,145,SweepArea,-0.20,-0.203,-0.190,0.0133
38,12843.6,145,SweepArea,-0.30,-0.190,-0.211,-0.0209
38,12848.2,145,SweepArea,-0.24,-0.211,-0.209,0.0020
38,12852.7,145,SweepArea,-0.34,-0.209,-0.237,-0.0286
38,12857.4,145,SweepArea,-1.20,-0.237,-0.513,-0.2758
38,12902.4,145,Patrol,-0.86,-0.379,-0.519,-0.1407
39,12947.6,121,Patrol,-0.80,0.049,-0.203,-0.2524
39,12949.1,144,SweepArea,-0.17,0.016,-0.011,-0.0269
39,12950.5,144,SweepArea,-0.16,-0.011,-0.029,-0.0180
39,12951.9,144,SweepArea,-0.16,-0.029,-0.042,-0.0131
39,12953.3,144,SweepArea,-0.26,-0.042,-0.081,-0.0387
39,12953.5,144,HideSpotCheck,-0.50,-0.538,-0.498,0.0407
39,12955.0,144,SweepArea,-0.16,-0.081,-0.078,0.0024
39,12956.5,144,SweepArea,-0.17,-0.078,-0.077,0.0014
39,12957.8,144,SweepArea,-0.16,-0.077,-0.075,0.0018
39,12959.3,144,SweepArea,-0.26,-0.075,-0.105,-0.0293
39,12998.4,144,Patrol,0.03,-0.628,-0.426,0.2018
40,13029.8,144,Patrol,0.09,-0.426,-0.266,0.1598
40,13073.8,144,Patrol,-0.04,-0.266,-0.195,0.0710
40,13087.3,144,SweepArea,-0.29,-0.105,-0.144,-0.0395
40,13103.9,144,SweepArea,-0.32,-0.144,-0.183,-0.0387
40,13119.9,144,SweepArea,-0.16,-0.183,-0.162,0.0204
40,13165.1,144,Patrol,-0.80,-0.195,-0.374,-0.1791
40,13169.4,144,SweepArea,-0.19,-0.162,-0.148,0.0142
40,13174.3,144,SweepArea,-0.20,-0.148,-0.140,0.0078
40,13177.6,144,SweepArea,0.97,-0.140,0.215,0.3554
40,13178.2,144,SweepArea,10.00,0.215,3.151,2.9355
41,13178.2,144,SweepArea,-0.39,3.151,2.111,-1.0396
41,13193.3,114,AmbushHotChoke,-0.50,0.036,0.166,0.1308
41,13217.1,144,SweepArea,-0.09,2.111,1.460,-0.6509
41,13227.0,126,HideSpotCheck,0.30,-0.379,-0.157,0.2219
41,13234.1,126,HideSpotCheck,0.18,-0.157,-0.036,0.1215
41,13241.0,126,HideSpotCheck,0.38,-0.036,0.111,0.1467
41,13251.0,126,HideSpotCheck,0.05,0.111,0.113,0.0018
41,13261.9,126,HideSpotCheck,0.09,0.113,0.126,0.0133
41,13271.8,126,HideSpotCheck,-0.15,0.126,0.066,-0.0599
41,13281.7,126,HideSpotCheck,-0.70,0.066,-0.145,-0.2115
41,13291.7,126,HideSpotCheck,-0.95,-0.145,-0.369,-0.2233
41,13302.0,126,HideSpotCheck,-1.35,-0.369,-0.646,-0.2777
41,13311.3,126,SweepArea,-0.24,-0.426,-0.353,0.0728
41,13320.2,126,SweepArea,-0.24,-0.353,-0.300,0.0531
41,13328.9,126,SweepArea,-0.09,-0.300,-0.216,0.0832
41,13337.8,126,SweepArea,-0.34,-0.216,-0.234,-0.0177
41,13346.5,126,SweepArea,-0.29,-0.234,-0.236,-0.0018
41,13355.2,127,SweepArea,-0.54,0.016,-0.136,-0.1520
41,13364.6,127,HideSpotCheck,0.31,-0.054,0.070,0.1231
41,13374.2,127,HideSpotCheck,0.15,0.070,0.108,0.0385
41,13384.0,127,HideSpotCheck,0.30,0.108,0.186,0.0784
41,13394.0,127,HideSpotCheck,0.05,0.186,0.179,-0.0073
41,13400.5,127,HideSpotCheck,-0.02,0.179,0.159,-0.0201
41,13407.1,127,HideSpotCheck,0.09,0.159,0.171,0.0122
41,13417.1,127,HideSpotCheck,-0.85,0.171,-0.104,-0.2755
41,13446.2,127,Patrol,-0.19,-0.211,-0.200,0.0107
41,13446.6,127,HideSpotCheck,-0.50,-0.104,-0.201,-0.0971
41,13463.4,127,SweepArea,0.09,-0.136,-0.061,0.0746
41,13478.5,145,AmbushHotChoke,-0.41,-0.395,-0.398,-0.0031
41,13482.4,109,AmbushHotChoke,-0.01,-0.129,-0.090,0.0390
41,13485.4,109,AmbushHotChoke,-0.18,-0.090,-0.112,-0.0221
41,13488.0,109,AmbushHotChoke,-0.28,-0.112,-0.157,-0.0443
41,13492.4,109,AmbushHotChoke,-0.39,-0.157,-0.224,-0.0667
41,13505.8,109,SweepArea,-0.28,-0.193,-0.217,-0.0245
41,13522.1,109,SweepArea,-0.31,-0.217,-0.243,-0.0262
41,13528.9,109,AmbushHotChoke,-0.02,-0.224,-0.157,0.0664
41,13542.0,109,HideSpotCheck,0.12,-0.233,-0.125,0.1086
41,13557.1,109,HideSpotCheck,-0.65,-0.125,-0.272,-0.1477
41,13570.9,127,SweepArea,-0.29,-0.061,-0.119,-0.0575
41,13590.5,127,SweepArea,0.01,-0.119,-0.076,0.0429
41,13590.8,145,HideSpotCheck,-0.50,-0.529,-0.505,0.0243
41,13605.9,145,AmbushHotChoke,-0.65,-0.398,-0.464,-0.0659
41,13619.1,127,SweepArea,-0.28,-0.076,-0.126,-0.0508
41,13635.8,127,SweepArea,-0.32,-0.126,-0.174,-0.0478
41,13643.1,127,AmbushHotChoke,-0.03,-0.152,-0.101,0.0512
41,13646.4,127,AmbushHotChoke,-0.18,-0.101,-0.107,-0.0062
41,13659.5,127,HideSpotCheck,0.12,-0.201,-0.094,0.1072
41,13674.7,127,HideSpotCheck,-0.63,-0.094,-0.245,-0.1510
42,13719.9,127,Patrol,-0.80,-0.200,-0.378,-0.1776
42,13720.2,126,HideSpotCheck,-0.50,-0.646,-0.573,0.0731
42,13743.3,126,SweepArea,-0.01,-0.236,-0.035,0.2007
42,13752.8,144,HideSpotCheck,0.15,-0.498,-0.284,0.2139
42,13761.5,126,SweepArea,-0.24,-0.035,-0.077,-0.0414
42,13770.9,126,HideSpotCheck,0.31,-0.573,-0.291,0.2828
42,13800.1,126,Patrol,-0.19,-0.517,-0.413,0.1042
42,13823.0,126,SweepArea,-0.21,-0.077,-0.108,-0.0310
42,13831.3,126,SweepArea,-0.23,-0.108,-0.126,-0.0181
42,13839.7,126,SweepArea,-0.08,-0.126,-0.098,0.0278
42,13854.8,127,AmbushHotChoke,-0.37,-0.107,-0.177,-0.0699
42,13863.0,127,AmbushHotChoke,0.13,-0.177,-0.080,0.0967
42,13866.1,109,AmbushHotChoke,-0.18,-0.157,-0.159,-0.0023
42,13879.3,109,HideSpotCheck,0.12,-0.272,-0.152,0.1198
42,13894.6,109,HideSpotCheck,-0.63,-0.152,-0.292,-0.1400
42,13897.9,109,AmbushHotChoke,0.99,-0.159,0.211,0.3709
42,13902.0,109,AmbushHotChoke,-0.57,0.211,-0.008,-0.2190
42,13907.0,87,InvestigateLastHeard,0.14,0.003,0.060,0.0576
42,13914.5,127,AmbushHotChoke,-0.22,-0.080,-0.109,-0.0285
42,13917.9,139,AmbushHotChoke,-0.18,0.073,0.014,-0.0589
42,13921.0,139,SweepArea,-5.00,0.067,-1.453,-1.5202
43,13943.0,139,SweepArea,-0.60,-1.453,-1.076,0.3768
43,13957.0,144,HideSpotCheck,0.11,-0.284,-0.151,0.1324
43,13973.8,126,SweepArea,-0.09,-0.098,-0.082,0.0160
43,13988.9,126,HideSpotCheck,-0.65,-0.291,-0.385,-0.0946
43,14003.3,126,SweepArea,-0.29,-0.082,-0.131,-0.0493
43,14020.0,126,SweepArea,-0.17,-0.131,-0.129,0.0022
43,14036.2,126,SweepArea,-0.16,-0.129,-0.126,0.0031
43,14053.4,126,SweepArea,-0.42,-0.126,-0.202,-0.0765
43,14069.6,126,SweepArea,-0.36,-0.202,-0.237,-0.0347
43,14086.1,126,SweepArea,-0.61,-0.237,-0.338,-0.1006
43,14102.7,126,SweepArea,-1.32,-0.338,-0.619,-0.2809
43,14113.7,126,HideSpotCheck,0.35,-0.385,-0.149,0.2366
43,14124.8,126,HideSpotCheck,0.14,-0.149,-0.045,0.1032
43,14135.1,126,HideSpotCheck,0.35,-0.045,0.092,0.1370
43,14135.7,126,HideSpotCheck,0.90,0.092,0.361,0.2695
43,14138.5,126,HideSpotCheck,0.92,0.361,0.550,0.1893
43,14138.8,126,HideSpotCheck,0.66,0.550,0.607,0.0562
43,14139.1,126,HideSpotCheck,-0.04,0.607,0.432,-0.1749
43,14139.5,126,HideSpotCheck,-0.29,0.432,0.233,-0.1989
43,14139.9,126,HideSpotCheck,-0.55,0.233,0.017,-0.2158
43,14140.2,126,HideSpotCheck,-0.80,0.017,-0.210,-0.2274
43,14140.5,126,HideSpotCheck,-1.05,-0.210,-0.446,-0.2354
43,14140.9,126,HideSpotCheck,-1.31,-0.446,-0.687,-0.2413
43,14141.3,126,HideSpotCheck,-1.56,-0.687,-0.932,-0.2452
43,14141.6,126,HideSpotCheck,-1.82,-0.932,-1.180,-0.2480
43,14141.9,126,HideSpotCheck,-2.07,-1.180,-1.430,-0.2499
43,14142.3,126,HideSpotCheck,-2.32,-1.430,-1.681,-0.2513
43,14142.6,126,HideSpotCheck,-2.58,-1.681,-1.934,-0.2522
43,14143.1,126,HideSpotCheck,-2.83,-1.934,-2.187,-0.2531
43,14143.4,126,HideSpotCheck,-3.08,-2.187,-2.440,-0.2535
43,14143.7,126,HideSpotCheck,-3.34,-2.440,-2.694,-0.2537
43,14144.1,126,HideSpotCheck,-3.59,-2.694,-2.948,-0.2541
43,14144.4,126,HideSpotCheck,-3.64,-2.948,-3.142,-0.1940
43,14144.7,126,HideSpotCheck,-3.90,-3.142,-3.354,-0.2120
43,14145.0,126,HideSpotCheck,-4.15,-3.354,-3.578,-0.2245
43,14145.3,126,HideSpotCheck,-4.40,-3.578,-3.812,-0.2333
43,14145.7,126,HideSpotCheck,-4.66,-3.812,-4.051,-0.2394
43,14146.0,126,HideSpotCheck,10.00,-4.051,0.164,4.2153
44,14146.0,126,HideSpotCheck,-0.26,0.164,0.194,0.0302
44,14146.3,120,Patrol,1.20,0.917,1.025,0.1083
44,14146.7,120,Patrol,1.20,1.025,1.100,0.0754
44,14147.0,120,Patrol,1.19,1.100,1.149,0.0491
44,14147.4,120,Patrol,-0.46,1.149,0.892,-0.2574
44,14151.5,90,SweepArea,-0.19,0.815,0.869,0.0539
44,14196.7,144,Patrol,-0.80,-0.374,-0.459,-0.0850
44,14225.1,144,Patrol,0.94,-0.459,-0.032,0.4272
44,14231.3,144,Patrol,-0.61,-0.032,-0.094,-0.0621
44,14231.6,82,HideSpotCheck,-0.50,0.053,0.533,0.4791
44,14245.9,82,HeatSweep,0.01,2.180,1.542,-0.6385
44,14290.0,148,Patrol,-0.03,0.049,0.068,0.0192
44,14294.2,122,AmbushHotChoke,-0.19,1.371,1.234,-0.1365
44,14297.1,122,AmbushHotChoke,-0.18,1.234,1.130,-0.1046
44,14300.5,122,AmbushHotChoke,-0.18,1.130,1.020,-0.1098
44,14303.9,122,AmbushHotChoke,-0.28,1.020,0.885,-0.1346
44,14307.2,122,AmbushHotChoke,-0.38,0.885,0.730,-0.1558
44,14310.0,122,AmbushHotChoke,-0.48,0.730,0.557,-0.1723
44,14324.1,122,HeatSweep,0.01,-0.076,0.162,0.2376
44,14338.6,144,SweepArea,0.01,1.460,1.057,-0.4029
44,14348.6,130,HideSpotCheck,0.30,0.236,0.298,0.0619
44,14358.7,130,HideSpotCheck,0.15,0.298,0.306,0.0085
44,14373.8,130,AmbushHotChoke,-0.51,0.059,-0.035,-0.0948
44,14381.0,122,AmbushHotChoke,-0.02,0.557,0.500,-0.0572
44,14385.2,122,AmbushHotChoke,-0.19,0.500,0.414,-0.0863
44,14388.5,122,AmbushHotChoke,-0.28,0.414,0.309,-0.1046
44,14433.6,122,Patrol,-0.95,-0.178,-0.408,-0.2300
44,14446.4,153,HeatSweep,-0.12,0.065,0.024,-0.0412
44,14458.1,131,HeatSweep,-0.27,0.044,-0.039,-0.0827
44,14469.0,153,AmbushHotChoke,-0.02,0.064,0.130,0.0666
44,14482.4,123,HideSpotCheck,0.12,0.536,0.492,-0.0448
44,14494.1,123,HideSpotCheck,0.29,0.492,0.512,0.0201
44,14504.8,123,HideSpotCheck,0.14,0.512,0.490,-0.0220
44,14505.3,123,HideSpotCheck,-5.00,0.490,-1.157,-1.6469
45,14520.0,123,HideSpotCheck,-0.50,-1.157,-0.815,0.3422
45,14565.0,144,Patrol,-0.94,-0.094,-0.318,-0.2235
45,14573.2,144,SweepArea,0.08,1.057,0.971,-0.0859
45,14589.6,144,SweepArea,-0.01,0.971,0.701,-0.2705
45,14599.3,126,HideSpotCheck,0.31,0.194,0.264,0.0692
45,14609.7,126,HideSpotCheck,0.15,0.264,0.275,0.0112
45,14619.5,126,HideSpotCheck,0.15,0.275,0.288,0.0130
45,14629.2,126,HideSpotCheck,0.20,0.288,0.315,0.0269
45,14638.0,126,SweepArea,-0.24,-0.619,-0.444,0.1744
45,14647.5,126,HideSpotCheck,0.31,0.315,0.371,0.0558
45,14657.2,126,HideSpotCheck,0.30,0.371,0.418,0.0476
45,14667.2,126,HideSpotCheck,0.15,0.418,0.413,-0.0055
45,14675.7,126,SweepArea,-0.23,-0.444,-0.301,0.1431
45,14685.5,126,HideSpotCheck,0.30,0.413,0.454,0.0418
45,14695.4,126,HideSpotCheck,0.30,0.454,0.422,-0.0322
45,14710.7,127,AmbushHotChoke,-0.36,-0.109,-0.183,-0.0742
45,14718.3,109,AmbushHotChoke,0.13,-0.008,0.037,0.0443
45,14721.7,109,AmbushHotChoke,-0.18,0.037,-0.020,-0.0572
45,14725.1,109,AmbushHotChoke,-0.28,-0.020,-0.095,-0.0744
45,14770.2,109,Patrol,-0.95,-0.660,-0.746,-0.0858
45,14775.1,145,AmbushHotChoke,-0.02,-0.464,-0.318,0.1456
45,14777.8,145,AmbushHotChoke,-0.18,-0.318,-0.263,0.0558
45,14781.0,145,AmbushHotChoke,-0.18,-0.263,-0.225,0.0373
45,14785.4,145,AmbushHotChoke,-0.29,-0.225,-0.234,-0.0085
45,14788.1,145,AmbushHotChoke,-0.38,-0.234,-0.263,-0.0293
46,14833.3,145,Patrol,-0.80,-0.519,-0.592,-0.0725
46,14846.5,126,HideSpotCheck,0.32,0.422,0.498,0.0758
46,14862.9,144,SweepArea,-0.13,0.701,0.543,-0.1582
46,14878.9,144,SweepArea,-0.31,0.543,0.353,-0.1901
46,14894.6,126,SweepArea,0.03,-0.301,-0.155,0.1463
46,14899.5,144,SweepArea,-0.30,0.353,0.240,-0.1129
46,14904.1,144,SweepArea,-0.40,0.240,0.106,-0.1339
46,14908.4,144,SweepArea,-0.34,0.106,-0.003,-0.1092
46,14910.3,144,HideSpotCheck,0.23,-0.151,-0.010,0.1414
46,14935.4,144,SweepArea,-0.60,-0.003,-0.174,-0.1711
46,14938.0,144,HideSpotCheck,0.40,-0.010,0.138,0.1481
46,14939.9,144,HideSpotCheck,0.52,0.138,0.290,0.1520
46,14941.8,144,HideSpotCheck,0.23,0.290,0.351,0.0607
46,14943.7,144,HideSpotCheck,0.13,0.351,0.381,0.0299
46,14945.5,144,HideSpotCheck,0.03,0.381,0.380,-0.0008
46,14947.4,144,HideSpotCheck,-0.07,0.380,0.349,-0.0313
46,14951.7,144,SweepArea,-0.19,-0.174,-0.096,0.0786
46,14953.7,144,HideSpotCheck,0.38,0.349,0.453,0.1046
46,14955.7,144,HideSpotCheck,0.23,0.453,0.509,0.0559
46,14957.8,144,HideSpotCheck,0.23,0.509,0.562,0.0530
46,14960.9,144,HideSpotCheck,0.12,0.562,0.573,0.0106
46,15006.0,144,Patrol,-0.78,-0.318,-0.438,-0.1203
46,15006.3,144,HideSpotCheck,-0.50,0.573,0.421,-0.1522
46,15006.7,144,HideSpotCheck,-0.50,0.421,0.269,-0.1521
46,15007.0,144,HideSpotCheck,-0.50,0.269,0.118,-0.1510
46,15029.4,144,SweepArea,-0.19,-0.096,-0.116,-0.0197
46,15054.6,108,SweepArea,-0.60,-0.184,-0.268,-0.0843
46,15063.2,126,HideSpotCheck,0.32,0.498,0.542,0.0440
46,15073.3,126,HideSpotCheck,0.15,0.542,0.521,-0.0210
46,15083.1,126,HideSpotCheck,0.15,0.521,0.504,-0.0165
46,15093.2,126,HideSpotCheck,0.20,0.504,0.504,-0.0003
46,15103.2,126,HideSpotCheck,0.10,0.504,0.473,-0.0312
46,15113.2,126,HideSpotCheck,-0.15,0.473,0.371,-0.1017
46,15120.0,126,HideSpotCheck,-0.82,0.371,0.093,-0.2779
46,15126.8,126,HideSpotCheck,-0.87,0.093,-0.175,-0.2679
46,15135.7,126,SweepArea,-0.24,-0.155,-0.161,-0.0066
46,15144.8,126,SweepArea,-0.24,-0.161,-0.171,-0.0099
46,15153.4,127,SweepArea,-0.08,-0.174,-0.133,0.0412
46,15162.6,127,SweepArea,-0.34,-0.133,-0.182,-0.0491
46,15171.5,127,SweepArea,-0.29,-0.182,-0.200,-0.0178
46,15186.5,127,AmbushHotChoke,-0.36,-0.183,-0.227,-0.0441
46,15203.0,127,SweepArea,-0.15,-0.200,-0.184,0.0159
46,15208.9,109,AmbushHotChoke,-0.01,-0.095,-0.064,0.0304
46,15220.9,109,SweepArea,0.03,-0.243,-0.153,0.0904
46,15232.9,145,AmbushHotChoke,0.01,-0.263,-0.179,0.0838
46,15236.0,109,AmbushHotChoke,-0.18,-0.064,-0.095,-0.0303
46,15239.8,109,AmbushHotChoke,-0.19,-0.095,-0.118,-0.0232
46,15243.2,109,AmbushHotChoke,-0.28,-0.118,-0.163,-0.0452
46,15257.0,109,SweepArea,-0.29,-0.153,-0.183,-0.0296
46,15273.9,127,SweepArea,-0.32,-0.184,-0.215,-0.0314
46,15290.1,127,SweepArea,-0.16,-0.215,-0.189,0.0263
46,15335.1,127,Patrol,-0.91,-0.378,-0.537,-0.1591
46,15345.3,145,AmbushHotChoke,-0.09,-0.179,-0.138,0.0412
46,15358.8,127,SweepArea,-0.28,-0.189,-0.207,-0.0177
46,15375.2,127,SweepArea,-0.16,-0.207,-0.184,0.0232
46,15391.3,127,SweepArea,-0.31,-0.184,-0.212,-0.0287
46,15397.1,127,AmbushHotChoke,0.13,-0.227,-0.115,0.1118
46,15400.2,109,AmbushHotChoke,-0.18,-0.163,-0.164,-0.0003
46,15403.9,109,AmbushHotChoke,-0.19,-0.164,-0.166,-0.0024
46,15407.8,109,AmbushHotChoke,-0.29,-0.166,-0.198,-0.0324
46,15412.4,109,SweepArea,10.00,-0.183,2.872,3.0548
47,15413.5,109,SweepArea,1.09,2.872,2.356,-0.5158
47,15413.9,109,SweepArea,-0.41,2.356,1.717,-0.6396
47,15421.7,90,SweepArea,-0.23,0.869,0.563,-0.3053
47,15430.6,144,SweepArea,-0.34,-0.116,-0.161,-0.0450
47,15440.5,144,HideSpotCheck,0.15,0.118,0.149,0.0314
47,15450.2,144,HideSpotCheck,0.30,0.149,0.223,0.0740
47,15460.6,144,HideSpotCheck,0.15,0.223,0.239,0.0161
47,15470.6,144,HideSpotCheck,0.05,0.239,0.200,-0.0392
47,15479.5,126,SweepArea,-0.09,-0.171,-0.127,0.0440
47,15488.7,126,SweepArea,-0.24,-0.127,-0.143,-0.0161
47,15497.7,126,SweepArea,-0.09,-0.143,-0.108,0.0350
47,15506.2,126,SweepArea,-0.34,-0.108,-0.157,-0.0491
47,15535.1,126,Patrol,0.11,-0.413,-0.249,0.1641
47,15558.2,126,SweepArea,-0.21,-0.157,-0.167,-0.0093
47,15573.3,127,AmbushHotChoke,-0.36,-0.115,0.048,0.1629
47,15573.6,109,HideSpotCheck,-0.50,-0.292,0.154,0.4462
47,15589.7,109,SweepArea,-0.15,1.717,1.381,-0.3360
47,15606.0,109,SweepArea,-0.31,1.381,0.882,-0.4985
47,15611.8,127,AmbushHotChoke,-0.01,0.048,0.047,-0.0009
47,15625.2,127,SweepArea,-0.28,-0.212,-0.223,-0.0105
47,15631.8,127,AmbushHotChoke,-0.03,0.047,0.041,-0.0061
47,15635.8,127,AmbushHotChoke,-0.19,0.041,-0.010,-0.0512
47,15639.9,127,AmbushHotChoke,-0.19,-0.010,-0.047,-0.0367
47,15643.2,127,AmbushHotChoke,-0.28,-0.047,-0.099,-0.0521
47,15646.9,127,AmbushHotChoke,-0.15,-0.099,-0.095,0.0040
47,15649.4,127,AmbushHotChoke,-0.47,-0.095,-0.190,-0.0945
47,15664.5,127,AmbushHotChoke,-1.48,-0.190,-0.571,-0.3813
47,15667.6,145,AmbushHotChoke,-1.27,-0.138,-0.464,-0.3265
47,15670.6,145,AmbushHotChoke,-1.68,-0.464,-0.816,-0.3515
47,15674.7,145,HideSpotCheck,0.38,-0.505,-0.226,0.2791
47,15676.7,145,HideSpotCheck,0.23,-0.226,-0.075,0.1506
47,15691.7,145,AmbushHotChoke,-0.65,-0.816,-0.756,0.0599
47,15695.5,127,SweepArea,-5.00,-0.223,-1.656,-1.4332
48,15715.2,127,SweepArea,-0.08,-1.656,-1.176,0.4797
48,15730.3,108,HideSpotCheck,-0.45,-0.193,0.041,0.2342
48,15739.7,152,AmbushHotChoke,-0.24,0.074,-0.003,-0.0767
48,15753.9,158,HideSpotCheck,0.28,0.079,0.185,0.1065
48,15760.5,122,AmbushHotChoke,-0.01,0.309,0.279,-0.0300
48,15763.9,122,AmbushHotChoke,-0.18,0.279,0.210,-0.0690
48,15767.9,122,AmbushHotChoke,-0.19,0.210,0.142,-0.0683
48,15782.9,122,HeatSweep,-0.50,0.162,0.006,-0.1560
48,15789.6,130,HideSpotCheck,0.38,0.306,0.394,0.0883
48,15791.4,130,HideSpotCheck,0.23,0.394,0.453,0.0589
48,15793.4,130,HideSpotCheck,0.23,0.453,0.509,0.0559
48,15795.5,130,HideSpotCheck,0.13,0.509,0.532,0.0233
48,15797.4,130,HideSpotCheck,0.03,0.532,0.527,-0.0057
48,15812.6,130,HeatSweep,-0.57,0.027,-0.133,-0.1599
48,15817.8,122,AmbushHotChoke,-0.01,0.142,0.128,-0.0135
49,15862.9,122,Patrol,-0.80,-0.408,-0.523,-0.1152
49,15876.0,108,HideSpotCheck,0.12,0.041,0.079,0.0377
49,15876.3,108,HideSpotCheck,1.00,0.079,0.382,0.3027
49,15876.6,108,HideSpotCheck,-0.45,0.382,0.151,-0.2306
49,15893.1,56,SweepArea,-0.31,0.067,-0.038,-0.1050
49,15908.2,110,HideSpotCheck,-0.65,0.075,-0.133,-0.2080
49,15953.3,128,Patrol,-0.78,0.006,-0.223,-0.2294
49,15953.6,144,HideSpotCheck,-0.50,0.200,0.050,-0.1504
49,15954.0,144,HideSpotCheck,-0.50,0.050,-0.094,-0.1435
49,15968.1,128,HeatSweep,0.01,0.048,0.047,-0.0015
49,15983.2,128,HeatSweep,-0.48,0.047,-0.102,-0.1492
49,15993.8,128,HeatSweep,0.04,-0.102,-0.046,0.0561
49,15994.1,128,HideSpotCheck,-0.50,0.005,-0.126,-0.1308
49,15994.5,128,HideSpotCheck,-0.50,-0.126,-0.217,-0.0916
49,16019.6,128,SweepArea,-0.75,-0.069,-0.267,-0.1989
49,16034.6,128,AmbushHotChoke,-0.48,0.000,-0.135,-0.1355
49,16045.1,128,HeatSweep,-0.26,-0.046,-0.097,-0.0503
49,16054.3,128,HeatSweep,0.06,-0.097,-0.037,0.0595
49,16064.5,128,HeatSweep,-0.02,-0.037,-0.019,0.0184
49,16073.4,128,HeatSweep,-0.34,-0.019,-0.101,-0.0825
49,16082.4,128,HeatSweep,-0.21,-0.101,-0.120,-0.0185
49,16082.7,128,HideSpotCheck,-0.50,-0.217,-0.281,-0.0641
49,16091.4,128,HeatSweep,-0.24,-0.120,-0.141,-0.0217
49,16106.5,128,AmbushHotChoke,-0.35,-0.135,-0.176,-0.0407
49,16106.8,114,HideSpotCheck,-0.50,-0.118,-0.182,-0.0644
49,16151.9,114,Patrol,-0.95,-0.179,-0.409,-0.2294
49,16162.3,128,HeatSweep,-0.25,-0.141,-0.163,-0.0215
49,16194.6,128,Patrol,0.09,-0.223,-0.125,0.0989
49,16199.0,128,HideSpotCheck,0.36,-0.281,-0.072,0.2094
49,16201.0,128,HideSpotCheck,0.23,-0.072,0.038,0.1097
49,16216.2,128,HeatSweep,-0.65,-0.163,-0.300,-0.1369
49,16231.3,128,HideSpotCheck,-0.65,0.038,-0.159,-0.1971
49,16276.4,128,Patrol,-0.79,-0.125,-0.317,-0.1928
49,16288.4,129,HeatSweep,-0.01,-0.065,-0.034,0.0302
49,16295.2,115,AmbushHotChoke,-0.22,0.077,0.038,-0.0385
49,16309.2,129,HideSpotCheck,0.28,0.237,0.284,0.0472
49,16320.0,129,HideSpotCheck,0.14,0.284,0.291,0.0065
49,16335.0,129,HideSpotCheck,-0.63,0.291,0.055,-0.2354
49,16350.1,129,HideSpotCheck,-0.75,0.055,-0.174,-0.2290
49,16356.5,129,AmbushHotChoke,-0.01,0.054,0.054,0.0002
49,16370.1,129,SweepArea,-0.29,-0.034,-0.096,-0.0618
49,16377.2,129,AmbushHotChoke,-0.02,0.054,0.051,-0.0025
50,16422.2,129,Patrol,-0.80,-0.187,-0.368,-0.1808
50,16422.5,144,HideSpotCheck,-0.50,-0.094,-0.187,-0.0926
50,16424.1,144,SweepArea,-0.17,-0.161,-0.135,0.0260
50,16424.4,144,HideSpotCheck,-0.50,-0.187,-0.251,-0.0648
50,16425.9,144,SweepArea,-0.17,-0.135,-0.116,0.0182
50,16427.2,144,SweepArea,-0.16,-0.116,-0.103,0.0136
50,16472.4,144,Patrol,-0.91,-0.438,-0.576,-0.1380
50,16480.6,144,SweepArea,0.12,-0.103,-0.017,0.0859
50,16521.7,144,Patrol,0.07,-0.576,-0.377,0.1991
50,16525.7,108,HideSpotCheck,0.21,0.151,0.206,0.0544
50,16526.0,108,HideSpotCheck,1.00,0.206,0.471,0.2649
50,16526.4,108,HideSpotCheck,1.00,0.471,0.656,0.1857
50,16529.2,108,HideSpotCheck,1.02,0.656,0.787,0.1304
50,16529.6,108,HideSpotCheck,0.76,0.787,0.799,0.0120
50,16529.9,108,HideSpotCheck,0.66,0.799,0.776,-0.0229
50,16530.2,108,HideSpotCheck,-0.04,0.776,0.548,-0.2273
50,16530.5,108,HideSpotCheck,-0.30,0.548,0.313,-0.2354
50,16530.8,108,HideSpotCheck,-0.55,0.313,0.072,-0.2410
50,16531.2,108,HideSpotCheck,-0.81,0.072,-0.173,-0.2452
50,16531.5,108,HideSpotCheck,-1.06,-0.173,-0.421,-0.2479
50,16531.8,108,HideSpotCheck,-1.31,-0.421,-0.671,-0.2497
50,16532.1,108,HideSpotCheck,-1.56,-0.671,-0.922,-0.2509
50,16532.4,108,HideSpotCheck,-1.82,-0.922,-1.174,-0.2518
50,16532.7,108,HideSpotCheck,-2.07,-1.174,-1.426,-0.2524
50,16533.0,108,HideSpotCheck,-2.32,-1.426,-1.679,-0.2529
50,16533.3,108,HideSpotCheck,-2.58,-1.679,-1.932,-0.2532
50,16533.6,108,HideSpotCheck,-2.83,-1.932,-2.185,-0.2534
50,16533.9,108,HideSpotCheck,-3.08,-2.185,-2.439,-0.2535
50,16534.3,108,HideSpotCheck,-3.34,-2.439,-2.693,-0.2539
50,16534.6,108,HideSpotCheck,10.00,-2.693,1.115,3.8079
51,16534.6,108,HideSpotCheck,-0.44,1.115,0.818,-0.2971
51,16535.0,120,Patrol,1.00,0.892,0.948,0.0557
51,16535.3,120,Patrol,1.20,0.948,1.046,0.0986
51,16535.6,120,Patrol,1.20,1.046,1.115,0.0687
51,16535.9,120,Patrol,1.09,1.115,1.129,0.0139
51,16536.3,120,Patrol,-0.57,1.129,0.776,-0.3533
51,16537.7,90,SweepArea,-0.16,0.563,0.503,-0.0607
51,16539.2,90,SweepArea,-0.16,0.503,0.442,-0.0605
51,16540.6,90,SweepArea,-0.16,0.442,0.288,-0.1543
51,16558.2,144,SweepArea,-0.13,-0.017,-0.038,-0.0207
51,16559.7,144,SweepArea,-0.37,-0.038,-0.109,-0.0711
51,16561.3,144,SweepArea,-0.47,-0.109,-0.189,-0.0799
51,16563.0,144,SweepArea,-1.17,-0.189,-0.455,-0.2663
51,16563.3,144,HideSpotCheck,-0.50,-0.251,-0.297,-0.0454
51,16563.7,144,HideSpotCheck,-0.50,-0.297,-0.329,-0.0318
51,16564.0,144,HideSpotCheck,-0.50,-0.329,-0.351,-0.0223
51,16564.4,144,HideSpotCheck,-0.60,-0.351,-0.397,-0.0456
51,16566.1,144,SweepArea,-0.17,-0.455,-0.341,0.1135
51,16591.2,144,SweepArea,-0.46,-0.341,-0.369,-0.0272
51,16608.8,144,SweepArea,-0.03,-0.369,-0.254,0.1147
51,16623.4,126,SweepArea,-0.10,-0.167,-0.132,0.0351
51,16646.0,126,SweepArea,-0.41,-0.132,-0.205,-0.0738
51,16655.7,126,HideSpotCheck,0.30,-0.175,-0.013,0.1613
51,16665.4,126,HideSpotCheck,0.31,-0.013,0.096,0.1089
51,16674.6,127,SweepArea,-0.24,-1.176,-0.882,0.2939
51,16684.5,127,HideSpotCheck,0.15,-0.245,-0.113,0.1319
51,16694.4,127,HideSpotCheck,0.15,-0.113,-0.021,0.0927
51,16704.1,127,HideSpotCheck,0.30,-0.021,0.090,0.1105
51,16710.8,127,HideSpotCheck,0.08,0.090,0.107,0.0170
51,16718.0,127,HideSpotCheck,0.18,0.107,0.151,0.0437
51,16727.8,127,HideSpotCheck,-0.15,0.151,0.088,-0.0622
51,16737.4,127,HideSpotCheck,-0.69,0.088,-0.130,-0.2187
51,16752.5,127,AmbushHotChoke,-0.51,-0.571,-0.432,0.1390
51,16769.5,109,SweepArea,-0.01,0.882,0.725,-0.1571
51,16785.5,109,SweepArea,-0.16,0.725,0.555,-0.1705
51,16830.6,109,Patrol,-0.80,-0.746,-0.761,-0.0150
51,16833.9,145,HideSpotCheck,0.22,-0.075,0.025,0.1006
51,16835.9,145,HideSpotCheck,0.23,0.025,0.101,0.0753
51,16837.7,145,HideSpotCheck,0.23,0.101,0.168,0.0668
51,16841.8,145,AmbushHotChoke,-5.00,-0.756,-2.029,-1.2732
52,16852.9,145,AmbushHotChoke,-0.50,-2.029,-1.557,0.4718
52,16876.4,144,SweepArea,-0.09,-0.254,-0.194,0.0594
52,16885.2,144,SweepArea,-0.09,-0.194,-0.143,0.0513
52,16894.2,144,SweepArea,-0.09,-0.143,-0.108,0.0349
52,16903.2,144,SweepArea,-0.34,-0.108,-0.159,-0.0507
52,16912.9,126,HideSpotCheck,0.31,0.096,0.177,0.0810
52,16919.7,126,HideSpotCheck,0.18,0.177,0.215,0.0387
52,16926.7,126,HideSpotCheck,0.38,0.215,0.310,0.0948
52,16936.7,126,HideSpotCheck,0.05,0.310,0.288,-0.0223
52,16943.6,126,HideSpotCheck,-0.02,0.288,0.256,-0.0315
52,16950.5,126,HideSpotCheck,0.08,0.256,0.258,0.0019
52,16961.5,126,HideSpotCheck,-0.86,0.258,-0.033,-0.2911
52,16971.3,126,HideSpotCheck,-0.95,-0.033,-0.289,-0.2565
52,16980.6,126,SweepArea,-0.24,-0.205,-0.198,0.0069
52,16989.6,126,SweepArea,-0.24,-0.198,-0.192,0.0063
52,16998.5,126,SweepArea,-0.24,-0.192,-0.187,0.0048
52,17019.3,126,SweepArea,10.00,-0.187,2.869,3.0562
53,17023.5,126,SweepArea,-0.60,2.869,1.836,-1.0326
53,17023.8,144,HideSpotCheck,-0.50,-0.397,-0.398,-0.0018
53,17025.2,144,SweepArea,-0.16,-0.159,-0.133,0.0260
53,17026.8,144,SweepArea,-0.17,-0.133,-0.115,0.0174
53,17028.4,144,SweepArea,-0.17,-0.115,-0.103,0.0123
53,17029.9,144,SweepArea,-0.26,-0.103,-0.124,-0.0209
53,17031.4,144,SweepArea,-0.37,-0.124,-0.169,-0.0450
53,17032.9,144,SweepArea,-0.47,-0.169,-0.230,-0.0614
53,17078.0,144,Patrol,-0.95,-0.377,-0.546,-0.1689
53,17086.4,144,SweepArea,0.08,-0.230,-0.119,0.1110
53,17103.3,144,SweepArea,-0.02,-0.119,0.142,0.2611
53,17132.2,126,Patrol,0.11,-0.249,-0.016,0.2330
53,17177.4,126,Patrol,-0.88,-0.016,-0.272,-0.2556
53,17182.2,144,SweepArea,-0.01,0.142,0.129,-0.0129
53,17198.3,144,SweepArea,-0.31,0.129,0.238,0.1097
53,17207.0,126,SweepArea,-0.09,1.836,1.611,-0.2252
53,17215.8,126,SweepArea,-0.19,1.611,1.379,-0.2319
53,17241.0,126,SweepArea,-0.72,1.379,0.769,-0.6105
53,17251.3,144,SweepArea,-0.25,0.238,0.133,-0.1052
53,17252.7,144,SweepArea,-1.16,0.133,-0.219,-0.3521
53,17254.2,144,SweepArea,-1.41,-0.219,-0.550,-0.3313
53,17254.5,144,HideSpotCheck,-0.50,-0.398,-0.400,-0.0014
53,17255.0,144,HideSpotCheck,-0.50,-0.400,-0.401,-0.0011
53,17255.3,144,HideSpotCheck,-0.50,-0.401,-0.401,-0.0005
53,17255.6,144,HideSpotCheck,-0.60,-0.401,-0.432,-0.0304
53,17256.0,144,HideSpotCheck,-0.70,-0.432,-0.483,-0.0513
53,17256.3,144,HideSpotCheck,-0.80,-0.483,-0.549,-0.0659
53,17295.6,144,Patrol,0.03,-0.546,-0.369,0.1766
53,17300.1,144,SweepArea,-0.20,-0.550,-0.420,0.1301
53,17345.2,144,Patrol,-0.71,-0.369,-0.455,-0.0854
53,17360.0,109,SweepArea,-0.30,0.555,0.377,-0.1781
53,17376.5,109,SweepArea,-0.31,0.377,0.191,-0.1856
53,17391.6,145,HideSpotCheck,-0.65,0.168,-0.055,-0.2224
53,17403.4,145,HideSpotCheck,0.30,-0.055,0.060,0.1149
53,17414.1,145,HideSpotCheck,0.14,0.060,0.095,0.0353
53,17429.2,145,HideSpotCheck,-0.75,0.095,-0.148,-0.2439
53,17436.3,127,HideSpotCheck,-5.00,-0.130,-1.591,-1.4609
54,17444.3,127,HideSpotCheck,-0.50,-1.591,-1.251,0.3406
54,17452.6,144,SweepArea,0.21,-0.420,-0.211,0.2088
54,17453.9,144,SweepArea,-0.16,-0.211,-0.169,0.0421
54,17455.3,144,SweepArea,-0.16,-0.169,-0.140,0.0292
54,17456.8,144,SweepArea,-0.26,-0.140,-0.150,-0.0099
54,17478.2,144,SweepArea,-0.26,-0.150,-0.175,-0.0246
54,17480.1,144,HideSpotCheck,0.23,-0.549,-0.288,0.2611
54,17484.9,144,SweepArea,-0.05,-0.175,-0.113,0.0616
54,17489.3,144,SweepArea,-0.19,-0.113,-0.114,-0.0009
54,17495.2,144,Patrol,1.16,-0.455,0.048,0.5033
55,17495.8,144,Patrol,-0.41,0.048,-0.061,-0.1098
55,17500.0,134,AmbushHotChoke,0.11,0.136,0.151,0.0159
55,17545.2,144,Patrol,-0.80,-0.061,-0.259,-0.1980
55,17545.5,108,HideSpotCheck,-0.50,0.818,0.665,-0.1530
55,17590.5,108,Patrol,-0.95,-0.204,-0.425,-0.2210
55,17611.3,144,SweepArea,-0.06,-0.114,-0.017,0.0965
55,17620.0,126,SweepArea,-0.09,0.769,0.659,-0.1100
55,17628.3,126,SweepArea,-0.23,0.659,0.521,-0.1378
55,17638.0,126,SweepArea,-0.20,0.521,0.400,-0.1205
55,17646.8,126,SweepArea,-0.29,0.400,0.271,-0.1294
55,17655.3,126,SweepArea,-0.54,0.271,0.082,-0.1892
55,17664.5,126,SweepArea,-1.09,0.082,-0.251,-0.3331
55,17673.5,126,SweepArea,-1.49,-0.251,-0.604,-0.3527
55,17702.5,126,Patrol,0.11,-0.272,-0.151,0.1210
55,17747.4,126,Patrol,0.02,-0.151,-0.097,0.0541
55,17761.9,144,SweepArea,-0.30,-0.017,-0.087,-0.0693
55,17804.1,126,Patrol,-0.05,-0.097,-0.083,0.0137
55,17807.5,147,HeatSweep,-0.18,-0.011,-0.059,-0.0482
55,17830.5,147,SweepArea,-0.38,-0.015,-0.123,-0.1081
55,17845.5,147,AmbushHotChoke,-0.48,-0.114,-0.184,-0.0704
55,17845.9,135,HideSpotCheck,-0.50,0.294,0.142,-0.1515
55,17853.2,135,AmbushHotChoke,-0.22,0.028,-0.018,-0.0460
55,17866.5,135,HideSpotCheck,0.12,0.142,0.156,0.0138
55,17877.7,135,HideSpotCheck,0.38,0.156,0.238,0.0818
55,17922.9,117,Patrol,-0.93,0.087,-0.218,-0.3047
55,17934.0,147,HeatSweep,-0.09,-0.059,-0.056,0.0028
55,17955.7,137,SweepArea,-0.37,0.067,-0.062,-0.1289
55,17962.9,147,HeatSweep,0.12,-0.056,0.013,0.0694
55,17965.7,131,AmbushHotChoke,1.15,0.020,0.381,0.3609
55,17966.0,131,AmbushHotChoke,-0.53,0.381,0.128,-0.2528
56,18011.2,69,Patrol,-0.80,0.080,-0.181,-0.2618
56,18025.0,144,SweepArea,-0.29,-0.087,-0.133,-0.0459
56,18041.2,144,SweepArea,-0.16,-0.133,-0.128,0.0045
56,18057.7,144,SweepArea,-0.07,-0.128,-0.097,0.0315
56,18074.2,144,SweepArea,-0.42,-0.097,-0.180,-0.0829
56,18079.6,144,SweepArea,10.00,-0.180,2.875,3.0543
57,18099.4,144,SweepArea,-0.60,2.875,2.069,-0.8054
57,18107.0,144,HideSpotCheck,0.17,-0.288,0.271,0.5586
57,18115.2,144,SweepArea,-0.23,2.069,1.787,-0.2827
57,18144.5,144,Patrol,0.11,-0.259,-0.030,0.2290
57,18167.3,144,SweepArea,-0.18,1.787,1.206,-0.5805
57,18196.2,126,Patrol,-0.19,-0.083,-0.108,-0.0250
57,18241.3,126,Patrol,-0.73,-0.108,-0.259,-0.1515
57,18280.4,144,Patrol,0.15,-0.030,0.052,0.0823
57,18293.1,108,HideSpotCheck,0.12,0.665,0.532,-0.1329
57,18309.9,109,SweepArea,-0.32,0.191,0.045,-0.1460
57,18335.8,145,Patrol,0.97,-0.592,-0.115,0.4767
57,18341.0,145,Patrol,-0.81,-0.115,-0.320,-0.2042
57,18346.6,69,AmbushHotChoke,-0.02,0.076,0.062,-0.0141
57,18366.2,123,SweepArea,10.00,-0.046,2.968,3.0138
58,18371.6,123,SweepArea,0.90,2.968,2.355,-0.6130
58,18376.8,123,SweepArea,-0.64,2.355,1.462,-0.8928
58,18391.9,68,HideSpotCheck,-0.46,0.107,-0.051,-0.1582
58,18406.3,64,HeatSweep,0.01,0.092,0.239,0.1471
58,18449.2,144,Patrol,0.13,0.052,0.078,0.0258
58,18464.6,136,SweepArea,-0.30,0.012,-0.065,-0.0775
58,18470.3,122,AmbushHotChoke,0.00,0.128,0.118,-0.0105
58,18473.9,122,AmbushHotChoke,-0.19,0.118,0.056,-0.0617
58,18477.9,122,AmbushHotChoke,-0.19,0.056,0.003,-0.0532
58,18485.1,122,HeatSweep,10.00,0.006,3.004,2.9984
59,18487.4,122,HeatSweep,0.06,3.004,2.173,-0.8313
59,18488.9,90,SweepArea,-0.17,0.288,0.232,-0.0563
59,18490.5,90,SweepArea,-0.17,0.232,0.177,-0.0549
59,18490.8,90,HideSpotCheck,-0.50,-0.060,0.164,0.2244
59,18492.1,144,SweepArea,-0.16,1.206,1.133,-0.0731
59,18493.6,144,SweepArea,-0.16,1.133,1.059,-0.0740
59,18494.9,144,SweepArea,-0.16,1.059,0.989,-0.0703
59,18496.4,144,SweepArea,-0.26,0.989,0.888,-0.1008
59,18497.9,144,SweepArea,-0.36,0.888,0.759,-0.1290
59,18508.9,144,SweepArea,0.74,0.759,0.768,0.0089
59,18510.0,144,SweepArea,-1.58,0.768,0.086,-0.6819
59,18523.3,80,HeatSweep,0.02,0.142,0.146,0.0036
59,18523.6,144,HideSpotCheck,-0.50,0.271,0.119,-0.1512
59,18523.9,144,HideSpotCheck,-0.50,0.119,-0.031,-0.1505
59,18524.2,144,HideSpotCheck,-0.50,-0.031,-0.143,-0.1115
59,18525.7,144,SweepArea,-0.17,0.086,0.038,-0.0479
59,18570.7,144,Patrol,-0.80,0.078,-0.183,-0.2604
59,18578.2,144,SweepArea,-0.05,0.038,0.033,-0.0055
59,18587.1,144,SweepArea,-0.09,0.033,0.015,-0.0172
59,18595.6,144,SweepArea,-0.24,0.015,-0.041,-0.0561
59,18625.7,144,Patrol,0.12,-0.183,-0.086,0.0964
59,18648.5,144,SweepArea,-0.38,-0.041,-0.133,-0.0922
59,18677.3,144,Patrol,-0.02,-0.086,-0.060,0.0268
59,18722.5,144,Patrol,-0.80,-0.060,-0.280,-0.2209
59,18737.0,145,SweepArea,-0.29,-0.513,-0.440,0.0729
59,18746.7,145,HideSpotCheck,0.30,-0.148,-0.003,0.1451
59,18756.6,145,HideSpotCheck,0.15,-0.003,0.052,0.0556
59,18786.5,145,Patrol,-0.03,-0.320,-0.232,0.0871
59,18790.0,147,HeatSweep,-0.19,0.013,-0.043,-0.0558
59,18793.5,147,HeatSweep,-0.18,-0.043,-0.082,-0.0388
60,18838.6,147,Patrol,-0.80,-0.081,-0.294,-0.2132
60,18839.9,144,SweepArea,-0.16,-0.133,-0.114,0.0186
60,18841.4,144,SweepArea,-0.17,-0.114,-0.102,0.0121
60,18843.0,144,SweepArea,-0.17,-0.102,-0.094,0.0083
60,18844.5,144,SweepArea,-0.26,-0.094,-0.118,-0.0238
60,18846.1,144,SweepArea,-0.37,-0.118,-0.165,-0.0472
60,18891.1,144,Patrol,-0.95,-0.280,-0.479,-0.1981
60,18891.4,144,HideSpotCheck,-0.50,-0.143,-0.221,-0.0781
60,18900.2,144,SweepArea,0.07,-0.165,-0.077,0.0884
60,18916.8,144,SweepArea,-0.02,-0.077,-0.046,0.0309
60,18945.9,126,Patrol,0.11,-0.259,-0.142,0.1170
60,18946.2,126,HideSpotCheck,-0.50,-0.289,-0.323,-0.0341
60,18990.8,126,Patrol,-0.13,-0.142,-0.135,0.0075
60,19005.0,144,SweepArea,-0.29,-0.046,-0.105,-0.0595
60,19034.1,126,Patrol,-0.19,-0.135,-0.145,-0.0102
60,19078.9,126,Patrol,-0.13,-0.145,-0.137,0.0078
60,19093.6,144,SweepArea,-0.30,-0.105,-0.149,-0.0439
60,19122.6,126,Patrol,-0.19,-0.137,-0.148,-0.0108
60,19137.8,127,AmbushHotChoke,-0.33,-0.432,-0.379,0.0525
60,19148.9,109,HideSpotCheck,0.14,0.154,0.175,0.0216
60,19165.5,109,SweepArea,-0.32,0.045,-0.041,-0.0858
60,19176.7,109,HideSpotCheck,0.29,0.175,0.240,0.0643
60,19187.8,109,HideSpotCheck,0.14,0.240,0.250,0.0107
60,19199.0,109,HideSpotCheck,0.30,0.250,0.307,0.0563
60,19199.3,109,HideSpotCheck,-5.00,0.307,-1.285,-1.5920
61,19214.2,109,HideSpotCheck,-0.50,-1.285,-1.037,0.2486
61,19259.4,126,Patrol,-0.80,-0.148,-0.341,-0.1931
61,19261.0,144,SweepArea,-0.17,-0.149,-0.127,0.0224
61,19286.2,144,SweepArea,-0.45,-0.127,-0.215,-0.0879
61,19288.5,126,HideSpotCheck,0.38,-0.323,-0.086,0.2373
61,19290.3,126,HideSpotCheck,0.23,-0.086,0.036,0.1221
61,19292.3,126,HideSpotCheck,0.23,0.036,0.121,0.0850
61,19294.2,126,HideSpotCheck,0.13,0.121,0.157,0.0358
61,19338.0,126,Patrol,0.67,-0.341,-0.034,0.3072
61,19342.8,126,Patrol,-0.99,-0.034,-0.281,-0.2471
61,19357.8,82,HeatSweep,-0.50,1.542,0.942,-0.5995
61,19361.7,146,HideSpotCheck,0.40,0.050,0.178,0.1277
61,19363.7,146,HideSpotCheck,0.23,0.178,0.242,0.0639
61,19365.5,146,HideSpotCheck,0.23,0.242,0.304,0.0629
61,19367.5,146,HideSpotCheck,0.13,0.304,0.335,0.0302
61,19408.4,146,Patrol,-0.05,-0.174,-0.057,0.1168
61,19421.0,122,HeatSweep,0.02,2.173,1.544,-0.6290
61,19427.0,144,SweepArea,0.09,-0.215,-0.050,0.1650
61,19428.8,146,HideSpotCheck,0.23,0.335,0.395,0.0608
61,19430.7,146,HideSpotCheck,0.23,0.395,0.454,0.0587
61,19432.7,146,HideSpotCheck,0.23,0.454,0.509,0.0553
61,19434.5,146,HideSpotCheck,0.13,0.509,0.535,0.0257
61,19436.6,146,HideSpotCheck,0.03,0.535,0.528,-0.0071
61,19438.4,146,HideSpotCheck,-0.07,0.528,0.493,-0.0347
61,19440.2,146,HideSpotCheck,-0.77,0.493,0.250,-0.2437
61,19442.1,146,HideSpotCheck,-1.02,0.250,-0.062,-0.3122
61,19455.0,146,AmbushHotChoke,0.00,0.069,0.289,0.2198
61,19469.2,122,HeatSweep,0.01,1.544,1.125,-0.4189
61,19484.2,146,AmbushHotChoke,-0.51,0.289,0.205,-0.0840
61,19498.0,122,HeatSweep,-0.29,1.125,0.731,-0.3937
61,19512.4,146,AmbushHotChoke,0.00,0.205,0.248,0.0426
61,19526.9,122,HeatSweep,-0.29,0.731,0.459,-0.2725
61,19541.6,146,AmbushHotChoke,-0.01,0.248,0.236,-0.0111
61,19554.3,122,HeatSweep,-0.28,0.459,0.254,-0.2051
61,19560.8,144,SweepArea,-0.22,-0.050,-0.048,0.0012
61,19573.9,146,AmbushHotChoke,0.00,0.236,0.206,-0.0307
61,19577.8,122,AmbushHotChoke,-0.19,0.003,0.008,0.0048
61,19590.4,122,HeatSweep,-0.28,0.254,0.110,-0.1436
61,19597.2,144,SweepArea,-0.22,-0.048,-0.056,-0.0071
61,19611.1,146,AmbushHotChoke,0.00,0.206,0.357,0.1515
61,19624.1,123,SweepArea,-0.28,1.462,1.165,-0.2966
61,19640.6,123,SweepArea,-0.32,1.165,0.733,-0.4324
61,19651.1,117,HideSpotCheck,0.30,0.061,0.149,0.0886
61,19662.1,117,HideSpotCheck,0.14,0.149,0.172,0.0228
61,19672.7,117,HideSpotCheck,0.30,0.172,0.241,0.0688
61,19683.4,117,HideSpotCheck,0.04,0.241,0.223,-0.0180
61,19693.8,117,HideSpotCheck,0.10,0.223,0.226,0.0029
61,19705.5,117,HideSpotCheck,-0.17,0.226,0.145,-0.0809
61,19720.7,117,HideSpotCheck,-1.63,0.145,-0.366,-0.5111
61,19735.9,117,HeatSweep,-0.65,0.046,-0.157,-0.2023
61,19736.2,145,HideSpotCheck,-0.50,0.052,-0.098,-0.1502
62,19781.4,145,Patrol,-0.80,-0.232,-0.400,-0.1678
62,19785.1,144,SweepArea,-0.01,-0.056,-0.018,0.0373
62,19788.6,144,SweepArea,-0.03,-0.018,0.001,0.0198
62,19792.5,144,SweepArea,-0.04,0.001,0.014,0.0129
62,19799.6,144,SweepArea,-0.02,0.014,0.024,0.0098
62,19801.1,144,SweepArea,-0.36,0.024,-0.065,-0.0892
62,19802.7,144,SweepArea,-0.47,-0.065,-0.158,-0.0931
62,19804.1,144,SweepArea,-1.16,-0.158,-0.432,-0.2743
62,19804.5,144,HideSpotCheck,-0.50,-0.221,-0.275,-0.0547
62,19804.8,144,HideSpotCheck,-0.50,-0.275,-0.314,-0.0382
62,19805.1,144,HideSpotCheck,-0.50,-0.314,-0.340,-0.0268
62,19805.4,144,HideSpotCheck,-0.60,-0.340,-0.389,-0.0487
62,19805.7,144,HideSpotCheck,-0.70,-0.389,-0.453,-0.0642
62,19807.2,144,SweepArea,-0.16,-0.432,-0.325,0.1079
62,19808.8,144,SweepArea,-0.17,-0.325,-0.250,0.0749
62,19810.3,144,SweepArea,-0.16,-0.250,-0.197,0.0529
62,19811.9,144,SweepArea,-0.27,-0.197,-0.191,0.0062
62,19813.5,144,SweepArea,-0.37,-0.191,-0.216,-0.0249
62,19814.8,144,SweepArea,-0.46,-0.216,-0.262,-0.0468
62,19854.0,144,Patrol,0.03,-0.479,-0.322,0.1567
62,19858.0,144,SweepArea,-0.19,-0.262,-0.217,0.0455
62,19862.5,144,SweepArea,-0.20,-0.217,-0.187,0.0300
62,19869.2,144,SweepArea,0.08,-0.187,-0.085,0.1019
62,19870.8,144,SweepArea,-0.27,-0.085,-0.112,-0.0268
62,19872.1,144,SweepArea,-0.36,-0.112,-0.159,-0.0478
62,19873.6,144,SweepArea,-0.46,-0.159,-0.224,-0.0640
62,19898.7,144,SweepArea,-1.70,-0.224,-0.660,-0.4362
62,19937.1,144,Patrol,-0.13,-0.322,-0.259,0.0626
62,19982.2,144,Patrol,-0.74,-0.259,-0.388,-0.1286
62,19993.0,108,HideSpotCheck,0.14,0.532,0.507,-0.0251
62,20004.1,108,HideSpotCheck,0.29,0.507,0.529,0.0223
62,20015.1,108,HideSpotCheck,0.14,0.529,0.502,-0.0269
62,20025.4,108,HideSpotCheck,0.20,0.502,0.501,-0.0012
62,20036.3,108,HideSpotCheck,-0.06,0.501,0.420,-0.0817
62,20046.5,108,HideSpotCheck,0.00,0.420,0.369,-0.0506
62,20061.5,108,HideSpotCheck,-1.46,0.369,-0.156,-0.5252
62,20074.5,114,AmbushHotChoke,0.03,0.166,0.135,-0.0311
62,20079.9,128,HideSpotCheck,0.20,-0.159,-0.034,0.1250
62,20093.5,116,HeatSweep,-0.29,0.048,-0.029,-0.0775
62,20108.3,134,AmbushHotChoke,-0.04,0.151,0.104,-0.0471
62,20129.5,116,SweepArea,10.00,0.007,3.005,2.9979
63,20133.4,116,SweepArea,-0.60,3.005,1.931,-1.0736
63,20178.6,144,Patrol,-0.62,-0.388,-0.454,-0.0662
63,20178.9,144,HideSpotCheck,-0.50,-0.453,-0.438,0.0156
63,20179.3,144,HideSpotCheck,-0.50,-0.438,-0.427,0.0109
63,20179.5,144,HideSpotCheck,-0.50,-0.427,-0.419,0.0076
64,20215.4,144,Patrol,0.04,-0.454,-0.297,0.1571
64,20219.6,90,SweepArea,-0.19,0.177,0.090,-0.0866
64,20264.7,144,Patrol,-0.80,-0.297,-0.444,-0.1467
64,20275.8,126,HideSpotCheck,0.14,0.157,0.178,0.0214
64,20286.5,126,HideSpotCheck,0.35,0.178,0.260,0.0819
64,20297.3,126,HideSpotCheck,0.14,0.260,0.270,0.0094
64,20308.3,126,HideSpotCheck,0.25,0.270,0.310,0.0401
64,20319.2,126,HideSpotCheck,-0.06,0.310,0.252,-0.0574
64,20329.6,126,HideSpotCheck,0.05,0.252,0.237,-0.0150
64,20340.2,126,HideSpotCheck,-0.86,0.237,-0.050,-0.2869
64,20350.9,126,HideSpotCheck,-0.90,-0.050,-0.288,-0.2381
64,20396.0,126,Patrol,-0.65,-0.281,-0.390,-0.1089
64,20401.1,144,HideSpotCheck,0.20,-0.419,-0.211,0.2079
64,20441.6,144,Patrol,-0.30,-0.444,-0.398,0.0455
64,20454.7,126,HideSpotCheck,0.12,-0.288,-0.151,0.1369
64,20455.4,126,Patrol,1.00,-0.390,0.052,0.4420
64,20459.6,126,Patrol,-0.11,0.052,0.022,-0.0298
64,20473.1,66,HideSpotCheck,0.47,0.086,0.319,0.2329
64,20473.7,120,Patrol,1.20,0.776,0.931,0.1559
64,20474.0,120,Patrol,-0.30,0.931,0.589,-0.3427
64,20477.4,104,SweepArea,1.17,0.010,0.381,0.3708
64,20477.7,104,SweepArea,1.11,0.381,0.624,0.2432
64,20478.1,104,SweepArea,0.96,0.624,0.748,0.1238
64,20478.4,104,SweepArea,0.86,0.748,0.803,0.0553
64,20478.7,104,SweepArea,0.75,0.803,0.811,0.0074
64,20479.0,104,SweepArea,0.65,0.811,0.784,-0.0260
64,20479.4,104,SweepArea,-0.05,0.784,0.555,-0.2297
64,20479.7,104,SweepArea,-0.31,0.555,0.318,-0.2371
64,20480.0,104,SweepArea,-0.56,0.318,0.075,-0.2422
64,20480.3,104,SweepArea,-0.81,0.075,-0.170,-0.2458
64,20480.6,104,SweepArea,-1.07,-0.170,-0.419,-0.2482
64,20480.9,104,SweepArea,-1.32,-0.419,-0.669,-0.2500
64,20481.2,104,SweepArea,-1.57,-0.669,-0.920,-0.2513
64,20481.5,104,SweepArea,-1.82,-0.920,-1.172,-0.2522
64,20481.8,104,SweepArea,-2.08,-1.172,-1.425,-0.2527
64,20482.1,104,SweepArea,-2.33,-1.425,-1.678,-0.2532
64,20482.5,104,SweepArea,-2.58,-1.678,-1.932,-0.2537
64,20482.8,104,SweepArea,-2.84,-1.932,-2.186,-0.2538
64,20483.1,104,SweepArea,-3.09,-2.186,-2.439,-0.2539
64,20483.4,104,SweepArea,-3.14,-2.439,-2.633,-0.1939
64,20483.7,104,SweepArea,-3.40,-2.633,-2.845,-0.2119
64,20484.0,104,SweepArea,-3.65,-2.845,-3.070,-0.2245
64,20484.3,104,SweepArea,10.00,-3.070,0.851,3.9209
65,20484.3,104,SweepArea,-0.25,0.851,0.537,-0.3141
65,20484.7,142,SweepArea,1.20,0.097,0.457,0.3597
65,20485.1,142,SweepArea,1.20,0.457,0.707,0.2502
65,20485.5,142,SweepArea,1.09,0.707,0.849,0.1411
65,20485.8,142,SweepArea,-0.57,0.849,0.470,-0.3785
65,20490.1,90,HideSpotCheck,0.21,0.164,0.201,0.0367
65,20535.2,144,Patrol,-0.80,-0.398,-0.516,-0.1179
65,20548.7,126,Patrol,1.01,0.022,0.333,0.3107
65,20549.8,126,Patrol,-0.42,0.333,0.120,-0.2129
65,20563.4,74,HeatSweep,-0.29,0.089,-0.013,-0.1018
65,20567.5,128,HideSpotCheck,0.38,-0.034,0.108,0.1424
65,20569.4,128,HideSpotCheck,0.23,0.108,0.175,0.0664
65,20614.6,128,Patrol,-0.86,-0.317,-0.477,-0.1598
65,20619.5,114,AmbushHotChoke,-0.20,0.135,0.076,-0.0594
65,20619.8,128,HideSpotCheck,-0.50,0.175,0.024,-0.1508
65,20622.5,128,AmbushHotChoke,-0.18,-0.176,-0.158,0.0177
65,20622.8,128,HideSpotCheck,-0.50,0.024,-0.113,-0.1364
65,20623.1,128,HideSpotCheck,-0.50,-0.113,-0.208,-0.0954
65,20626.2,128,AmbushHotChoke,-0.18,-0.158,-0.147,0.0111
65,20628.7,128,AmbushHotChoke,-0.17,-0.147,-0.137,0.0104
65,20632.4,128,AmbushHotChoke,-0.19,-0.137,-0.134,0.0021
65,20638.1,128,AmbushHotChoke,-0.10,-0.134,-0.105,0.0296
65,20642.6,114,AmbushHotChoke,-0.39,0.076,-0.044,-0.1197
65,20655.5,114,SweepArea,-0.28,0.029,-0.049,-0.0785
65,20670.7,114,HeatSweep,-0.50,0.023,-0.121,-0.1441
65,20673.6,144,HideSpotCheck,0.22,-0.211,-0.056,0.1555
65,20675.5,144,HideSpotCheck,0.23,-0.056,0.057,0.1129
65,20677.5,144,HideSpotCheck,0.23,0.057,0.136,0.0787
65,20722.6,144,Patrol,-0.85,-0.516,-0.615,-0.0985
65,20727.2,114,AmbushHotChoke,-0.01,-0.044,-0.012,0.0317
65,20731.3,114,AmbushHotChoke,-0.19,-0.012,-0.044,-0.0315
65,20734.9,114,AmbushHotChoke,-0.19,-0.044,-0.064,-0.0204
65,20748.6,114,SweepArea,-0.29,-0.049,-0.107,-0.0577
65,20755.6,114,AmbushHotChoke,-0.02,-0.064,-0.031,0.0327
65,20759.6,114,AmbushHotChoke,-0.19,-0.031,-0.057,-0.0253
65,20773.2,114,SweepArea,-0.29,-0.107,-0.148,-0.0405
65,20778.5,114,AmbushHotChoke,0.00,-0.057,-0.019,0.0381
65,20781.9,114,AmbushHotChoke,-0.18,-0.019,-0.048,-0.0295
65,20794.9,115,HeatSweep,0.02,0.074,0.065,-0.0081
65,20795.2,145,HideSpotCheck,-0.50,-0.098,-0.203,-0.1055
65,20795.5,145,HideSpotCheck,-0.50,-0.203,-0.277,-0.0738
65,20795.8,145,HideSpotCheck,-0.50,-0.277,-0.329,-0.0517
65,20796.1,145,HideSpotCheck,-0.60,-0.329,-0.395,-0.0662
65,20796.5,145,HideSpotCheck,-0.70,-0.395,-0.471,-0.0764
65,20831.3,145,Patrol,0.03,-0.400,-0.270,0.1298
65,20844.5,109,SweepArea,-0.28,-0.041,-0.111,-0.0698
65,20860.7,109,SweepArea,-0.31,-0.111,-0.168,-0.0578
65,20877.0,109,SweepArea,-0.31,-0.168,-0.209,-0.0411
65,20892.3,109,AmbushHotChoke,-0.65,-0.198,-0.324,-0.1262
65,20896.2,127,AmbushHotChoke,-0.19,-0.379,-0.304,0.0751
65,20901.0,127,SweepArea,-0.03,-0.882,-0.610,0.2719
65,20906.4,127,AmbushHotChoke,-0.20,-0.304,-0.257,0.0468
65,20909.9,127,AmbushHotChoke,-0.18,-0.257,-0.217,0.0402
65,20914.0,127,AmbushHotChoke,-0.19,-0.217,-0.192,0.0255
65,20917.5,127,AmbushHotChoke,-0.28,-0.192,-0.201,-0.0095
65,20930.0,127,AmbushHotChoke,-0.13,-0.201,-0.173,0.0281
65,20944.7,145,SweepArea,0.00,-0.440,-0.297,0.1433
65,20973.8,127,Patrol,0.11,-0.537,-0.338,0.1985
65,20988.6,127,AmbushHotChoke,0.04,-0.173,-0.103,0.0707
66,21033.7,145,Patrol,-0.80,-0.270,-0.426,-0.1551
66,21041.1,144,HideSpotCheck,0.18,0.136,0.173,0.0369
66,21070.0,126,Patrol,0.11,0.120,0.125,0.0055
66,21115.0,126,Patrol,-0.73,0.125,-0.127,-0.2523
66,21119.0,144,HideSpotCheck,0.40,0.173,0.283,0.1102
66,21120.8,144,HideSpotCheck,0.23,0.283,0.344,0.0616
66,21122.8,144,HideSpotCheck,0.23,0.344,0.403,0.0590
66,21124.7,144,HideSpotCheck,0.13,0.403,0.432,0.0284
66,21126.8,144,HideSpotCheck,0.03,0.432,0.427,-0.0047
66,21128.9,144,HideSpotCheck,0.08,0.427,0.439,0.0122
66,21170.1,144,Patrol,0.00,-0.615,-0.413,0.2016
66,21182.7,144,HideSpotCheck,0.29,0.439,0.462,0.0232
66,21183.3,144,HideSpotCheck,10.00,0.462,3.324,2.8613
67,21196.4,144,HideSpotCheck,0.41,3.324,2.944,-0.3799
67,21207.4,144,HideSpotCheck,0.34,2.944,2.665,-0.2787
68,21252.4,144,Patrol,-0.80,-0.413,-0.450,-0.0366
68,21267.5,144,HideSpotCheck,-0.32,2.665,1.780,-0.8849
68,21270.8,68,HeatSweep,0.12,0.080,0.329,0.2494
68,21281.7,82,HeatSweep,0.04,0.942,0.762,-0.1800
68,21282.0,130,HideSpotCheck,-0.50,0.527,0.374,-0.1523
68,21282.3,130,HideSpotCheck,-0.50,0.374,0.223,-0.1516
68,21298.5,130,SweepArea,-0.15,0.008,0.212,0.2046
68,21315.3,116,SweepArea,-0.17,1.931,1.548,-0.3835
68,21331.3,116,SweepArea,-0.16,1.548,1.239,-0.3087
68,21347.3,116,SweepArea,-0.41,1.239,1.043,-0.1957
68,21349.5,152,HideSpotCheck,10.00,2.263,4.584,2.3213
69,21362.5,152,HideSpotCheck,-0.50,4.584,3.304,-1.2804
69,21365.3,144,HideSpotCheck,0.40,1.780,1.827,0.0466
69,21367.3,144,HideSpotCheck,0.23,1.827,1.842,0.0147
69,21371.4,144,SweepArea,-0.19,-0.660,-0.071,0.5886
69,21373.2,144,HideSpotCheck,0.44,1.842,1.925,0.0837
69,21375.3,144,HideSpotCheck,0.23,1.925,1.936,0.0111
69,21377.2,144,HideSpotCheck,0.23,1.936,1.950,0.0136
69,21379.0,144,HideSpotCheck,0.36,1.950,2.006,0.0562
69,21381.1,144,HideSpotCheck,0.03,2.006,1.955,-0.0512
69,21383.2,144,HideSpotCheck,-0.07,1.955,1.875,-0.0805
69,21385.2,144,HideSpotCheck,-0.77,1.875,1.588,-0.2863
69,21387.2,144,HideSpotCheck,-1.02,1.588,1.236,-0.3519
69,21389.4,144,HideSpotCheck,-1.27,1.236,0.815,-0.4210
69,21391.5,144,HideSpotCheck,-1.52,0.815,0.334,-0.4817
69,21393.3,144,HideSpotCheck,-1.77,0.334,-0.206,-0.5397
69,21398.1,144,SweepArea,-0.05,-0.071,-0.041,0.0306
69,21443.2,144,Patrol,-0.77,-0.450,-0.544,-0.0946
69,21443.5,144,HideSpotCheck,-0.50,-0.206,-0.265,-0.0587
69,21453.3,144,SweepArea,-0.25,-0.041,-0.085,-0.0441
69,21498.3,144,Patrol,-0.93,-0.544,-0.657,-0.1126
69,21522.5,144,SweepArea,-0.09,-0.085,-0.078,0.0063
69,21567.7,126,Patrol,-0.80,-0.127,-0.326,-0.1994
69,21574.0,144,SweepArea,0.09,-0.078,-0.008,0.0709
69,21578.9,144,SweepArea,-0.20,-0.008,-0.042,-0.0342
69,21583.7,144,SweepArea,-0.20,-0.042,-0.066,-0.0239
69,21588.3,144,SweepArea,0.01,-0.066,-0.022,0.0436
69,21603.0,96,HeatSweep,0.00,0.094,0.076,-0.0174
69,21611.1,128,AmbushHotChoke,0.07,-0.105,-0.038,0.0668
69,21614.3,128,AmbushHotChoke,-0.18,-0.038,-0.064,-0.0255
69,21618.4,128,AmbushHotChoke,-0.19,-0.064,-0.084,-0.0209
69,21622.2,128,AmbushHotChoke,-0.29,-0.084,-0.128,-0.0437
69,21634.8,128,HeatSweep,0.02,-0.300,-0.187,0.1128
69,21641.3,144,SweepArea,-0.05,-0.022,-0.010,0.0117
69,21686.3,144,Patrol,-0.90,-0.657,-0.729,-0.0721
69,21695.2,145,SweepArea,-0.24,-0.297,-0.270,0.0272
69,21697.1,145,HideSpotCheck,0.38,-0.471,-0.202,0.2697
69,21699.2,145,HideSpotCheck,0.23,-0.202,-0.058,0.1433
69,21701.0,145,HideSpotCheck,0.23,-0.058,0.043,0.1011
69,21702.8,145,HideSpotCheck,0.13,0.043,0.083,0.0408
69,21747.9,145,Patrol,-0.91,-0.426,-0.568,-0.1426
69,21748.2,145,HideSpotCheck,-0.50,0.083,-0.066,-0.1495
69,21748.5,145,HideSpotCheck,-0.50,-0.066,-0.180,-0.1142
69,21748.7,145,HideSpotCheck,-0.50,-0.180,-0.260,-0.0799
69,21749.0,145,HideSpotCheck,-0.60,-0.260,-0.346,-0.0860
69,21758.3,145,SweepArea,-0.24,-0.270,-0.252,0.0176
69,21761.9,145,SweepArea,-0.19,-0.252,-0.219,0.0328
69,21766.1,145,SweepArea,-0.04,-0.219,-0.153,0.0658
69,21769.9,145,SweepArea,-0.14,-0.153,-0.136,0.0173
69,21773.6,145,SweepArea,-0.39,-0.136,-0.199,-0.0626
69,21777.7,145,SweepArea,-0.49,-0.199,-0.274,-0.0752
69,21781.7,145,SweepArea,-1.04,-0.274,-0.491,-0.2169
69,21826.8,145,Patrol,-0.90,-0.568,-0.668,-0.0994
69,21827.1,145,HideSpotCheck,-0.50,-0.346,-0.376,-0.0302
69,21827.1,145,HideSpotCheck,-5.00,-0.376,-1.763,-1.3871
70,21827.5,145,HideSpotCheck,-0.35,-1.763,-1.324,0.4391
70,21852.6,145,SweepArea,-0.57,-0.491,-0.506,-0.0150
70,21854.1,144,SweepArea,-0.16,-0.010,-0.029,-0.0188
70,21855.4,144,SweepArea,-0.16,-0.029,-0.042,-0.0126
70,21898.1,144,Patrol,-0.02,-0.729,-0.513,0.2160
70,21912.6,128,AmbushHotChoke,0.10,-0.128,-0.051,0.0776
70,21923.4,128,AmbushHotChoke,0.04,-0.051,-0.006,0.0450
70,21948.5,144,SweepArea,-0.42,-0.042,-0.070,-0.0279
70,21963.6,116,AmbushHotChoke,-0.50,-0.005,-0.134,-0.1287
70,21972.0,80,HeatSweep,-0.23,0.146,0.101,-0.0442
70,21977.5,146,AmbushHotChoke,-0.01,0.357,0.264,-0.0937
70,21980.2,128,AmbushHotChoke,-0.18,-0.006,-0.038,-0.0329
70,21990.1,128,HeatSweep,-0.25,-0.187,0.390,0.5767
70,21999.5,152,HeatSweep,-0.04,0.038,0.088,0.0499
70,22009.1,128,HeatSweep,-0.25,0.390,0.804,0.4141
70,22013.6,152,HideSpotCheck,0.21,3.304,3.162,-0.1419
70,22015.7,152,HideSpotCheck,0.23,3.162,3.132,-0.0295
70,22018.0,152,HideSpotCheck,0.23,3.132,3.097,-0.0354
70,22020.1,152,HideSpotCheck,0.13,3.097,3.044,-0.0528
70,22021.9,152,HideSpotCheck,0.03,3.044,2.969,-0.0751
70,22023.9,152,HideSpotCheck,-0.07,2.969,2.862,-0.1070
70,22039.0,152,AmbushHotChoke,-0.51,-0.003,-0.134,-0.1313
70,22048.9,98,HideSpotCheck,0.15,0.145,0.665,0.5202
70,22058.8,152,HideSpotCheck,0.31,2.862,2.284,-0.5784
70,22068.1,116,SweepArea,-0.24,1.043,0.852,-0.1915
70,22076.8,116,SweepArea,-0.24,0.852,0.545,-0.3068
70,22080.7,134,AmbushHotChoke,-0.02,0.104,0.627,0.5230
70,22081.0,152,HideSpotCheck,-0.50,2.284,2.124,-0.1599
70,22081.2,152,HideSpotCheck,-0.50,2.124,1.965,-0.1590
70,22081.5,152,HideSpotCheck,-0.50,1.965,1.806,-0.1583
70,22081.8,152,HideSpotCheck,-0.60,1.806,1.619,-0.1879
70,22082.1,152,HideSpotCheck,-0.70,1.619,1.401,-0.2171
70,22082.5,152,HideSpotCheck,-0.80,1.401,1.153,-0.2481
70,22092.7,152,SweepArea,-0.25,0.063,0.080,0.0168
70,22097.1,134,AmbushHotChoke,-0.03,0.627,0.706,0.0783
70,22106.9,152,SweepArea,-0.25,0.080,0.127,0.0472
70,22114.2,128,HeatSweep,-0.02,0.804,0.796,-0.0080
70,22129.2,152,HeatSweep,-0.51,0.088,-0.015,-0.1031
70,22142.7,116,SweepArea,-0.28,0.545,0.470,-0.0751
70,22143.9,152,HideSpotCheck,0.99,1.153,1.118,-0.0355
70,22146.5,152,HideSpotCheck,-0.20,1.118,0.805,-0.3126
70,22161.5,68,HeatSweep,-0.65,0.329,0.048,-0.2818
70,22178.3,136,SweepArea,-0.32,-0.065,-0.112,-0.0475
70,22187.8,130,HideSpotCheck,0.30,0.223,0.288,0.0656
70,22196.6,130,SweepArea,-0.24,0.212,0.133,-0.0796
70,22206.5,130,HideSpotCheck,0.30,0.288,0.316,0.0276
70,22211.2,131,AmbushHotChoke,-0.04,0.128,0.110,-0.0181
70,22213.7,153,AmbushHotChoke,-0.18,0.130,0.073,-0.0575
70,22223.3,153,SweepArea,-0.25,0.031,-0.032,-0.0627
70,22230.4,131,HeatSweep,-0.02,-0.039,-0.017,0.0217
70,22245.4,153,AmbushHotChoke,-0.31,0.073,0.060,-0.0133
70,22259.1,123,SweepArea,0.06,0.733,0.641,-0.0920
70,22275.3,123,SweepArea,-0.16,0.641,0.484,-0.1567
70,22291.6,123,SweepArea,-0.16,0.484,0.354,-0.1308
70,22311.3,123,SweepArea,-0.45,0.354,0.119,-0.2344
70,22312.9,145,SweepArea,-0.37,-0.506,-0.450,0.0559
70,22338.0,145,SweepArea,-0.85,-0.450,-0.568,-0.1182
70,22347.6,147,SweepArea,-0.95,-0.123,-0.361,-0.2375
71,22392.8,145,Patrol,-0.80,-0.668,-0.705,-0.0372
71,22405.9,126,HideSpotCheck,0.31,-0.151,0.001,0.1523
71,22416.5,126,HideSpotCheck,0.14,0.001,0.061,0.0600
71,22427.0,126,HideSpotCheck,0.37,0.061,0.171,0.1095
72,22469.3,126,Patrol,-0.02,-0.326,-0.228,0.0979
72,22472.1,90,HideSpotCheck,0.22,0.201,0.233,0.0322
72,22476.1,144,SweepArea,-0.19,-0.070,-0.082,-0.0120
72,22479.7,144,SweepArea,-0.19,-0.082,-0.088,-0.0066
72,22483.5,144,SweepArea,-0.19,-0.088,-0.094,-0.0055
72,22487.4,144,SweepArea,-0.29,-0.094,-0.128,-0.0345
72,22491.5,144,SweepArea,-0.39,-0.128,-0.183,-0.0546
72,22495.5,144,SweepArea,-0.34,-0.183,-0.206,-0.0231
72,22499.6,144,SweepArea,-1.04,-0.206,-0.432,-0.2258
72,22503.6,144,SweepArea,-1.44,-0.432,-0.710,-0.2780
72,22505.4,144,HideSpotCheck,0.38,-0.265,-0.043,0.2215
72,22507.5,144,HideSpotCheck,0.23,-0.043,0.065,0.1084
72,22509.5,144,HideSpotCheck,0.23,0.065,0.141,0.0760
72,22511.4,144,HideSpotCheck,0.13,0.141,0.177,0.0356
72,22513.2,144,HideSpotCheck,0.03,0.177,0.182,0.0047
72,22515.2,144,HideSpotCheck,-0.07,0.182,0.155,-0.0265
72,22517.1,144,HideSpotCheck,-0.77,0.155,-0.080,-0.2347
72,22521.3,144,SweepArea,-0.19,-0.710,-0.531,0.1792
72,22523.2,144,HideSpotCheck,0.38,-0.080,0.086,0.1660
72,22525.1,144,HideSpotCheck,0.23,0.086,0.156,0.0700
72,22526.9,144,HideSpotCheck,0.23,0.156,0.222,0.0654
72,22529.0,144,HideSpotCheck,0.13,0.222,0.254,0.0323
72,22530.9,144,HideSpotCheck,0.03,0.254,0.256,0.0018
72,22532.9,144,HideSpotCheck,-0.07,0.256,0.227,-0.0285
72,22534.8,144,HideSpotCheck,-0.77,0.227,-0.009,-0.2366
72,22536.8,144,HideSpotCheck,-1.02,-0.009,-0.286,-0.2764
72,22581.8,144,Patrol,-0.78,-0.513,-0.589,-0.0758
72,22582.1,144,HideSpotCheck,-0.50,-0.286,-0.320,-0.0348
72,22582.5,144,HideSpotCheck,-0.50,-0.320,-0.345,-0.0244
72,22582.9,144,HideSpotCheck,-0.50,-0.345,-0.362,-0.0172
72,22583.2,144,HideSpotCheck,-0.60,-0.362,-0.404,-0.0422
72,22583.5,144,HideSpotCheck,-0.70,-0.404,-0.464,-0.0595
72,22583.8,144,HideSpotCheck,-0.80,-0.464,-0.535,-0.0717
72,22585.2,144,SweepArea,-0.16,-0.531,-0.393,0.1372
72,22586.6,144,SweepArea,-0.16,-0.393,-0.297,0.0968
72,22588.0,144,SweepArea,-0.16,-0.297,-0.230,0.0670
72,22608.8,144,SweepArea,-0.16,-0.230,-0.198,0.0317
72,22613.4,144,SweepArea,-0.25,-0.198,-0.189,0.0093
72,22618.1,144,SweepArea,-0.34,-0.189,-0.212,-0.0235
72,22622.4,144,SweepArea,-1.19,-0.212,-0.483,-0.2707
72,22624.3,144,HideSpotCheck,0.23,-0.535,-0.278,0.2570
72,22626.3,144,HideSpotCheck,0.23,-0.278,-0.099,0.1792
72,22628.1,144,HideSpotCheck,0.23,-0.099,0.027,0.1263
72,22630.1,144,HideSpotCheck,0.13,0.027,0.085,0.0579
72,22631.9,144,HideSpotCheck,0.03,0.085,0.096,0.0108
72,22634.0,144,HideSpotCheck,-0.07,0.096,0.073,-0.0233
72,22636.0,144,HideSpotCheck,-0.77,0.073,-0.153,-0.2259
72,22638.1,144,HideSpotCheck,-1.02,-0.153,-0.387,-0.2336
72,22640.2,144,HideSpotCheck,-1.27,-0.387,-0.626,-0.2387
72,22644.9,144,SweepArea,-0.20,-0.483,-0.374,0.1091
72,22678.0,144,Patrol,0.82,-0.589,-0.162,0.4271
72,22679.0,144,Patrol,-0.74,-0.162,-0.331,-0.1696
72,22719.6,74,Patrol,-0.01,0.057,0.042,-0.0151
72,22764.8,144,Patrol,-1.05,-0.331,-0.546,-0.2147
72,22774.2,145,SweepArea,-0.09,-0.568,-0.416,0.1518
72,22778.0,145,SweepArea,-0.04,-0.416,-0.290,0.1264
72,22782.0,145,SweepArea,-0.19,-0.290,-0.247,0.0424
72,22785.9,145,SweepArea,-0.14,-0.247,-0.202,0.0450
72,22810.3,145,SweepArea,-0.29,-0.202,-0.223,-0.0204
72,22827.5,145,SweepArea,-0.32,-0.223,-0.246,-0.0234
72,22836.7,145,SweepArea,-1.24,-0.246,-0.536,-0.2893
72,22845.6,145,SweepArea,-1.49,-0.536,-0.812,-0.2762
72,22874.6,145,Patrol,0.13,-0.705,-0.451,0.2538
72,22919.4,145,Patrol,-0.20,-0.451,-0.373,0.0775
73,22964.6,145,Patrol,-0.80,-0.373,-0.497,-0.1235
73,22977.9,126,HideSpotCheck,0.12,0.171,0.180,0.0094
73,22988.5,126,HideSpotCheck,0.41,0.180,0.268,0.0873
73,23003.5,144,SweepArea,-0.30,-0.374,-0.338,0.0360
73,23020.2,144,SweepArea,-0.32,-0.338,-0.319,0.0186
73,23036.4,144,SweepArea,-0.31,-0.319,-0.282,0.0370
73,23047.0,126,HideSpotCheck,0.35,0.268,0.339,0.0717
73,23047.6,126,Patrol,1.00,-0.228,0.167,0.3954
73,23048.1,126,Patrol,-0.51,0.167,-0.010,-0.1769
73,23051.0,92,AmbushHotChoke,1.12,0.093,0.425,0.3315
73,23051.4,92,AmbushHotChoke,0.97,0.425,0.607,0.1826
73,23051.7,92,AmbushHotChoke,0.96,0.607,0.734,0.1266
73,23052.0,92,AmbushHotChoke,0.86,0.734,0.791,0.0574
73,23052.3,92,AmbushHotChoke,0.76,0.791,0.800,0.0089
73,23052.6,92,AmbushHotChoke,0.65,0.800,0.775,-0.0250
73,23052.9,92,AmbushHotChoke,-0.05,0.775,0.546,-0.2287
73,23053.2,92,AmbushHotChoke,-0.30,0.546,0.310,-0.2363
73,23053.5,92,AmbushHotChoke,-0.55,0.310,0.068,-0.2416
73,23053.9,92,AmbushHotChoke,-0.81,0.068,-0.177,-0.2453
73,23054.3,92,AmbushHotChoke,-1.06,-0.177,-0.425,-0.2483
73,23054.6,92,AmbushHotChoke,-1.32,-0.425,-0.675,-0.2500
73,23054.9,92,AmbushHotChoke,-1.57,-0.675,-0.926,-0.2512
73,23055.2,92,AmbushHotChoke,-1.82,-0.926,-1.178,-0.2519
73,23055.5,92,AmbushHotChoke,-2.07,-1.178,-1.431,-0.2525
73,23055.8,92,AmbushHotChoke,-2.33,-1.431,-1.684,-0.2530
73,23056.1,92,AmbushHotChoke,-2.58,-1.684,-1.937,-0.2533
73,23056.4,92,AmbushHotChoke,-2.83,-1.937,-2.190,-0.2534
73,23056.7,92,AmbushHotChoke,-3.09,-2.190,-2.444,-0.2535
73,23057.0,92,AmbushHotChoke,-3.34,-2.444,-2.698,-0.2536
73,23057.4,92,AmbushHotChoke,-3.39,-2.698,-2.892,-0.1940
73,23057.7,92,AmbushHotChoke,-3.65,-2.892,-3.104,-0.2120
73,23058.0,92,AmbushHotChoke,-3.90,-3.104,-3.328,-0.2246
73,23058.3,92,AmbushHotChoke,-4.15,-3.328,-3.562,-0.2334
73,23058.6,92,AmbushHotChoke,-4.41,-3.562,-3.801,-0.2395
73,23058.9,92,AmbushHotChoke,-4.66,-3.801,-4.045,-0.2438
73,23059.2,92,AmbushHotChoke,-4.91,-4.045,-4.292,-0.2468
73,23059.5,92,AmbushHotChoke,-5.16,-4.292,-4.540,-0.2488
73,23059.9,92,AmbushHotChoke,10.00,-4.540,-0.178,4.3622
74,23059.9,92,AmbushHotChoke,-0.27,-0.178,-0.109,0.0694
74,23060.2,120,Patrol,1.20,0.589,0.795,0.2067
74,23060.6,120,Patrol,1.20,0.795,0.940,0.1442
74,23060.9,120,Patrol,1.19,0.940,1.037,0.0974
74,23061.3,120,Patrol,-0.46,1.037,0.652,-0.3854
74,23100.6,90,Patrol,-0.19,-0.182,-0.182,0.0005
74,23103.6,144,HideSpotCheck,0.22,-0.626,-0.346,0.2792
74,23107.8,144,SweepArea,-0.04,-0.282,-0.186,0.0961
74,23112.5,144,SweepArea,0.06,-0.186,-0.090,0.0957
74,23117.2,144,SweepArea,-0.05,-0.090,-0.054,0.0364
74,23121.9,144,SweepArea,-0.30,-0.054,-0.104,-0.0498
74,23126.7,144,SweepArea,-0.25,-0.104,-0.123,-0.0197
74,23131.5,144,SweepArea,-0.50,-0.123,-0.213,-0.0895
74,23136.5,144,SweepArea,-1.05,-0.213,-0.441,-0.2280
74,23181.7,144,Patrol,-0.71,-0.546,-0.592,-0.0460
74,23192.8,108,HideSpotCheck,0.14,-0.156,-0.052,0.1045
74,23207.9,108,HideSpotCheck,-0.63,-0.052,-0.212,-0.1600
74,23223.0,108,HideSpotCheck,-0.65,-0.212,-0.330,-0.1187
74,23238.8,108,SweepArea,-0.31,-0.268,-0.268,0.0004
74,23255.4,108,SweepArea,-0.17,-0.268,-0.225,0.0426
74,23271.7,108,SweepArea,-0.16,-0.225,-0.194,0.0317
74,23288.0,108,SweepArea,-0.41,-0.194,-0.215,-0.0217
74,23298.8,126,HideSpotCheck,0.35,0.339,0.401,0.0613
74,23309.7,126,HideSpotCheck,0.14,0.401,0.391,-0.0094
74,23324.9,126,HideSpotCheck,-0.64,0.391,0.137,-0.2540
74,23340.1,126,HideSpotCheck,-0.75,0.137,-0.111,-0.2479
74,23385.2,126,Patrol,-0.95,-0.010,-0.289,-0.2794
74,23388.6,144,HideSpotCheck,0.22,-0.346,-0.153,0.1936
74,23389.0,144,HideSpotCheck,1.00,-0.153,0.218,0.3712
74,23389.3,144,HideSpotCheck,-0.23,0.218,0.105,-0.1135
74,23429.0,56,Patrol,0.60,0.055,0.223,0.1682
74,23429.4,56,Patrol,-0.84,0.223,-0.095,-0.3177
74,23434.2,74,InvestigateLastHeard,0.14,0.044,0.096,0.0522
74,23434.5,144,HideSpotCheck,-0.50,0.105,-0.046,-0.1505
74,23434.8,144,HideSpotCheck,-0.50,-0.046,-0.153,-0.1071
74,23435.0,144,HideSpotCheck,-0.50,-0.153,-0.228,-0.0749
74,23464.8,144,Patrol,0.10,-0.592,-0.332,0.2604
74,23469.9,128,SweepArea,-0.05,-0.267,-0.018,0.2493
74,23483.2,128,HeatSweep,0.02,0.796,0.577,-0.2184
74,23511.2,144,Patrol,0.03,-0.332,-0.217,0.1151
74,23524.0,129,AmbushHotChoke,-0.28,0.051,-0.033,-0.0843
74,23526.7,129,AmbushHotChoke,-0.18,-0.033,-0.052,-0.0192
74,23539.1,129,HeatSweep,0.03,-0.034,-0.008,0.0261
74,23574.2,145,Patrol,-0.06,-0.497,-0.361,0.1359
74,23587.3,129,SweepArea,-0.28,-0.096,-0.138,-0.0414
74,23597.9,129,HideSpotCheck,0.37,-0.174,0.005,0.1790
74,23632.5,129,Patrol,-0.09,-0.368,-0.279,0.0896
74,23673.8,117,Patrol,-0.31,-0.218,-0.246,-0.0280
74,23686.9,147,HeatSweep,-0.28,-0.082,-0.133,-0.0518
74,23721.7,145,Patrol,-0.04,-0.361,-0.263,0.0985
74,23734.3,147,HeatSweep,-0.28,-0.133,-0.168,-0.0346
75,23779.3,145,Patrol,-0.80,-0.263,-0.421,-0.1584
75,23783.6,126,HideSpotCheck,0.38,-0.111,0.059,0.1696
75,23785.6,126,HideSpotCheck,0.23,0.059,0.137,0.0781
75,23787.8,126,HideSpotCheck,0.23,0.137,0.201,0.0639
75,23789.8,126,HideSpotCheck,0.13,0.201,0.206,0.0052
75,23835.0,144,Patrol,-0.67,-0.217,-0.349,-0.1329
75,23835.3,144,HideSpotCheck,-0.50,-0.228,-0.280,-0.0525
75,23841.8,144,SweepArea,0.08,-0.441,-0.262,0.1789
75,23846.7,144,SweepArea,-0.20,-0.262,-0.220,0.0419
75,23851.4,144,SweepArea,-0.20,-0.220,-0.190,0.0302
75,23855.2,144,SweepArea,10.00,-0.190,2.867,3.0572
76,23856.3,144,SweepArea,0.10,2.867,2.059,-0.8083
76,23901.4,62,Patrol,-0.80,0.092,-0.115,-0.2070
76,23902.8,144,SweepArea,-0.16,2.059,1.969,-0.0902
76,23904.5,144,SweepArea,-0.17,1.969,1.869,-0.0999
76,23906.1,144,SweepArea,-0.17,1.869,1.774,-0.0951
76,23907.7,144,SweepArea,-0.27,1.774,1.653,-0.1203
76,23909.2,144,SweepArea,-0.37,1.653,1.506,-0.1470
76,23910.6,144,SweepArea,-0.46,1.506,1.335,-0.1712
76,23949.8,144,Patrol,-0.12,-0.349,-0.227,0.1227
76,23953.8,144,SweepArea,1.16,1.335,1.302,-0.0327
76,23954.2,144,SweepArea,10.00,1.302,3.912,2.6094
77,23954.2,144,SweepArea,-0.39,3.912,2.758,-1.1537
77,23969.5,128,HeatSweep,-0.50,0.577,0.632,0.0548
77,23971.0,144,SweepArea,-0.17,2.758,2.647,-0.1109
77,23972.5,144,SweepArea,-0.17,2.647,2.536,-0.1118
77,23974.3,144,SweepArea,-0.17,2.536,2.420,-0.1156
77,23975.7,144,SweepArea,-0.26,2.420,2.288,-0.1317
77,23977.3,144,SweepArea,-0.37,2.288,2.127,-0.1617
77,24022.5,144,Patrol,-0.95,-0.227,-0.382,-0.1548
77,24030.2,144,SweepArea,0.08,2.127,1.941,-0.1861
77,24046.4,144,SweepArea,-0.01,1.941,1.382,-0.5584
77,24056.2,126,HideSpotCheck,0.30,0.206,0.273,0.0670
77,24066.3,126,HideSpotCheck,0.15,0.273,0.285,0.0115
77,24076.3,126,HideSpotCheck,0.15,0.285,0.295,0.0103
77,24083.0,126,HideSpotCheck,0.08,0.295,0.294,-0.0007
77,24090.1,126,HideSpotCheck,0.18,0.294,0.322,0.0274
77,24100.9,126,HideSpotCheck,-0.16,0.322,0.234,-0.0882
77,24129.9,126,Patrol,0.11,-0.289,-0.154,0.1356
77,24152.8,126,SweepArea,-0.21,-0.604,-0.464,0.1401
77,24162.4,126,HideSpotCheck,0.31,0.234,0.269,0.0355
77,24177.7,127,AmbushHotChoke,-0.36,-0.103,-0.179,-0.0761
77,24194.1,109,SweepArea,-0.01,-0.209,-0.146,0.0634
77,24210.3,109,SweepArea,-0.31,-0.146,-0.193,-0.0472
77,24217.2,109,AmbushHotChoke,-0.02,-0.324,-0.228,0.0963
77,24230.2,109,HideSpotCheck,0.12,-1.037,-0.687,0.3497
77,24275.4,109,Patrol,-0.80,-0.761,-0.771,-0.0109
77,24286.1,145,AmbushHotChoke,0.00,-1.557,-1.087,0.4701
77,24301.7,109,SweepArea,-0.01,-0.193,-0.130,0.0628
78,24346.9,145,Patrol,-0.80,-0.421,-0.494,-0.0733
78,24369.4,144,SweepArea,1.01,1.382,1.278,-0.1040
78,24373.9,144,SweepArea,-0.50,1.278,0.801,-0.4770
78,24379.2,82,HeatSweep,0.12,0.762,0.715,-0.0474
78,24389.0,128,HeatSweep,-0.25,0.632,0.402,-0.2305
78,24393.6,158,HideSpotCheck,0.40,0.185,0.275,0.0897
78,24407.3,122,HeatSweep,-0.29,0.110,0.030,-0.0799
78,24414.0,146,AmbushHotChoke,0.08,0.264,0.380,0.1164
78,24418.2,152,AmbushHotChoke,-0.19,-0.134,0.043,0.1772
78,24422.2,152,HideSpotCheck,0.39,0.805,0.876,0.0710
78,24424.0,152,HideSpotCheck,0.23,0.876,0.922,0.0462
78,24426.1,152,HideSpotCheck,0.23,0.922,0.963,0.0409
78,24442.8,152,SweepArea,-0.02,0.127,0.186,0.0588
78,24451.0,144,SweepArea,-0.08,0.801,0.695,-0.1063
78,24459.6,144,SweepArea,-0.09,0.695,0.594,-0.1005
78,24484.7,144,SweepArea,-0.70,0.594,0.255,-0.3394
78,24500.8,144,SweepArea,-0.21,0.255,0.157,-0.0977
78,24516.0,130,HideSpotCheck,-0.63,0.316,0.075,-0.2410
78,24530.5,130,SweepArea,-0.29,0.133,0.023,-0.1093
78,24575.6,130,Patrol,-0.77,0.084,-0.167,-0.2507
78,24579.2,144,HideSpotCheck,0.37,-0.280,-0.047,0.2330
78,24583.5,144,SweepArea,-0.19,0.157,0.090,-0.0674
78,24588.7,144,SweepArea,-0.05,0.090,0.070,-0.0195
78,24613.8,144,SweepArea,-0.68,0.070,-0.074,-0.1442
78,24617.4,152,HideSpotCheck,0.21,0.963,0.979,0.0156
78,24619.2,152,HideSpotCheck,0.23,0.979,1.023,0.0436
78,24621.3,152,HideSpotCheck,0.23,1.023,1.061,0.0383
78,24623.2,152,HideSpotCheck,0.13,1.061,1.070,0.0095
78,24625.0,152,HideSpotCheck,0.03,1.070,1.051,-0.0192
78,24627.0,152,HideSpotCheck,-0.07,1.051,1.000,-0.0515
78,24629.1,152,HideSpotCheck,-0.77,1.000,0.737,-0.2621
78,24631.0,152,HideSpotCheck,-1.02,0.737,0.412,-0.3257
78,24632.9,152,HideSpotCheck,-1.27,0.412,0.019,-0.3929
78,24649.0,152,SweepArea,-0.31,0.186,0.050,-0.1357
78,24658.2,144,HideSpotCheck,0.31,-0.047,0.078,0.1254
78,24668.0,144,HideSpotCheck,0.30,0.078,0.164,0.0856
78,24678.1,144,HideSpotCheck,0.15,0.164,0.188,0.0247
78,24688.2,144,HideSpotCheck,0.20,0.188,0.226,0.0372
78,24698.3,144,HideSpotCheck,-0.05,0.226,0.183,-0.0425
78,24708.2,144,HideSpotCheck,0.00,0.183,0.161,-0.0218
78,24718.1,144,HideSpotCheck,-0.70,0.161,-0.087,-0.2485
78,24746.8,145,Patrol,0.13,-0.494,-0.307,0.1873
78,24760.1,147,HeatSweep,0.03,-0.168,-0.094,0.0741
78,24760.4,129,HideSpotCheck,-0.50,0.005,-0.119,-0.1243
78,24773.0,129,HeatSweep,-0.28,-0.008,-0.080,-0.0720
78,24818.1,145,Patrol,-0.88,-0.307,-0.477,-0.1702
78,24829.4,129,HideSpotCheck,0.14,-0.119,-0.027,0.0923
78,24844.6,129,HideSpotCheck,-0.49,-0.027,-0.152,-0.1254
78,24860.0,111,SweepArea,-0.30,0.090,-0.013,-0.1034
78,24865.9,131,AmbushHotChoke,-0.01,0.110,0.099,-0.0106
78,24869.2,131,AmbushHotChoke,-0.18,0.099,0.040,-0.0594
78,24872.5,131,AmbushHotChoke,-0.18,0.040,-0.006,-0.0453
78,24875.9,131,AmbushHotChoke,-0.28,-0.006,-0.068,-0.0625
78,24889.7,131,HeatSweep,0.01,-0.017,-0.006,0.0112
78,24903.0,147,AmbushHotChoke,-0.28,-0.184,-0.201,-0.0167
78,24916.3,131,HeatSweep,-0.13,-0.006,-0.042,-0.0357
78,24922.2,147,HeatSweep,0.97,-0.094,0.246,0.3400
78,24922.8,147,HeatSweep,-0.50,0.246,0.044,-0.2014
78,24928.0,99,HideSpotCheck,0.20,0.106,0.147,0.0415
78,24943.2,153,AmbushHotChoke,-0.65,0.060,-0.142,-0.2019
78,24957.1,131,SweepArea,-0.29,-0.030,-0.096,-0.0654
79,25002.4,131,Patrol,-0.80,-0.031,-0.254,-0.2234
79,25002.7,126,HideSpotCheck,-0.50,0.269,0.118,-0.1513
79,25003.0,126,HideSpotCheck,-0.50,0.118,-0.033,-0.1505
79,25003.2,126,HideSpotCheck,-0.50,-0.033,-0.144,-0.1110
79,25003.5,126,HideSpotCheck,-0.60,-0.144,-0.251,-0.1077
79,25048.6,126,Patrol,-0.80,-0.154,-0.345,-0.1913
79,25087.5,144,Patrol,0.16,-0.382,-0.216,0.1659
79,25091.8,108,SweepArea,10.00,-0.215,2.849,3.0647
80,25092.4,108,SweepArea,1.10,2.849,2.337,-0.5127
80,25093.3,108,SweepArea,-0.41,2.337,1.565,-0.7715
80,25093.6,90,HideSpotCheck,-0.50,0.233,0.082,-0.1510
80,25133.8,90,Patrol,0.00,-0.182,-0.124,0.0577
80,25173.4,144,Patrol,0.75,-0.216,0.079,0.2943
80,25174.0,144,Patrol,-0.68,0.079,-0.144,-0.2227
80,25177.4,74,InvestigateLastHeard,-0.02,0.096,0.078,-0.0179
80,25180.0,60,InvestigateLastHeard,-0.18,0.063,0.015,-0.0481
80,25195.2,114,AmbushHotChoke,-0.50,-0.048,-0.171,-0.1225
80,25208.1,144,SweepArea,0.02,-0.074,0.017,0.0904
80,25215.4,128,HeatSweep,0.13,0.402,0.341,-0.0608
80,25229.5,144,SweepArea,-0.29,0.017,-0.026,-0.0430
80,25236.7,128,HeatSweep,-0.02,0.341,0.253,-0.0874
80,25251.0,144,SweepArea,-0.29,-0.026,-0.070,-0.0433
80,25258.3,128,HeatSweep,-0.02,0.253,0.192,-0.0618
80,25272.4,144,SweepArea,-0.29,-0.070,-0.108,-0.0387
80,25279.5,128,HeatSweep,-0.02,0.192,0.149,-0.0423
80,25279.8,144,HideSpotCheck,-0.50,-0.087,-0.182,-0.0947
80,25311.4,144,Patrol,0.09,-0.144,-0.068,0.0765
80,25325.1,129,AmbushHotChoke,0.00,-0.052,-0.026,0.0267
80,25337.9,115,HideSpotCheck,0.12,0.067,0.096,0.0290
80,25353.9,115,SweepArea,-0.16,0.047,-0.002,-0.0488
80,25369.1,115,HideSpotCheck,-0.64,0.096,-0.110,-0.2063
80,25384.1,115,HeatSweep,-0.50,0.065,-0.097,-0.1626
80,25419.0,145,Patrol,0.03,-0.477,-0.321,0.1557
80,25464.2,115,Patrol,-0.80,0.056,-0.200,-0.2559
81,25509.3,145,Patrol,-0.80,-0.321,-0.462,-0.1409
81,25554.5,144,Patrol,-0.88,-0.068,-0.309,-0.2419
81,25593.9,144,Patrol,-0.04,-0.309,-0.227,0.0828
81,25609.1,60,HeatSweep,-0.50,0.034,-0.113,-0.1472
81,25609.4,144,HideSpotCheck,-0.47,-0.182,-0.240,-0.0578
81,25610.8,144,SweepArea,-0.16,-0.108,-0.098,0.0109
81,25612.3,144,SweepArea,-0.17,-0.098,-0.090,0.0072
81,25637.4,144,SweepArea,-0.51,-0.090,-0.209,-0.1183
81,25642.4,74,InvestigateLastHeard,0.14,0.078,0.118,0.0399
81,25647.4,150,HideSpotCheck,0.20,0.097,0.151,0.0533
81,25661.7,150,HeatSweep,0.01,0.020,0.070,0.0509
81,25672.9,146,AmbushHotChoke,-0.04,0.380,0.373,-0.0071
81,25679.7,134,AmbushHotChoke,-0.22,0.706,0.578,-0.1276
81,25691.5,134,HeatSweep,0.04,0.027,0.056,0.0288
81,25703.3,128,HeatSweep,-0.27,0.149,0.035,-0.1148
81,25742.7,152,Patrol,-0.29,0.063,-0.041,-0.1045
81,25756.3,152,SweepArea,-0.29,0.050,-0.042,-0.0923
81,25771.3,152,AmbushHotChoke,-0.52,0.043,-0.115,-0.1585
81,25785.4,128,HeatSweep,0.01,0.035,0.081,0.0468
81,25795.0,146,AmbushHotChoke,0.00,0.373,0.347,-0.0260
81,25808.8,116,SweepArea,-0.29,0.470,0.294,-0.1764
81,25817.7,146,AmbushHotChoke,-0.02,0.347,0.294,-0.0531
81,25821.8,116,HideSpotCheck,0.21,0.007,0.138,0.1319
81,25847.0,116,SweepArea,-0.60,0.294,0.029,-0.2643
81,25892.1,145,Patrol,-0.89,-0.462,-0.584,-0.1215
81,25907.3,135,HideSpotCheck,-0.65,0.238,0.004,-0.2341
81,25920.6,135,SweepArea,-0.28,0.059,-0.035,-0.0938
81,25935.8,135,HideSpotCheck,-0.63,0.004,-0.183,-0.1870
81,25943.8,135,AmbushHotChoke,-5.00,-0.018,-1.512,-1.4947
82,25951.1,135,AmbushHotChoke,-0.50,-1.512,-1.196,0.3165
82,25964.6,126,HideSpotCheck,0.11,-0.251,-0.127,0.1245
82,25979.7,126,HideSpotCheck,-0.54,-0.127,-0.161,-0.0336
83,26024.8,120,Patrol,-0.80,0.652,0.219,-0.4329
83,26025.1,126,HideSpotCheck,-0.50,-0.161,-0.233,-0.0727
83,26025.4,126,HideSpotCheck,-0.50,-0.233,-0.284,-0.0508
83,26025.7,126,HideSpotCheck,-0.50,-0.284,-0.320,-0.0356
83,26026.0,126,HideSpotCheck,-0.60,-0.320,-0.375,-0.0549
83,26071.0,126,Patrol,-0.73,-0.345,-0.457,-0.1121
83,26084.9,144,SweepArea,0.01,-0.209,-0.128,0.0805
83,26094.7,126,HideSpotCheck,0.30,-0.375,-0.153,0.2214
83,26104.4,126,HideSpotCheck,0.30,-0.153,0.002,0.1551
83,26113.6,126,SweepArea,-0.24,-0.464,-0.379,0.0849
83,26123.2,126,HideSpotCheck,0.31,0.002,0.107,0.1050
83,26138.2,127,AmbushHotChoke,-0.37,-0.179,-0.226,-0.0479
83,26155.5,127,SweepArea,-0.01,-0.610,-0.427,0.1836
83,26162.4,109,SweepArea,10.00,-0.130,2.909,3.0391
84,26163.5,109,SweepArea,1.07,2.909,2.376,-0.5327
84,26163.9,109,SweepArea,-0.43,2.376,1.550,-0.8257
84,26171.6,90,SweepArea,-0.23,0.090,0.015,-0.0752
84,26179.8,144,SweepArea,-0.33,-0.128,-0.170,-0.0417
84,26182.6,144,Patrol,1.12,-0.227,0.200,0.4268
84,26182.9,144,Patrol,-0.53,0.200,-0.010,-0.2105
84,26187.1,60,AmbushHotChoke,0.11,0.030,0.084,0.0536
84,26191.7,74,InvestigateLastHeard,0.14,0.118,0.493,0.3750
84,26205.8,108,SweepArea,-0.29,1.565,1.023,-0.5425
84,26234.7,144,Patrol,0.11,-0.010,0.034,0.0439
84,26235.0,126,HideSpotCheck,-0.50,0.107,-0.043,-0.1505
84,26235.3,126,HideSpotCheck,-0.50,-0.043,-0.151,-0.1078
84,26280.1,126,Patrol,-0.06,-0.457,-0.307,0.1503
84,26294.5,108,SweepArea,-0.29,1.023,0.642,-0.3806
84,26323.5,144,Patrol,-0.19,0.034,-0.027,-0.0603
84,26323.8,126,HideSpotCheck,-0.50,-0.151,-0.227,-0.0755
84,26368.8,126,Patrol,-0.81,-0.307,-0.438,-0.1314
84,26383.2,108,SweepArea,-0.29,0.642,0.375,-0.2669
84,26412.3,144,Patrol,-0.19,-0.027,-0.071,-0.0442
84,26427.4,127,AmbushHotChoke,-0.48,-0.226,-0.088,0.1387
84,26442.0,109,SweepArea,-0.30,1.550,1.004,-0.5466
84,26447.0,145,AmbushHotChoke,-0.02,-1.087,-0.755,0.3319
85,26492.1,145,Patrol,-0.80,-0.584,-0.646,-0.0622
85,26522.9,144,Patrol,0.09,-0.071,-0.016,0.0549
85,26523.2,126,HideSpotCheck,-0.50,-0.227,-0.280,-0.0528
85,26568.4,126,Patrol,-0.73,-0.438,-0.523,-0.0852
85,26607.7,144,Patrol,0.15,-0.016,0.050,0.0660
85,26626.4,108,SweepArea,-0.34,0.375,0.173,-0.2024
85,26626.7,126,HideSpotCheck,-0.50,-0.280,-0.317,-0.0370
85,26627.0,126,HideSpotCheck,-0.50,-0.317,-0.342,-0.0259
85,26627.3,126,HideSpotCheck,-0.50,-0.342,-0.361,-0.0181
85,26627.6,126,HideSpotCheck,-0.60,-0.361,-0.403,-0.0427
85,26650.5,126,SweepArea,-0.21,-0.379,-0.319,0.0602
85,26675.5,126,SweepArea,-0.60,-0.319,-0.399,-0.0797
85,26681.5,127,AmbushHotChoke,-0.01,-0.088,0.159,0.2470
85,26695.1,109,SweepArea,-0.29,1.004,0.767,-0.2372
85,26703.5,109,SweepArea,0.07,0.767,0.566,-0.2002
85,26742.2,145,Patrol,0.03,-0.646,-0.442,0.2044
85,26787.4,145,Patrol,-0.89,-0.442,-0.560,-0.1188
85,26799.7,109,SweepArea,-5.00,0.566,-1.104,-1.6699
86,26812.5,109,SweepArea,-0.60,-1.104,-0.944,0.1591
86,26857.5,144,Patrol,-0.65,0.050,-0.157,-0.2066
86,26902.6,144,Patrol,-0.80,-0.157,-0.347,-0.1904
86,26911.6,144,SweepArea,-0.08,-0.170,-0.126,0.0443
86,26936.7,144,SweepArea,-0.57,-0.126,-0.251,-0.1252
86,26937.0,144,HideSpotCheck,-0.50,-0.240,-0.289,-0.0490
86,26941.6,144,SweepArea,-0.02,-0.251,-0.158,0.0925
86,26986.7,144,Patrol,-0.95,-0.347,-0.527,-0.1798
86,27001.7,145,AmbushHotChoke,0.09,-0.755,-0.496,0.2594
86,27005.4,145,AmbushHotChoke,-0.19,-0.496,-0.391,0.1051
86,27009.2,145,AmbushHotChoke,-0.19,-0.391,-0.290,0.1005
86,27022.4,127,HideSpotCheck,0.12,-1.251,-0.816,0.4345
86,27028.1,127,AmbushHotChoke,-0.01,0.159,0.143,-0.0161
86,27031.0,127,AmbushHotChoke,-0.18,0.143,0.083,-0.0599
86,27035.1,127,AmbushHotChoke,-0.19,0.083,0.021,-0.0621
86,27050.2,127,AmbushHotChoke,-0.49,0.021,-0.124,-0.1453
86,27095.4,145,Patrol,-0.80,-0.560,-0.631,-0.0709
86,27106.7,145,AmbushHotChoke,-0.07,-0.290,-0.216,0.0742
86,27109.3,145,AmbushHotChoke,-0.18,-0.216,-0.191,0.0253
86,27113.0,145,AmbushHotChoke,-0.19,-0.191,-0.177,0.0140
86,27116.4,145,AmbushHotChoke,-0.28,-0.177,-0.196,-0.0195
87,27161.6,145,Patrol,-0.80,-0.631,-0.680,-0.0482
87,27165.6,144,SweepArea,-0.01,-0.158,-0.090,0.0683
87,27169.7,144,SweepArea,-0.19,-0.090,-0.096,-0.0062
87,27194.8,144,SweepArea,-0.44,-0.096,-0.184,-0.0882
88,27239.9,108,Patrol,-0.80,-0.425,-0.535,-0.1097
88,27285.0,144,Patrol,-0.80,-0.527,-0.606,-0.0794
88,27300.7,126,SweepArea,-0.31,-0.399,-0.358,0.0409
88,27317.0,126,SweepArea,-0.16,-0.358,-0.286,0.0713
88,27333.3,126,SweepArea,-0.31,-0.286,-0.281,0.0050
88,27349.7,126,SweepArea,-0.26,-0.281,-0.263,0.0189
88,27366.0,126,SweepArea,-0.23,-0.263,-0.229,0.0331
88,27381.7,108,SweepArea,-0.61,0.173,-0.048,-0.2206
88,27386.4,144,SweepArea,-1.20,-0.184,-0.465,-0.2803
88,27388.2,144,HideSpotCheck,0.23,-0.289,-0.106,0.1828
88,27390.2,144,HideSpotCheck,0.23,-0.106,0.022,0.1278
88,27392.0,144,HideSpotCheck,0.23,0.022,0.112,0.0898
88,27393.8,144,HideSpotCheck,10.00,0.112,3.078,2.9664
89,27394.1,144,HideSpotCheck,0.53,3.078,3.143,0.0649
89,27439.3,144,Patrol,-0.77,-0.606,-0.564,0.0429
89,27443.1,144,HideSpotCheck,0.21,3.143,3.040,-0.1034
89,27445.1,144,HideSpotCheck,0.23,3.040,3.018,-0.0221
89,27447.0,144,HideSpotCheck,0.23,3.018,3.006,-0.0115
89,27489.1,144,Patrol,0.02,-0.564,-0.286,0.2774
89,27501.7,144,HideSpotCheck,0.12,3.006,2.614,-0.3917
89,27516.9,144,HideSpotCheck,-0.63,2.614,2.000,-0.6147
89,27523.3,144,HideSpotCheck,0.35,2.000,1.936,-0.0641
89,27523.6,144,HideSpotCheck,0.90,1.936,1.650,-0.2854
89,27524.0,144,HideSpotCheck,0.80,1.650,1.422,-0.2283
89,27526.9,144,HideSpotCheck,0.81,1.422,1.262,-0.1596
89,27527.2,144,HideSpotCheck,-0.04,1.262,0.891,-0.3710
89,27527.6,144,HideSpotCheck,-0.29,0.891,0.555,-0.3361
89,27527.9,144,HideSpotCheck,-0.55,0.555,0.244,-0.3116
89,27528.3,144,HideSpotCheck,-0.80,0.244,-0.051,-0.2947
89,27528.7,144,HideSpotCheck,-1.05,-0.051,-0.334,-0.2827
89,27529.0,144,HideSpotCheck,-1.31,-0.334,-0.608,-0.2741
89,27529.3,144,HideSpotCheck,-1.56,-0.608,-0.876,-0.2681
89,27529.6,144,HideSpotCheck,-1.81,-0.876,-1.140,-0.2638
89,27529.9,144,HideSpotCheck,-2.07,-1.140,-1.401,-0.2608
89,27530.2,144,HideSpotCheck,-2.32,-1.401,-1.659,-0.2588
89,27530.5,144,HideSpotCheck,-2.57,-1.659,-1.917,-0.2574
89,27530.8,144,HideSpotCheck,-2.83,-1.917,-2.173,-0.2564
89,27531.2,144,HideSpotCheck,-3.08,-2.173,-2.429,-0.2559
89,27531.5,144,HideSpotCheck,-3.33,-2.429,-2.684,-0.2553
89,27531.8,144,HideSpotCheck,-3.59,-2.684,-2.939,-0.2549
89,27532.1,144,HideSpotCheck,-3.84,-2.939,-3.194,-0.2546
89,27532.4,144,HideSpotCheck,-4.09,-3.194,-3.448,-0.2543
89,27532.7,144,HideSpotCheck,-4.14,-3.448,-3.642,-0.1942
89,27533.0,144,HideSpotCheck,-4.40,-3.642,-3.854,-0.2121
89,27533.3,144,HideSpotCheck,-4.65,-3.854,-4.079,-0.2246
89,27533.6,144,HideSpotCheck,-4.90,-4.079,-4.312,-0.2333
89,27534.0,144,HideSpotCheck,-5.16,-4.312,-4.552,-0.2395
89,27534.3,144,HideSpotCheck,-5.41,-4.552,-4.796,-0.2440
89,27534.6,144,HideSpotCheck,-5.66,-4.796,-5.043,-0.2469
89,27534.9,144,HideSpotCheck,-5.92,-5.043,-5.292,-0.2489
89,27535.2,144,HideSpotCheck,-6.17,-5.292,-5.542,-0.2504
89,27535.5,144,HideSpotCheck,-6.42,-5.542,-5.793,-0.2514
89,27535.8,144,HideSpotCheck,-6.68,-5.793,-6.045,-0.2520
89,27536.1,144,HideSpotCheck,-6.93,-6.045,-6.298,-0.2525
89,27536.5,144,HideSpotCheck,10.00,-6.298,-1.409,4.8894
90,27536.5,144,HideSpotCheck,-0.28,-1.409,-1.037,0.3716
90,27536.8,120,Patrol,1.20,0.219,0.536,0.3177
90,27537.2,120,Patrol,1.20,0.536,0.758,0.2220
90,27537.5,120,Patrol,1.19,0.758,0.910,0.1516
90,27537.9,120,Patrol,-0.46,0.910,0.520,-0.3896
90,27542.3,90,HideSpotCheck,0.21,0.082,0.143,0.0610
90,27576.8,144,Patrol,0.65,-0.286,0.001,0.2866
90,27577.1,144,Patrol,-0.79,0.001,-0.211,-0.2116
90,27622.3,74,Patrol,-0.95,0.042,-0.253,-0.2957
90,27622.6,130,HideSpotCheck,-0.50,0.075,-0.072,-0.1466
90,27667.6,130,Patrol,-0.80,-0.167,-0.347,-0.1803
90,27680.9,156,HideSpotCheck,0.12,0.326,0.313,-0.0129
90,27696.0,156,HideSpotCheck,-0.64,0.313,0.071,-0.2424
90,27699.5,156,AmbushHotChoke,-0.02,0.078,0.070,-0.0085
90,27744.6,156,Patrol,-0.80,-0.215,-0.388,-0.1726
90,27789.8,144,Patrol,-0.88,-0.211,-0.409,-0.1978
90,27790.2,144,HideSpotCheck,-0.50,-1.037,-0.846,0.1914
90,27833.0,144,Patrol,-0.33,-0.409,-0.380,0.0293
90,27846.1,150,HideSpotCheck,0.12,0.151,0.164,0.0136
90,27861.2,150,HideSpotCheck,-0.64,0.164,-0.065,-0.2293
90,27864.9,151,AmbushHotChoke,-0.02,0.085,0.075,-0.0097
90,27878.7,151,HeatSweep,0.12,0.035,0.072,0.0372
90,27891.9,131,HeatSweep,-0.28,-0.042,-0.102,-0.0608
90,27894.6,151,AmbushHotChoke,-0.18,0.075,0.019,-0.0560
90,27897.9,151,HeatSweep,-5.00,0.072,-1.449,-1.5217
91,27909.8,151,HeatSweep,-0.50,-1.449,-1.152,0.2977
91,27915.1,126,SweepArea,-0.03,-0.229,-0.148,0.0814
91,27938.2,126,SweepArea,-0.06,-0.148,-0.113,0.0349
91,27977.3,144,Patrol,0.01,-0.380,-0.259,0.1205
91,28022.3,144,Patrol,-0.62,-0.259,-0.366,-0.1069
91,28037.3,108,SweepArea,-0.30,-0.048,-0.110,-0.0619
91,28056.9,126,SweepArea,-0.05,-0.113,-0.082,0.0310
91,28101.6,144,Patrol,-0.05,-0.366,-0.267,0.0988
91,28109.3,126,SweepArea,-0.04,-0.082,-0.051,0.0314
91,28118.5,126,SweepArea,0.09,-0.051,0.009,0.0593
91,28133.7,60,AmbushHotChoke,-0.65,0.084,-0.123,-0.2073
91,28178.9,144,Patrol,-0.95,-0.267,-0.470,-0.2024
91,28194.0,144,SweepArea,-0.30,-0.465,-0.402,0.0627
91,28210.2,144,SweepArea,-0.16,-0.402,-0.317,0.0850
91,28226.5,144,SweepArea,-0.31,-0.317,-0.303,0.0142
91,28243.1,144,SweepArea,-0.42,-0.303,-0.324,-0.0214
91,28259.3,144,SweepArea,-0.51,-0.324,-0.368,-0.0433
91,28276.4,144,SweepArea,-0.62,-0.368,-0.431,-0.0638
91,28292.8,144,SweepArea,-1.16,-0.431,-0.638,-0.2064
91,28337.9,144,Patrol,-0.95,-0.470,-0.612,-0.1419
91,28349.7,128,HeatSweep,0.14,0.081,0.116,0.0351
91,28394.8,144,Patrol,-0.92,-0.612,-0.701,-0.0893
91,28400.5,144,SweepArea,-0.21,-0.638,-0.487,0.1512
91,28407.7,144,SweepArea,-0.22,-0.487,-0.387,0.0999
91,28415.1,144,SweepArea,-0.07,-0.387,-0.273,0.1141
91,28421.9,144,SweepArea,-0.17,-0.273,-0.220,0.0529
91,28428.9,144,SweepArea,-0.42,-0.220,-0.259,-0.0397
91,28435.8,144,SweepArea,-0.52,-0.259,-0.316,-0.0568
91,28442.7,144,SweepArea,-1.07,-0.316,-0.521,-0.2052
91,28449.5,144,SweepArea,-1.32,-0.521,-0.739,-0.2172
91,28494.8,144,Patrol,-0.95,-0.701,-0.774,-0.0727
91,28508.2,144,SweepArea,-0.28,-0.739,-0.595,0.1440
91,28523.3,145,AmbushHotChoke,-0.37,-0.196,-0.235,-0.0382
91,28527.5,129,AmbushHotChoke,0.15,-0.026,0.048,0.0738
91,28530.2,129,AmbushHotChoke,-0.18,0.048,0.004,-0.0437
91,28532.6,129,AmbushHotChoke,-0.27,0.004,-0.055,-0.0592
91,28536.5,129,AmbushHotChoke,-0.39,-0.055,-0.132,-0.0774
91,28546.2,129,HeatSweep,-0.10,-0.080,-0.068,0.0119
91,28555.4,129,HeatSweep,0.06,-0.068,-0.019,0.0495
91,28562.6,145,AmbushHotChoke,-0.22,-0.235,-0.212,0.0228
91,28573.4,129,HeatSweep,-0.26,-0.019,-0.074,-0.0556
91,28583.7,129,HeatSweep,-0.06,-0.074,-0.043,0.0315
91,28590.7,99,HideSpotCheck,0.18,0.147,0.169,0.0223
91,28592.7,153,HideSpotCheck,0.23,0.051,0.121,0.0695
91,28594.6,153,HideSpotCheck,0.23,0.121,0.187,0.0659
91,28601.8,153,SweepArea,-0.22,-0.032,-0.050,-0.0183
91,28603.7,153,HideSpotCheck,0.23,0.187,0.251,0.0639
91,28611.2,153,HeatSweep,0.06,0.024,0.070,0.0462
91,28622.9,99,HideSpotCheck,0.13,0.169,0.200,0.0307
91,28637.9,153,HideSpotCheck,-0.65,0.251,0.015,-0.2354
91,28653.1,153,HideSpotCheck,-0.65,0.015,-0.175,-0.1905
91,28668.1,153,HeatSweep,-0.55,0.070,-0.106,-0.1758
91,28686.2,153,SweepArea,-0.18,-0.050,-0.083,-0.0335
91,28693.4,147,HeatSweep,-0.05,0.044,0.023,-0.0212
91,28704.9,135,SweepArea,-5.00,-0.035,-1.524,-1.4895
92,28707.3,135,SweepArea,0.01,-1.524,-1.049,0.4754
92,28731.4,126,SweepArea,10.00,0.009,3.013,3.0045
93,28732.3,126,SweepArea,-0.60,3.013,1.937,-1.0760
93,28777.4,58,Patrol,-0.80,0.097,-0.170,-0.2664
93,28780.4,144,HideSpotCheck,0.22,-0.846,-0.501,0.3449
93,28782.2,144,HideSpotCheck,0.23,-0.501,-0.254,0.2468
93,28784.3,144,HideSpotCheck,0.23,-0.254,-0.082,0.1716
93,28786.3,144,HideSpotCheck,0.13,-0.082,0.008,0.0906
93,28788.5,144,HideSpotCheck,0.03,0.008,0.041,0.0325
93,28790.5,144,HideSpotCheck,-0.07,0.041,0.034,-0.0067
93,28792.6,144,HideSpotCheck,-0.52,0.034,0.391,0.3565
93,28797.4,126,SweepArea,-0.20,1.937,1.749,-0.1880
93,28802.5,126,SweepArea,-0.05,1.749,1.615,-0.1339
93,28827.7,126,SweepArea,-0.60,1.615,1.083,-0.5324
93,28848.8,126,SweepArea,-0.16,1.083,0.820,-0.2629
93,28857.4,126,SweepArea,-0.44,0.820,0.602,-0.2183
93,28865.9,126,SweepArea,-0.38,0.602,0.424,-0.1780
93,28874.5,126,SweepArea,-1.24,0.424,0.007,-0.4161
93,28883.4,126,SweepArea,-1.49,0.007,-0.423,-0.4304
93,28913.1,126,Patrol,-0.20,-0.523,-0.419,0.1046
93,28913.4,126,HideSpotCheck,-0.50,-0.403,-0.403,0.0001
93,28913.6,126,HideSpotCheck,-0.50,-0.403,-0.403,0.0001
93,28913.9,126,HideSpotCheck,-0.50,-0.403,-0.403,0.0001
93,28914.2,126,HideSpotCheck,-0.60,-0.403,-0.433,-0.0299
93,28958.9,126,Patrol,0.02,-0.419,-0.275,0.1437
93,28962.8,144,HideSpotCheck,0.40,0.391,0.490,0.0994
93,28964.7,144,HideSpotCheck,0.23,0.490,0.545,0.0554
93,28966.5,144,HideSpotCheck,0.23,0.545,0.600,0.0549
93,28968.4,144,HideSpotCheck,0.13,0.600,0.623,0.0232
93,28970.4,144,HideSpotCheck,0.03,0.623,0.614,-0.0091
93,28972.3,144,HideSpotCheck,-0.07,0.614,0.576,-0.0384
93,28974.3,144,HideSpotCheck,-0.77,0.576,0.328,-0.2475
93,28990.8,144,SweepArea,-0.32,-0.595,-0.498,0.0965
93,29019.9,126,Patrol,-0.19,-0.275,-0.243,0.0319
93,29064.9,126,Patrol,-0.88,-0.243,-0.425,-0.1816
93,29068.9,144,HideSpotCheck,0.40,0.328,0.430,0.1012
93,29071.1,144,HideSpotCheck,0.23,0.430,0.484,0.0544
93,29073.2,144,HideSpotCheck,0.23,0.484,0.538,0.0541
93,29075.3,144,HideSpotCheck,0.13,0.538,0.561,0.0226
93,29077.3,144,HideSpotCheck,0.03,0.561,0.553,-0.0073
93,29079.3,144,HideSpotCheck,-0.07,0.553,0.516,-0.0376
93,29081.2,144,HideSpotCheck,-0.77,0.516,0.271,-0.2448
93,29083.3,144,HideSpotCheck,-1.02,0.271,-0.044,-0.3147
93,29085.3,144,HideSpotCheck,-1.27,-0.044,-0.398,-0.3542
93,29100.4,145,AmbushHotChoke,-0.41,-0.212,-0.270,-0.0580
93,29103.6,109,AmbushHotChoke,-0.01,-0.228,-0.157,0.0709
93,29107.9,109,AmbushHotChoke,-0.19,-0.157,-0.163,-0.0063
93,29111.5,109,AmbushHotChoke,-0.29,-0.163,-0.196,-0.0322
93,29115.0,109,AmbushHotChoke,-0.38,-0.196,-0.248,-0.0521
93,29118.7,109,AmbushHotChoke,-0.49,-0.248,-0.315,-0.0671
93,29123.1,109,AmbushHotChoke,-1.19,-0.315,-0.574,-0.2589
93,29126.8,109,AmbushHotChoke,-1.44,-0.574,-0.828,-0.2543
93,29131.3,109,HideSpotCheck,0.20,-0.687,-0.415,0.2720
93,29131.6,109,HideSpotCheck,1.00,-0.415,0.039,0.4542
93,29132.0,109,HideSpotCheck,1.00,0.039,0.351,0.3115
93,29134.7,109,HideSpotCheck,1.02,0.351,0.566,0.2156
93,29135.0,109,HideSpotCheck,0.76,0.566,0.641,0.0747
93,29135.3,109,HideSpotCheck,0.66,0.641,0.662,0.0211
93,29135.6,109,HideSpotCheck,-0.04,0.662,0.474,-0.1884
93,29135.9,109,HideSpotCheck,-0.30,0.474,0.265,-0.2082
93,29136.2,109,HideSpotCheck,-0.55,0.265,0.043,-0.2220
93,29136.5,109,HideSpotCheck,-0.80,0.043,-0.188,-0.2316
93,29136.8,109,HideSpotCheck,-1.06,-0.188,-0.426,-0.2383
93,29137.1,109,HideSpotCheck,-1.31,-0.426,-0.670,-0.2431
93,29137.5,109,HideSpotCheck,-1.56,-0.670,-0.916,-0.2467
93,29137.8,109,HideSpotCheck,-1.81,-0.916,-1.165,-0.2490
93,29138.1,109,HideSpotCheck,-2.07,-1.165,-1.416,-0.2505
93,29138.4,109,HideSpotCheck,-2.32,-1.416,-1.667,-0.2516
93,29138.7,109,HideSpotCheck,-2.57,-1.667,-1.920,-0.2523
93,29139.0,109,HideSpotCheck,-2.83,-1.920,-2.172,-0.2528
93,29139.3,109,HideSpotCheck,-3.08,-2.172,-2.426,-0.2532
93,29139.6,109,HideSpotCheck,-3.33,-2.426,-2.679,-0.2534
93,29139.9,109,HideSpotCheck,-3.59,-2.679,-2.933,-0.2536
93,29140.2,109,HideSpotCheck,-3.84,-2.933,-3.186,-0.2537
93,29140.6,109,HideSpotCheck,-4.09,-3.186,-3.440,-0.2541
93,29140.9,109,HideSpotCheck,-4.35,-3.440,-3.694,-0.2540
93,29141.2,109,HideSpotCheck,-4.60,-3.694,-3.948,-0.2540
93,29141.5,109,HideSpotCheck,-4.85,-3.948,-4.202,-0.2540
93,29141.8,109,HideSpotCheck,-4.90,-4.202,-4.396,-0.1939
93,29142.1,109,HideSpotCheck,-5.16,-4.396,-4.608,-0.2119
93,29142.4,109,HideSpotCheck,10.00,-4.608,-0.226,4.3825
94,29142.4,109,HideSpotCheck,-0.26,-0.226,-0.220,0.0062
94,29142.8,121,AmbushHotChoke,1.20,0.099,0.458,0.3585
94,29143.1,121,AmbushHotChoke,1.20,0.458,0.708,0.2505
94,29143.5,121,AmbushHotChoke,1.19,0.708,0.880,0.1718
94,29143.9,121,AmbushHotChoke,-0.46,0.880,0.516,-0.3638
94,29147.8,90,HideSpotCheck,0.21,0.143,0.199,0.0558
94,29149.8,90,HideSpotCheck,0.23,0.199,0.235,0.0358
94,29151.8,144,HideSpotCheck,0.23,-0.398,-0.183,0.2152
94,29153.6,144,HideSpotCheck,0.13,-0.183,-0.061,0.1214
94,29155.6,144,HideSpotCheck,0.03,-0.061,-0.007,0.0542
94,29157.7,144,HideSpotCheck,-0.07,-0.007,0.000,0.0076
94,29159.5,144,HideSpotCheck,-0.77,0.000,-0.203,-0.2036
94,29161.5,144,HideSpotCheck,-1.02,-0.203,-0.421,-0.2181
94,29163.3,144,HideSpotCheck,-1.27,-0.421,-0.648,-0.2271
94,29179.8,144,SweepArea,-0.02,-0.498,-0.341,0.1575
94,29188.4,126,SweepArea,-0.24,-0.423,-0.348,0.0751
94,29197.9,126,HideSpotCheck,0.31,-0.433,-0.193,0.2401
94,29207.7,126,HideSpotCheck,0.30,-0.193,-0.026,0.1669
94,29217.6,126,HideSpotCheck,0.15,-0.026,0.045,0.0706
94,29226.5,144,SweepArea,-0.24,-0.341,-0.291,0.0496
94,29235.3,144,SweepArea,-0.24,-0.291,-0.257,0.0345
94,29244.1,144,SweepArea,-0.24,-0.257,-0.232,0.0245
94,29252.8,144,SweepArea,-0.34,-0.232,-0.245,-0.0125
94,29261.6,144,SweepArea,-0.29,-0.245,-0.238,0.0067
94,29271.4,144,HideSpotCheck,0.30,-0.648,-0.345,0.3033
94,29280.5,144,SweepArea,-0.24,-0.238,-0.220,0.0176
94,29289.3,144,SweepArea,-0.09,-0.220,-0.162,0.0587
94,29298.0,144,SweepArea,-0.24,-0.162,-0.165,-0.0036
94,29306.6,144,SweepArea,-0.18,-0.165,-0.151,0.0140
94,29315.5,144,SweepArea,-0.44,-0.151,-0.219,-0.0678
94,29324.0,144,SweepArea,-0.38,-0.219,-0.249,-0.0298
94,29332.7,144,SweepArea,-1.09,-0.249,-0.481,-0.2327
94,29341.5,144,SweepArea,-1.49,-0.481,-0.764,-0.2830
94,29366.5,144,SweepArea,-2.02,-0.764,-1.132,-0.3677
94,29377.3,144,HideSpotCheck,0.33,-0.345,-0.127,0.2184
94,29377.6,144,HideSpotCheck,1.00,-0.127,0.237,0.3634
94,29378.0,144,HideSpotCheck,-0.42,0.237,0.060,-0.1769
94,29393.0,56,HideSpotCheck,-0.75,0.042,-0.185,-0.2275
94,29414.2,110,SweepArea,-0.06,0.074,0.045,-0.0289
94,29417.6,128,HeatSweep,-0.18,0.116,0.055,-0.0609
94,29421.1,128,HeatSweep,-0.18,0.055,0.001,-0.0544
94,29421.4,128,HideSpotCheck,-0.50,-0.208,-0.275,-0.0668
94,29424.8,128,HeatSweep,-0.18,0.001,-0.037,-0.0379
94,29447.2,128,SweepArea,-0.21,-0.018,-0.070,-0.0521
94,29454.4,128,HeatSweep,0.13,-0.037,0.028,0.0652
94,29469.4,128,HeatSweep,-0.50,0.028,-0.117,-0.1450
94,29469.8,144,HideSpotCheck,-0.50,0.060,-0.079,-0.1388
94,29470.1,144,HideSpotCheck,-0.50,-0.079,-0.176,-0.0971
94,29470.4,144,HideSpotCheck,-0.50,-0.176,-0.244,-0.0680
94,29515.5,144,Patrol,-0.94,-0.774,-0.819,-0.0458
94,29515.9,144,HideSpotCheck,-0.50,-0.244,-0.292,-0.0476
94,29524.1,144,Patrol,0.92,-0.819,-0.280,0.5392
94,29524.7,144,Patrol,-0.51,-0.280,-0.334,-0.0538
94,29529.8,92,InvestigateLastHeard,-0.01,0.084,0.188,0.1041
94,29545.0,134,AmbushHotChoke,-0.65,0.578,0.219,-0.3593
94,29556.9,128,HideSpotCheck,0.13,-0.275,-0.141,0.1334
94,29572.1,128,AmbushHotChoke,-0.64,-0.038,-0.210,-0.1711
94,29589.8,128,SweepArea,-0.33,-0.070,-0.139,-0.0686
94,29597.1,128,HeatSweep,-0.02,-0.117,-0.073,0.0437
94,29612.3,128,HeatSweep,-0.65,-0.073,-0.233,-0.1601
94,29612.6,144,HideSpotCheck,-0.50,-0.292,-0.325,-0.0333
94,29612.8,144,HideSpotCheck,-0.50,-0.325,-0.348,-0.0233
94,29658.0,144,Patrol,-0.94,-0.334,-0.512,-0.1780
94,29658.3,144,HideSpotCheck,-0.50,-0.348,-0.365,-0.0163
94,29658.6,144,HideSpotCheck,-0.35,-0.365,-0.331,0.0336
94,29658.9,144,HideSpotCheck,-0.50,-0.331,-0.361,-0.0299
94,29678.1,128,SweepArea,-0.34,-0.139,-0.192,-0.0529
94,29687.7,128,HideSpotCheck,0.31,-0.141,0.006,0.1476
94,29697.8,128,HideSpotCheck,0.15,0.006,0.062,0.0552
94,29704.8,128,HeatSweep,-0.02,-0.233,-0.154,0.0790
94,29705.1,128,HideSpotCheck,-0.50,0.062,-0.086,-0.1476
94,29705.5,128,HideSpotCheck,-0.50,-0.086,-0.190,-0.1034
94,29720.7,128,HeatSweep,-0.65,-0.154,-0.290,-0.1358
94,29721.0,144,HideSpotCheck,-0.50,-0.361,-0.374,-0.0126
94,29721.3,144,HideSpotCheck,-0.50,-0.374,-0.382,-0.0087
94,29721.6,144,HideSpotCheck,-0.50,-0.382,-0.388,-0.0061
94,29721.9,144,HideSpotCheck,-0.60,-0.388,-0.423,-0.0343
94,29723.4,144,SweepArea,-0.16,-1.132,-0.814,0.3176
94,29723.7,144,HideSpotCheck,-0.50,-0.423,-0.417,0.0059
94,29724.0,144,HideSpotCheck,-0.50,-0.417,-0.413,0.0041
94,29724.3,144,HideSpotCheck,-0.50,-0.413,-0.410,0.0030
94,29724.6,144,HideSpotCheck,-0.60,-0.410,-0.437,-0.0279
94,29724.9,144,HideSpotCheck,-0.70,-0.437,-0.487,-0.0495
94,29725.1,144,HideSpotCheck,-0.80,-0.487,-0.552,-0.0647
94,29770.2,144,Patrol,-0.94,-0.512,-0.636,-0.1243
94,29770.5,144,HideSpotCheck,-0.50,-0.552,-0.507,0.0447
94,29770.8,144,HideSpotCheck,-0.50,-0.507,-0.476,0.0313
94,29771.1,144,HideSpotCheck,-0.50,-0.476,-0.454,0.0219
94,29771.3,144,HideSpotCheck,-0.60,-0.454,-0.477,-0.0231
94,29771.6,128,HideSpotCheck,-0.70,-0.190,-0.322,-0.1323
94,29789.5,128,SweepArea,-0.33,-0.192,-0.222,-0.0301
94,29796.8,129,HeatSweep,-0.02,-0.043,-0.017,0.0258
94,29811.9,129,AmbushHotChoke,-0.63,-0.132,-0.270,-0.1379
94,29825.6,129,HeatSweep,-0.11,-0.017,-0.031,-0.0136
94,29830.5,75,InvestigateLastHeard,-0.01,0.087,0.078,-0.0089
94,29841.8,129,SweepArea,-0.26,-0.138,-0.171,-0.0337
94,29856.9,147,AmbushHotChoke,-0.62,-0.201,-0.315,-0.1143
94,29862.9,117,AmbushHotChoke,-0.21,0.004,-0.040,-0.0438
94,29875.7,129,HideSpotCheck,0.12,-0.152,-0.066,0.0860
94,29891.0,147,HeatSweep,-0.40,0.023,-0.100,-0.1234
94,29903.8,147,HeatSweep,0.02,-0.100,-0.061,0.0387
94,29917.9,147,HeatSweep,-0.06,-0.061,-0.060,0.0013
94,29927.5,147,HeatSweep,0.01,-0.060,-0.021,0.0387
94,29937.3,129,HeatSweep,-0.45,-0.031,-0.153,-0.1227
94,29946.6,147,HeatSweep,-0.34,-0.021,-0.099,-0.0777
94,29946.9,129,HideSpotCheck,-0.50,-0.066,-0.169,-0.1028
94,29951.9,129,HeatSweep,-0.20,-0.153,-0.154,-0.0003
94,29962.2,153,AmbushHotChoke,-0.01,-0.142,-0.086,0.0565
94,29975.5,117,SweepArea,-0.28,0.003,-0.081,-0.0836
94,29989.0,147,HeatSweep,-0.04,-0.099,-0.068,0.0308
94,29998.9,129,HeatSweep,-0.25,-0.154,-0.180,-0.0259
94,30008.6,147,HeatSweep,-0.03,-0.068,-0.039,0.0297
94,30008.9,129,HideSpotCheck,-0.50,-0.169,-0.241,-0.0720
94,30019.2,129,SweepArea,10.00,-0.171,2.880,3.0514
95,30019.8,129,SweepArea,0.04,2.880,2.041,-0.8386
95,30035.0,63,HideSpotCheck,-0.50,0.077,-0.083,-0.1599
95,30035.3,144,HideSpotCheck,-0.50,-0.477,-0.455,0.0222
95,30036.7,144,SweepArea,-0.16,-0.814,-0.592,0.2224
95,30037.0,144,HideSpotCheck,-0.50,-0.455,-0.439,0.0156
95,30037.3,144,HideSpotCheck,-0.50,-0.439,-0.428,0.0109
95,30037.6,144,HideSpotCheck,-0.50,-0.428,-0.420,0.0076
95,30038.0,144,HideSpotCheck,-0.60,-0.420,-0.445,-0.0248
95,30038.2,144,HideSpotCheck,-0.70,-0.445,-0.492,-0.0472
95,30038.5,144,HideSpotCheck,-0.80,-0.492,-0.556,-0.0631
95,30038.8,144,HideSpotCheck,-1.50,-0.556,-0.810,-0.2542
95,30040.3,144,SweepArea,-0.16,-0.592,-0.436,0.1559
95,30085.4,144,Patrol,-0.85,-0.636,-0.696,-0.0603
95,30127.2,144,Patrol,-0.01,-0.696,-0.486,0.2104
95,30140.6,126,HideSpotCheck,0.12,0.045,0.081,0.0360
95,30142.1,126,HideSpotCheck,10.00,0.081,3.057,2.9758
96,30155.8,126,HideSpotCheck,-0.50,3.057,2.003,-1.0538
96,30161.2,144,SweepArea,-0.20,-0.436,-0.344,0.0921
96,30167.8,144,SweepArea,-0.06,-0.344,-0.239,0.1051
96,30174.5,144,SweepArea,-0.22,-0.239,-0.211,0.0279
96,30181.2,144,SweepArea,-0.16,-0.211,-0.176,0.0348
96,30188.1,144,SweepArea,-0.42,-0.176,-0.228,-0.0521
96,30194.6,144,SweepArea,-0.51,-0.228,-0.293,-0.0645
96,30201.1,144,SweepArea,-1.06,-0.293,-0.503,-0.2101
96,30207.4,144,SweepArea,-1.31,-0.503,-0.725,-0.2217
96,30252.5,144,Patrol,-0.80,-0.486,-0.521,-0.0346
96,30263.9,126,HideSpotCheck,0.14,2.003,1.777,-0.2256
96,30278.9,126,HideSpotCheck,-0.63,1.777,1.301,-0.4765
96,30290.4,126,HideSpotCheck,0.33,1.301,1.225,-0.0761
96,30305.5,126,SweepArea,-0.30,-0.348,-0.164,0.1839
96,30320.3,126,SweepArea,0.00,-0.164,-0.100,0.0636
96,30365.4,144,Patrol,-0.74,-0.521,-0.584,-0.0629
96,30410.4,144,Patrol,-0.57,-0.584,-0.578,0.0057
96,30419.7,108,SweepArea,0.07,-0.110,-0.039,0.0704
96,30428.4,108,SweepArea,-0.09,-0.039,-0.035,0.0039
96,30437.9,108,HideSpotCheck,0.16,-0.330,-0.167,0.1630
96,30447.0,108,SweepArea,-0.24,-0.035,-0.083,-0.0481
96,30451.3,127,AmbushHotChoke,-0.03,-0.124,-0.083,0.0409
96,30454.6,145,AmbushHotChoke,-0.18,-0.270,-0.231,0.0391
96,30462.2,145,Patrol,0.92,-0.680,-0.181,0.4986
96,30462.5,145,Patrol,-0.41,-0.181,-0.231,-0.0503
96,30467.5,91,InvestigateLastHeard,0.14,0.011,0.067,0.0561
96,30470.5,115,AmbushHotChoke,-0.18,0.038,0.498,0.4593
96,30480.3,129,SweepArea,-0.25,2.041,1.364,-0.6775
96,30484.3,145,AmbushHotChoke,-0.19,-0.231,-0.201,0.0301
96,30484.6,127,HideSpotCheck,-0.50,-0.816,-0.700,0.1164
96,30494.8,127,SweepArea,-0.25,-0.427,-0.365,0.0615
96,30499.2,145,AmbushHotChoke,-0.02,-0.201,0.179,0.3791
96,30502.0,129,AmbushHotChoke,-0.18,-0.270,0.112,0.3823
96,30512.0,129,SweepArea,-0.25,1.364,0.912,-0.4520
96,30516.2,145,AmbushHotChoke,-0.02,0.179,0.340,0.1610
96,30525.7,129,SweepArea,-0.24,0.912,0.628,-0.2845
96,30528.5,145,AmbushHotChoke,-0.01,0.340,0.399,0.0592
96,30538.0,129,SweepArea,-0.25,0.628,0.439,-0.1887
96,30541.5,145,AmbushHotChoke,-0.01,0.399,0.386,-0.0131
96,30545.2,129,AmbushHotChoke,-0.19,0.112,0.132,0.0195
96,30555.3,129,SweepArea,-0.25,0.439,0.301,-0.1381
96,30564.4,145,AmbushHotChoke,-0.02,0.386,0.358,-0.0279
96,30603.7,115,Patrol,-0.29,-0.200,-0.213,-0.0134
96,30648.8,145,Patrol,-0.95,-0.231,-0.437,-0.2056
96,30663.5,145,AmbushHotChoke,0.00,0.358,0.322,-0.0356
96,30666.5,115,AmbushHotChoke,-0.18,0.498,0.422,-0.0755
96,30705.8,115,Patrol,-0.29,-0.213,-0.224,-0.0108
97,30750.9,145,Patrol,-0.80,-0.437,-0.510,-0.0729
97,30751.2,126,HideSpotCheck,-0.50,1.225,1.069,-0.1556
97,30751.5,126,HideSpotCheck,-0.50,1.069,0.913,-0.1558
97,30751.8,126,HideSpotCheck,-0.50,0.913,0.759,-0.1539
97,30752.1,126,HideSpotCheck,-0.60,0.759,0.576,-0.1832
97,30752.4,126,HideSpotCheck,-0.70,0.576,0.363,-0.2128
97,30752.7,126,HideSpotCheck,-0.80,0.363,0.122,-0.2417
97,30753.0,126,HideSpotCheck,-1.50,0.122,-0.329,-0.4506
97,30776.2,126,SweepArea,-0.06,-0.100,-0.079,0.0212
97,30785.0,126,SweepArea,-0.09,-0.079,-0.062,0.0169
97,30793.6,126,SweepArea,-0.24,-0.062,-0.095,-0.0333
97,30802.6,126,SweepArea,-0.19,-0.095,-0.105,-0.0093
97,30811.7,126,SweepArea,-0.44,-0.105,-0.187,-0.0820
97,30820.6,126,SweepArea,-0.39,-0.187,-0.228,-0.0416
97,30829.4,126,SweepArea,-1.24,-0.228,-0.512,-0.2837
97,30839.1,126,HideSpotCheck,0.31,-0.329,-0.121,0.2083
97,30846.1,126,HideSpotCheck,0.18,-0.121,-0.010,0.1110
97,30856.1,126,HideSpotCheck,0.15,-0.010,0.056,0.0655
97,30863.4,126,HideSpotCheck,0.28,0.056,0.144,0.0878
97,30873.9,126,HideSpotCheck,-0.06,0.144,0.109,-0.0345
97,30884.1,126,HideSpotCheck,-0.15,0.109,0.050,-0.0589
97,30893.8,126,HideSpotCheck,-0.70,0.050,-0.156,-0.2060
97,30903.9,126,HideSpotCheck,-1.10,-0.156,-0.421,-0.2658
97,30913.4,126,HideSpotCheck,-1.19,-0.421,-0.635,-0.2135
98,30958.5,126,Patrol,-0.80,-0.425,-0.535,-0.1100
98,31003.7,144,Patrol,-0.50,-0.578,-0.552,0.0257
98,31020.8,108,SweepArea,-0.02,-0.083,-0.052,0.0311
98,31066.0,144,Patrol,-0.80,-0.552,-0.624,-0.0722
98,31079.3,126,SweepArea,-0.28,-0.512,-0.428,0.0837
98,31094.3,126,HideSpotCheck,-0.64,-0.635,-0.622,0.0135
98,31109.3,126,SweepArea,-0.30,-0.428,-0.376,0.0526
98,31126.2,126,SweepArea,-0.32,-0.376,-0.347,0.0293
98,31143.6,126,SweepArea,-0.32,-0.347,-0.328,0.0188
98,31160.0,126,SweepArea,-0.26,-0.328,-0.295,0.0323
98,31176.7,126,SweepArea,-0.37,-0.295,-0.304,-0.0087
98,31187.5,126,HideSpotCheck,0.35,-0.622,-0.313,0.3081
98,31188.1,126,SweepArea,1.00,-0.304,0.114,0.4181
98,31191.2,126,SweepArea,1.11,0.114,0.436,0.3222
98,31191.5,126,SweepArea,0.96,0.436,0.615,0.1792
98,31191.8,126,SweepArea,0.86,0.615,0.707,0.0913
98,31192.2,126,SweepArea,0.75,0.707,0.739,0.0323
98,31192.6,126,SweepArea,0.65,0.739,0.730,-0.0087
98,31192.9,126,SweepArea,-0.05,0.730,0.513,-0.2173
98,31193.2,126,SweepArea,-0.31,0.513,0.285,-0.2283
98,31193.5,126,SweepArea,-0.56,0.285,0.048,-0.2360
98,31193.8,126,SweepArea,-0.81,0.048,-0.193,-0.2414
98,31194.1,126,SweepArea,-1.07,-0.193,-0.438,-0.2452
98,31194.4,126,SweepArea,-1.32,-0.438,-0.686,-0.2479
98,31194.7,126,SweepArea,-1.57,-0.686,-0.936,-0.2497
98,31195.1,126,SweepArea,-1.83,-0.936,-1.187,-0.2512
98,31195.4,126,SweepArea,-2.08,-1.187,-1.439,-0.2520
98,31195.7,126,SweepArea,-2.33,-1.439,-1.692,-0.2526
98,31196.0,126,SweepArea,-2.59,-1.692,-1.945,-0.2530
98,31196.3,126,SweepArea,-2.84,-1.945,-2.198,-0.2532
98,31196.6,126,SweepArea,-3.09,-2.198,-2.451,-0.2534
98,31196.9,126,SweepArea,-3.34,-2.451,-2.705,-0.2535
98,31197.3,126,SweepArea,-3.60,-2.705,-2.958,-0.2536
98,31197.6,126,SweepArea,-3.85,-2.958,-3.212,-0.2537
98,31197.9,126,SweepArea,-3.90,-3.212,-3.406,-0.1937
98,31198.3,126,SweepArea,-4.16,-3.406,-3.618,-0.2120
98,31198.6,126,SweepArea,-4.41,-3.618,-3.842,-0.2245
98,31198.9,126,SweepArea,-4.66,-3.842,-4.076,-0.2333
98,31199.2,126,SweepArea,-4.92,-4.076,-4.315,-0.2395
98,31199.5,126,SweepArea,-5.17,-4.315,-4.559,-0.2438
98,31199.8,126,SweepArea,-5.42,-4.559,-4.806,-0.2468
98,31200.1,126,SweepArea,-5.68,-4.806,-5.055,-0.2489
98,31200.4,126,SweepArea,10.00,-5.055,-0.538,4.5164
99,31200.4,126,SweepArea,-0.28,-0.538,-0.380,0.1578
99,31200.8,120,Patrol,1.20,0.520,0.748,0.2272
99,31201.2,120,Patrol,1.20,0.748,0.906,0.1585
99,31201.5,120,Patrol,1.19,0.906,1.013,0.1074
99,31201.9,120,Patrol,-0.46,1.013,0.635,-0.3781
99,31202.2,90,HideSpotCheck,-0.50,0.235,0.083,-0.1512
99,31202.5,90,HideSpotCheck,-0.50,0.083,-0.067,-0.1504
99,31204.1,90,SweepArea,-0.17,0.015,-0.019,-0.0340
99,31205.6,90,SweepArea,-0.16,-0.019,-0.043,-0.0236
99,31207.1,90,SweepArea,-0.17,-0.043,-0.052,-0.0096
99,31246.4,144,Patrol,0.01,-0.624,-0.431,0.1934
99,31291.5,144,Patrol,-0.71,-0.431,-0.511,-0.0805
99,31317.0,144,Patrol,0.94,-0.511,-0.068,0.4434
99,31317.3,144,Patrol,-0.81,-0.068,-0.251,-0.1830
99,31322.4,74,InvestigateLastHeard,0.13,0.493,0.407,-0.0863
99,31338.3,108,SweepArea,-0.01,-0.052,-0.026,0.0264
99,31367.5,144,Patrol,0.11,-0.251,-0.137,0.1141
99,31412.6,144,Patrol,-0.77,-0.137,-0.323,-0.1859
99,31452.0,126,Patrol,-0.29,-0.535,-0.459,0.0761
99,31497.2,144,Patrol,-0.90,-0.323,-0.494,-0.1708
99,31498.7,144,SweepArea,0.00,-0.725,-0.481,0.2435
99,31500.1,144,SweepArea,-0.01,-0.481,-0.312,0.1688
99,31501.5,144,SweepArea,-0.16,-0.312,-0.241,0.0718
99,31526.7,144,SweepArea,-0.56,-0.241,-0.327,-0.0869
99,31539.6,114,HeatSweep,-0.28,-0.121,-0.153,-0.0321
99,31553.4,144,SweepArea,-0.09,-0.327,-0.242,0.0859
99,31570.2,144,SweepArea,-0.32,-0.242,-0.252,-0.0105
99,31586.7,144,SweepArea,-0.31,-0.252,-0.258,-0.0060
99,31603.2,144,SweepArea,-0.42,-0.258,-0.292,-0.0344
99,31619.6,144,SweepArea,-0.36,-0.292,-0.301,-0.0088
99,31635.7,144,SweepArea,-0.46,-0.301,-0.336,-0.0343
99,31652.5,144,SweepArea,-1.32,-0.336,-0.618,-0.2822
99,31697.6,144,Patrol,-0.95,-0.494,-0.628,-0.1343
99,31700.9,144,HideSpotCheck,0.22,-0.810,-0.477,0.3331
99,31703.0,144,HideSpotCheck,0.23,-0.477,-0.239,0.2381
99,31705.1,144,HideSpotCheck,0.23,-0.239,-0.071,0.1670
99,31707.0,144,HideSpotCheck,0.13,-0.071,0.016,0.0873
99,31709.1,144,HideSpotCheck,0.03,0.016,0.046,0.0306
99,31711.4,144,HideSpotCheck,-0.07,0.046,0.037,-0.0092
99,31713.4,144,HideSpotCheck,-0.77,0.037,-0.178,-0.2155
99,31715.2,144,HideSpotCheck,-1.02,-0.178,-0.403,-0.2251
99,31717.2,144,HideSpotCheck,-1.27,-0.403,-0.636,-0.2330
99,31721.4,144,SweepArea,-0.04,-0.618,-0.420,0.1975
99,31726.0,144,SweepArea,-0.20,-0.420,-0.330,0.0904
99,31730.3,144,SweepArea,-0.04,-0.330,-0.219,0.1109
99,31734.9,144,SweepArea,-0.30,-0.219,-0.219,0.0002
99,31739.5,144,SweepArea,-0.24,-0.219,-0.203,0.0157
99,31743.9,144,SweepArea,-0.49,-0.203,-0.267,-0.0638
100,31788.9,144,Patrol,-0.80,-0.628,-0.677,-0.0496
100,31792.9,90,SweepArea,-0.19,-0.052,-0.069,-0.0171
100,31796.9,144,SweepArea,-0.19,-0.267,-0.219,0.0473
100,31800.7,144,SweepArea,-0.19,-0.219,-0.186,0.0336
100,31804.5,144,SweepArea,-0.29,-0.186,-0.192,-0.0060
100,31806.5,144,HideSpotCheck,0.23,-0.636,-0.350,0.2865
100,31852.4,144,Patrol,-0.78,-0.677,-0.706,-0.0284
100,31861.8,144,SweepArea,-0.24,-0.192,-0.189,0.0026
100,31865.7,144,SweepArea,-0.19,-0.189,-0.165,0.0242
100,31890.7,144,SweepArea,-0.60,-0.165,-0.287,-0.1223
100,31901.5,144,SweepArea,-0.06,-0.287,-0.202,0.0858
100,31911.1,126,HideSpotCheck,0.31,-0.313,-0.109,0.2047
100,31921.2,126,HideSpotCheck,0.30,-0.109,0.031,0.1403
100,31930.2,126,SweepArea,-0.24,-0.380,-0.320,0.0607
100,31940.1,126,HideSpotCheck,0.30,0.031,0.131,0.0993
100,31950.0,126,HideSpotCheck,0.30,0.131,0.205,0.0745
100,31957.0,126,HideSpotCheck,0.18,0.205,0.241,0.0354
100,31964.0,126,HideSpotCheck,0.28,0.241,0.303,0.0624
100,31974.1,126,HideSpotCheck,-0.05,0.303,0.251,-0.0519
100,31984.1,126,HideSpotCheck,0.00,0.251,0.222,-0.0295
100,31994.1,126,HideSpotCheck,-0.85,0.222,-0.060,-0.2817
100,32004.0,126,HideSpotCheck,-1.10,-0.060,-0.354,-0.2939
100,32021.3,126,SweepArea,-0.07,-0.320,-0.232,0.0877
100,32022.6,144,SweepArea,-0.16,-0.202,-0.162,0.0392
100,32024.1,144,SweepArea,-0.16,-0.162,-0.136,0.0268
100,32025.6,144,SweepArea,-0.27,-0.136,-0.147,-0.0116
100,32027.2,144,SweepArea,-0.37,-0.147,-0.185,-0.0383
100,32028.7,144,SweepArea,-0.46,-0.185,-0.242,-0.0563
100,32030.8,144,SweepArea,-1.17,-0.242,-0.494,-0.2525
100,32031.3,144,HideSpotCheck,-0.50,-0.350,-0.366,-0.0160
100,32076.4,144,Patrol,-0.95,-0.706,-0.770,-0.0640
100,32090.2,145,AmbushHotChoke,0.13,0.322,0.267,-0.0549
100,32103.8,109,HideSpotCheck,0.11,-0.220,-0.117,0.1028
100,32119.0,109,HideSpotCheck,-0.63,-0.117,-0.268,-0.1509
100,32134.0,109,HideSpotCheck,-0.65,-0.268,-0.380,-0.1123
100,32149.3,109,HideSpotCheck,-0.73,-0.380,-0.483,-0.1030
100,32164.3,109,HideSpotCheck,-0.85,-0.483,-0.591,-0.1077
100,32175.1,109,HideSpotCheck,-0.01,-0.591,-0.412,0.1788
100,32186.0,109,HideSpotCheck,-0.86,-0.412,-0.543,-0.1309
100,32198.5,109,HideSpotCheck,-5.00,-0.543,-1.880,-1.3372
101,32201.2,109,HideSpotCheck,-0.50,-1.880,-1.453,0.4271
101,32213.4,126,SweepArea,0.10,-0.232,-0.118,0.1144
101,32215.2,144,HideSpotCheck,0.23,-0.366,-0.160,0.2063
101,32217.2,144,HideSpotCheck,0.23,-0.160,-0.016,0.1438
101,32219.2,144,HideSpotCheck,0.23,-0.016,0.084,0.1003
101,32221.1,144,HideSpotCheck,0.13,0.084,0.125,0.0410
101,32223.1,144,HideSpotCheck,0.03,0.125,0.131,0.0055
101,32224.9,144,HideSpotCheck,-0.07,0.131,0.107,-0.0239
101,32227.0,144,HideSpotCheck,-0.77,0.107,-0.128,-0.2347
101,32229.0,144,HideSpotCheck,-1.02,-0.128,-0.369,-0.2409
101,32230.8,144,HideSpotCheck,-1.27,-0.369,-0.612,-0.2430
101,32235.4,144,SweepArea,-0.20,-0.494,-0.381,0.1128
101,32240.0,144,SweepArea,-0.20,-0.381,-0.302,0.0792
101,32244.3,144,SweepArea,-0.02,-0.302,-0.195,0.1070
101,32249.2,126,SweepArea,-0.15,-0.118,-0.104,0.0137
101,32253.4,126,SweepArea,-0.39,-0.104,-0.167,-0.0628
101,32258.0,126,SweepArea,-0.35,-0.167,-0.197,-0.0301
101,32262.8,126,SweepArea,-1.20,-0.197,-0.474,-0.2769
101,32264.6,126,HideSpotCheck,0.23,-0.354,-0.151,0.2026
101,32266.4,126,HideSpotCheck,0.23,-0.151,-0.009,0.1419
101,32268.3,126,HideSpotCheck,0.23,-0.009,0.089,0.0989
101,32270.3,126,HideSpotCheck,0.13,0.089,0.129,0.0392
101,32272.2,126,HideSpotCheck,0.03,0.129,0.134,0.0057
101,32274.2,126,HideSpotCheck,-0.07,0.134,0.109,-0.0251
101,32276.2,126,HideSpotCheck,-0.77,0.109,-0.125,-0.2344
101,32278.2,126,HideSpotCheck,-1.02,-0.125,-0.367,-0.2415
101,32280.1,126,HideSpotCheck,-1.27,-0.367,-0.611,-0.2440
101,32284.1,126,Patrol,1.01,-0.459,0.002,0.4607
101,32284.5,126,Patrol,-0.49,0.002,-0.049,-0.0506
101,32289.6,74,InvestigateLastHeard,0.14,0.407,0.347,-0.0601
101,32289.9,114,HideSpotCheck,-0.50,-0.182,-0.251,-0.0687
101,32305.4,114,SweepArea,-0.31,-0.148,-0.182,-0.0348
101,32320.5,108,HideSpotCheck,-0.63,-0.167,-0.294,-0.1267
101,32335.2,108,SweepArea,-0.30,-0.026,-0.094,-0.0679
101,32351.9,108,SweepArea,-0.32,-0.094,-0.149,-0.0557
101,32365.7,114,HeatSweep,-0.29,-0.153,-0.183,-0.0300
101,32380.9,128,HeatSweep,-0.45,-0.290,-0.329,-0.0389
101,32420.7,128,Patrol,0.00,-0.477,-0.331,0.1464
101,32435.9,128,AmbushHotChoke,-0.36,-0.210,-0.244,-0.0341
101,32456.7,128,SweepArea,-0.36,-0.222,-0.256,-0.0336
101,32471.8,128,AmbushHotChoke,-0.51,-0.244,-0.315,-0.0710
101,32488.1,128,SweepArea,-0.15,-0.256,-0.213,0.0427
101,32494.5,114,AmbushHotChoke,-0.01,-0.171,-0.104,0.0670
101,32498.3,114,AmbushHotChoke,-0.19,-0.104,-0.107,-0.0031
101,32502.4,114,AmbushHotChoke,-0.19,-0.107,-0.110,-0.0035
101,32506.6,114,AmbushHotChoke,-0.29,-0.110,-0.143,-0.0329
101,32509.6,114,AmbushHotChoke,-0.38,-0.143,-0.191,-0.0477
101,32523.2,114,SweepArea,-0.29,-0.182,-0.200,-0.0176
101,32537.2,114,HeatSweep,-0.29,-0.183,-0.205,-0.0217
101,32541.1,128,SweepArea,-0.19,-0.213,-0.189,0.0241
101,32545.9,128,SweepArea,-0.20,-0.189,-0.175,0.0138
101,32550.7,128,SweepArea,-0.05,-0.175,-0.120,0.0548
101,32555.5,128,SweepArea,-0.15,-0.120,-0.112,0.0082
101,32559.6,128,SweepArea,-0.24,-0.112,-0.133,-0.0210
101,32574.7,128,HeatSweep,-0.56,-0.329,-0.388,-0.0594
101,32582.5,128,SweepArea,10.00,-0.133,2.907,3.0399
102,32600.0,128,SweepArea,-0.60,2.907,1.862,-1.0449
102,32601.5,144,SweepArea,-0.17,-0.195,-0.159,0.0365
102,32603.1,144,SweepArea,-0.17,-0.159,-0.134,0.0252
102,32604.6,144,SweepArea,-0.26,-0.134,-0.146,-0.0119
102,32606.2,144,SweepArea,-0.37,-0.146,-0.184,-0.0388
102,32607.7,144,SweepArea,-0.47,-0.184,-0.241,-0.0568
102,32609.3,144,SweepArea,-1.17,-0.241,-0.491,-0.2500
102,32626.7,144,SweepArea,-1.23,-0.491,-0.702,-0.2103
102,32627.0,144,HideSpotCheck,-0.50,-0.612,-0.549,0.0626
102,32627.4,144,HideSpotCheck,-0.50,-0.549,-0.505,0.0442
102,32627.6,144,HideSpotCheck,-0.50,-0.505,-0.474,0.0306
102,32627.9,144,HideSpotCheck,-0.60,-0.474,-0.483,-0.0085
102,32628.2,144,HideSpotCheck,-0.70,-0.483,-0.519,-0.0360
102,32628.5,144,HideSpotCheck,-0.80,-0.519,-0.574,-0.0552
102,32628.7,144,HideSpotCheck,-1.50,-0.574,-0.822,-0.2486
102,32649.2,144,SweepArea,-0.05,-0.702,-0.497,0.2043
102,32656.2,126,SweepArea,-0.07,-0.474,-0.332,0.1420
102,32701.4,126,Patrol,-0.72,-0.049,-0.246,-0.1973
102,32715.3,108,SweepArea,-0.29,-0.149,-0.178,-0.0280
102,32731.5,108,SweepArea,-0.31,-0.178,-0.205,-0.0275
102,32776.6,126,Patrol,-0.95,-0.246,-0.454,-0.2085
102,32793.6,144,SweepArea,-0.09,-0.497,-0.341,0.1563
102,32803.7,145,AmbushHotChoke,0.08,0.267,0.215,-0.0519
102,32807.3,109,AmbushHotChoke,-0.19,-0.828,-0.631,0.1974
102,32811.4,109,AmbushHotChoke,-0.19,-0.631,-0.494,0.1366
102,32814.4,109,AmbushHotChoke,-0.28,-0.494,-0.425,0.0691
102,32827.8,109,HideSpotCheck,0.12,-1.453,-0.979,0.4736
102,32834.0,109,AmbushHotChoke,-0.21,-0.425,-0.344,0.0813
102,32837.7,111,AmbushHotChoke,-0.19,0.070,0.013,-0.0575
102,32850.7,111,HideSpotCheck,0.12,0.067,0.130,0.0623
102,32867.2,129,SweepArea,-0.16,0.301,0.200,-0.1005
102,32883.5,129,SweepArea,-0.16,0.200,0.118,-0.0821
102,32888.9,129,AmbushHotChoke,-0.01,0.132,0.120,-0.0113
102,32892.1,129,AmbushHotChoke,-0.18,0.120,0.060,-0.0601
102,32906.0,129,SweepArea,-0.29,0.118,0.013,-0.1047
102,32911.7,129,AmbushHotChoke,0.00,0.060,0.062,0.0012
102,32915.8,129,AmbushHotChoke,-0.19,0.062,0.008,-0.0533
102,32929.6,129,SweepArea,-0.29,0.013,-0.063,-0.0767
102,32936.3,129,AmbushHotChoke,-0.02,0.008,0.020,0.0119
102,32939.0,129,AmbushHotChoke,-0.18,0.020,-0.015,-0.0350
102,32941.8,129,AmbushHotChoke,-0.18,-0.015,-0.040,-0.0247
102,32945.5,129,AmbushHotChoke,-0.29,-0.040,-0.091,-0.0517
102,32959.2,129,SweepArea,-0.29,-0.063,-0.117,-0.0532
102,32979.1,129,SweepArea,-0.04,-0.117,-0.071,0.0456
102,32994.3,145,AmbushHotChoke,-0.60,0.215,-0.017,-0.2329
102,33006.1,129,SweepArea,-5.00,-0.071,-1.550,-1.4787
103,33008.0,129,SweepArea,0.01,-1.550,-1.066,0.4836
103,33016.6,144,SweepArea,-0.24,-0.341,-0.291,0.0502
103,33025.6,126,SweepArea,0.03,-0.332,-0.203,0.1284
103,33034.8,144,SweepArea,-0.19,-0.291,-0.243,0.0482
103,33043.7,144,SweepArea,-0.29,-0.243,-0.237,0.0055
103,33053.8,144,HideSpotCheck,0.15,-0.822,-0.513,0.3092
103,33063.2,126,SweepArea,-0.24,-0.203,-0.197,0.0061
103,33072.5,126,SweepArea,-0.24,-0.197,-0.193,0.0046
103,33081.4,126,SweepArea,-0.24,-0.193,-0.188,0.0048
103,33089.9,126,SweepArea,-0.18,-0.188,-0.167,0.0204
103,33098.9,126,SweepArea,-0.44,-0.167,-0.230,-0.0631
103,33124.1,126,SweepArea,-0.80,-0.230,-0.392,-0.1619
103,33128.6,126,SweepArea,-1.19,-0.392,-0.610,-0.2172
103,33173.6,126,Patrol,-0.71,-0.454,-0.527,-0.0726
103,33218.6,108,Patrol,-0.80,-0.535,-0.611,-0.0768
103,33219.0,144,SweepArea,1.00,-0.237,0.160,0.3966
103,33219.3,144,SweepArea,-0.39,0.160,0.017,-0.1430
103,33223.6,90,HideSpotCheck,0.21,-0.067,0.033,0.0997
103,33225.8,90,HideSpotCheck,0.23,0.033,0.118,0.0855
103,33243.2,144,SweepArea,-0.32,0.017,-0.074,-0.0902
103,33252.3,144,SweepArea,-0.24,-0.074,-0.105,-0.0316
103,33260.3,144,SweepArea,-0.23,-0.105,-0.123,-0.0178
103,33269.0,144,SweepArea,-0.18,-0.123,-0.122,0.0007
103,33277.7,144,SweepArea,-0.44,-0.122,-0.198,-0.0758
103,33306.8,144,Patrol,0.13,-0.770,-0.494,0.2758
103,33329.0,144,SweepArea,-0.37,-0.198,-0.245,-0.0472
103,33340.9,145,AmbushHotChoke,0.13,-0.017,0.041,0.0585
103,33354.9,117,AmbushHotChoke,-0.29,-0.040,-0.101,-0.0616
103,33357.7,129,AmbushHotChoke,-0.18,-0.091,-0.093,-0.0020
103,33361.8,129,AmbushHotChoke,-0.29,-0.093,-0.130,-0.0368
103,33365.1,129,AmbushHotChoke,-0.38,-0.130,-0.183,-0.0527
103,33378.0,129,HeatSweep,0.02,-0.180,-0.111,0.0684
103,33390.4,145,AmbushHotChoke,0.00,0.041,0.044,0.0030
103,33402.6,129,HeatSweep,-0.27,-0.111,-0.151,-0.0402
103,33414.9,145,AmbushHotChoke,0.00,0.044,0.046,0.0024
103,33428.1,129,SweepArea,-0.28,-1.066,-0.817,0.2493
103,33439.7,129,HeatSweep,-5.00,-0.151,-1.606,-1.4546
104,33443.1,129,HeatSweep,-0.50,-1.606,-1.261,0.3454
104,33446.9,144,SweepArea,-0.02,-0.245,-0.152,0.0932
104,33450.7,144,SweepArea,0.07,-0.152,-0.063,0.0897
104,33454.5,144,SweepArea,-0.19,-0.063,-0.076,-0.0134
104,33479.8,144,SweepArea,-0.57,-0.076,-0.217,-0.1412
104,33524.8,126,Patrol,-0.76,-0.527,-0.593,-0.0658
105,33568.4,126,Patrol,-0.04,-0.593,-0.423,0.1700
105,33569.9,108,SweepArea,-0.17,-0.205,-0.166,0.0394
105,33571.4,144,SweepArea,-0.16,-0.217,-0.174,0.0433
105,33572.8,144,SweepArea,-0.16,-0.174,-0.143,0.0303
105,33574.3,144,SweepArea,-0.27,-0.143,-0.153,-0.0091
105,33575.8,144,SweepArea,-0.37,-0.153,-0.189,-0.0363
105,33577.2,144,SweepArea,-0.46,-0.189,-0.244,-0.0547
105,33578.6,144,SweepArea,-1.16,-0.244,-0.492,-0.2487
105,33623.6,144,Patrol,-0.95,-0.494,-0.627,-0.1329
105,33631.9,144,SweepArea,0.08,-0.492,-0.303,0.1896
105,33648.0,144,SweepArea,-0.01,-0.303,-0.202,0.1003
105,33677.1,126,Patrol,0.11,-0.423,-0.257,0.1663
105,33722.1,126,Patrol,-0.88,-0.257,-0.441,-0.1844
105,33736.7,144,SweepArea,-0.30,-0.202,-0.216,-0.0139
105,33766.0,126,Patrol,-0.19,-0.441,-0.360,0.0809
105,33810.9,126,Patrol,-0.13,-0.360,-0.288,0.0719
105,33825.5,144,SweepArea,-0.30,-0.216,-0.226,-0.0099
105,33854.7,126,Patrol,-0.19,-0.288,-0.253,0.0355
105,33887.9,126,Patrol,0.14,-0.253,-0.131,0.1212
105,33903.2,114,AmbushHotChoke,-0.50,-0.191,-0.271,-0.0798
105,33917.1,144,SweepArea,-0.29,-0.226,-0.231,-0.0045
105,33932.2,144,HideSpotCheck,-0.64,-0.513,-0.538,-0.0242
105,33946.3,144,SweepArea,-0.29,-0.231,-0.234,-0.0036
105,33962.4,144,SweepArea,-0.31,-0.234,-0.244,-0.0100
105,33979.3,144,SweepArea,-0.17,-0.244,-0.209,0.0354
105,34024.5,144,Patrol,-0.80,-0.627,-0.677,-0.0496
105,34028.7,144,SweepArea,-0.19,-0.209,-0.180,0.0290
105,34033.0,144,SweepArea,-0.19,-0.180,-0.160,0.0202
105,34037.2,144,SweepArea,-0.19,-0.160,-0.146,0.0139
105,34041.8,144,SweepArea,-0.15,-0.146,-0.122,0.0235
105,34046.4,144,SweepArea,-0.40,-0.122,-0.181,-0.0585
105,34051.2,144,SweepArea,-0.35,-0.181,-0.208,-0.0268
105,34055.6,144,SweepArea,-1.19,-0.208,-0.480,-0.2722
105,34060.0,144,SweepArea,-1.44,-0.480,-0.745,-0.2653
105,34062.0,144,HideSpotCheck,0.23,-0.538,-0.281,0.2568
105,34063.8,144,HideSpotCheck,0.23,-0.281,-0.100,0.1807
105,34065.8,144,HideSpotCheck,0.23,-0.100,0.026,0.1259
105,34067.7,144,HideSpotCheck,0.13,0.026,0.084,0.0584
105,34069.7,144,HideSpotCheck,0.03,0.084,0.095,0.0107
105,34071.7,144,HideSpotCheck,-0.07,0.095,0.072,-0.0227
105,34073.5,144,HideSpotCheck,-0.77,0.072,-0.153,-0.2250
105,34075.5,144,HideSpotCheck,-1.02,-0.153,-0.386,-0.2335
105,34077.5,144,HideSpotCheck,-1.27,-0.386,-0.572,-0.1852
105,34088.0,146,AmbushHotChoke,0.13,0.294,0.259,-0.0347
105,34102.8,114,SweepArea,-0.30,-0.200,-0.217,-0.0167
105,34116.6,114,HeatSweep,-0.29,-0.205,0.046,0.2508
105,34120.7,128,SweepArea,-0.19,1.862,1.698,-0.1636
105,34165.9,128,Patrol,-0.86,-0.331,-0.486,-0.1553
105,34176.0,114,HeatSweep,0.05,0.046,0.065,0.0185
105,34211.1,144,Patrol,0.03,-0.677,-0.444,0.2325
105,34214.8,115,AmbushHotChoke,-0.19,0.422,0.344,-0.0783
105,34259.9,115,Patrol,-0.95,-0.224,-0.441,-0.2163
105,34271.2,145,AmbushHotChoke,-0.03,0.046,0.081,0.0350
105,34273.9,115,AmbushHotChoke,-0.18,0.344,0.277,-0.0663
105,34278.1,115,AmbushHotChoke,-0.19,0.277,0.204,-0.0738
105,34281.5,115,AmbushHotChoke,-0.28,0.204,0.108,-0.0951
105,34284.3,115,AmbushHotChoke,-0.38,0.108,-0.009,-0.1176
105,34298.0,115,SweepArea,-0.29,-0.002,-0.075,-0.0735
105,34299.9,145,AmbushHotChoke,-5.00,0.081,-1.443,-1.5244
106,34304.3,145,AmbushHotChoke,0.09,-1.443,-0.963,0.4803
106,34343.7,144,Patrol,0.10,-0.444,-0.276,0.1684
106,34388.9,144,Patrol,-0.80,-0.276,-0.429,-0.1530
106,34433.9,144,Patrol,-0.92,-0.429,-0.574,-0.1451
106,34434.2,144,HideSpotCheck,-0.50,-0.572,-0.521,0.0506
106,34434.5,144,HideSpotCheck,-0.50,-0.521,-0.485,0.0355
106,34476.5,144,Patrol,-0.06,-0.574,-0.416,0.1578
106,34489.8,108,SweepArea,-0.28,-0.166,-0.186,-0.0201
106,34534.8,144,Patrol,-0.72,-0.416,-0.505,-0.0887
106,34538.9,127,SweepArea,-0.19,-0.365,-0.295,0.0702
106,34552.0,127,AmbushHotChoke,0.00,-0.083,-0.056,0.0277
106,34556.0,109,AmbushHotChoke,-0.19,-0.344,-0.293,0.0511
106,34559.8,109,AmbushHotChoke,-0.19,-0.293,-0.257,0.0358
106,34563.7,109,AmbushHotChoke,-0.29,-0.257,-0.262,-0.0050
106,34566.2,109,AmbushHotChoke,-0.37,-0.262,-0.291,-0.0288
106,34569.2,109,AmbushHotChoke,-0.48,-0.291,-0.343,-0.0519
106,34572.7,109,AmbushHotChoke,-1.19,-0.343,-0.591,-0.2482
106,34575.3,109,AmbushHotChoke,-1.43,-0.591,-0.836,-0.2453
106,34577.8,109,AmbushHotChoke,-1.68,-0.836,-1.083,-0.2468
107,34623.0,109,Patrol,-0.80,-0.771,-0.778,-0.0062
107,34623.3,144,HideSpotCheck,-0.50,-0.485,-0.461,0.0248
107,34623.6,144,HideSpotCheck,-0.50,-0.461,-0.443,0.0174
107,34623.8,144,HideSpotCheck,-0.50,-0.443,-0.431,0.0122
107,34624.1,144,HideSpotCheck,-0.60,-0.431,-0.453,-0.0215
107,34624.4,144,HideSpotCheck,-0.70,-0.453,-0.498,-0.0450
107,34624.8,144,HideSpotCheck,-0.80,-0.498,-0.559,-0.0617
107,34669.8,144,Patrol,-0.72,-0.505,-0.567,-0.0619
107,34673.6,144,HideSpotCheck,0.40,-0.559,-0.247,0.3127
107,34675.6,144,HideSpotCheck,0.23,-0.247,-0.077,0.1695
107,34677.7,144,HideSpotCheck,0.23,-0.077,0.042,0.1186
107,34718.5,144,Patrol,0.10,-0.567,-0.364,0.2029
107,34731.9,108,SweepArea,-0.28,-0.186,-0.201,-0.0151
107,34777.1,108,Patrol,-0.80,-0.611,-0.666,-0.0543
107,34780.6,126,HideSpotCheck,0.22,-0.611,-0.338,0.2725
107,34825.7,126,Patrol,-0.71,-0.131,-0.303,-0.1715
107,34841.4,108,SweepArea,-0.31,-0.201,-0.220,-0.0193
107,34857.7,108,SweepArea,-0.16,-0.220,-0.190,0.0297
107,34873.7,108,SweepArea,-0.16,-0.190,-0.169,0.0216
107,34890.4,108,SweepArea,-0.42,-0.169,-0.231,-0.0627
107,34907.1,108,SweepArea,-0.52,-0.231,-0.304,-0.0730
107,34922.2,144,HideSpotCheck,-0.65,0.042,-0.153,-0.1943
107,34933.3,144,HideSpotCheck,0.32,-0.153,0.006,0.1587
107,34948.3,108,HideSpotCheck,-0.65,-0.294,-0.387,-0.0933
107,34993.5,126,Patrol,-0.95,-0.303,-0.495,-0.1918
107,34998.5,144,HideSpotCheck,0.40,0.006,0.148,0.1416
107,35014.7,144,SweepArea,-0.01,-0.745,-0.512,0.2328
107,35024.4,126,HideSpotCheck,0.31,-0.338,-0.127,0.2115
107,35034.5,126,HideSpotCheck,0.15,-0.127,-0.026,0.1007
107,35044.2,126,HideSpotCheck,0.30,-0.026,0.091,0.1168
107,35054.5,126,HideSpotCheck,0.05,0.091,0.091,0.0001
107,35069.7,127,AmbushHotChoke,-0.37,-0.056,-0.141,-0.0855
107,35076.1,127,AmbushHotChoke,0.00,-0.141,-0.094,0.0468
108,35107.3,109,Patrol,0.84,-0.778,-0.288,0.4900
108,35107.9,109,Patrol,-0.77,-0.288,-0.412,-0.1241
108,35112.8,74,InvestigateLastHeard,0.13,0.347,0.305,-0.0417
108,35131.8,108,SweepArea,-0.04,-0.304,-0.033,0.2716
108,35176.9,128,Patrol,-0.80,-0.486,-0.576,-0.0900
108,35177.2,144,HideSpotCheck,-0.50,0.148,-0.003,-0.1507
108,35177.5,144,HideSpotCheck,-0.50,-0.003,-0.123,-0.1198
108,35177.7,144,HideSpotCheck,-0.50,-0.123,-0.207,-0.0839
108,35178.0,144,HideSpotCheck,-0.60,-0.207,-0.296,-0.0887
108,35178.3,144,HideSpotCheck,-0.70,-0.296,-0.388,-0.0921
108,35223.5,144,Patrol,-0.77,-0.364,-0.484,-0.1199
108,35227.3,130,SweepArea,-0.03,0.023,0.029,0.0058
108,35272.4,130,Patrol,-0.86,-0.347,-0.498,-0.1506
108,35287.0,114,HeatSweep,0.00,0.065,0.061,-0.0039
108,35287.2,144,HideSpotCheck,-0.50,-0.388,-0.392,-0.0045
108,35287.5,144,HideSpotCheck,-0.50,-0.392,-0.395,-0.0031
108,35287.9,144,HideSpotCheck,-0.50,-0.395,-0.398,-0.0023
108,35288.2,144,HideSpotCheck,-0.60,-0.398,-0.429,-0.0315
108,35318.1,144,Patrol,0.08,-0.484,-0.307,0.1768
108,35321.1,116,AmbushHotChoke,-0.18,-0.134,-0.112,0.0217
108,35334.2,116,HideSpotCheck,0.12,0.138,0.147,0.0087
108,35350.6,117,SweepArea,-0.16,-0.081,-0.093,-0.0125
108,35366.5,117,SweepArea,-0.31,-0.093,-0.146,-0.0523
108,35372.3,117,AmbushHotChoke,0.00,-0.101,-0.051,0.0499
108,35378.9,117,HeatSweep,10.00,-0.157,2.890,3.0470
109,35379.4,117,HeatSweep,1.08,2.890,2.367,-0.5231
109,35379.8,117,HeatSweep,0.92,2.367,1.952,-0.4151
109,35380.1,117,HeatSweep,0.92,1.952,1.658,-0.2937
109,35380.5,117,HeatSweep,-0.53,1.658,1.024,-0.6340
109,35388.3,90,SweepArea,-0.23,-0.069,-0.097,-0.0279
110,35433.5,144,Patrol,-0.80,-0.307,-0.453,-0.1457
110,35433.8,144,HideSpotCheck,-0.50,-0.429,-0.421,0.0080
110,35434.1,144,HideSpotCheck,-0.50,-0.421,-0.416,0.0056
110,35479.2,144,Patrol,-0.88,-0.453,-0.579,-0.1264
110,35487.5,144,SweepArea,0.10,-0.512,-0.309,0.2030
110,35504.3,144,SweepArea,0.08,-0.309,-0.181,0.1279
110,35513.0,108,SweepArea,-0.24,-0.033,-0.075,-0.0424
110,35523.0,126,HideSpotCheck,0.30,0.091,0.172,0.0809
110,35533.1,126,HideSpotCheck,0.15,0.172,0.196,0.0242
110,35543.0,126,HideSpotCheck,0.15,0.196,0.218,0.0219
110,35552.8,126,HideSpotCheck,0.20,0.218,0.252,0.0344
110,35562.5,126,HideSpotCheck,-0.05,0.252,0.208,-0.0438
110,35572.1,126,HideSpotCheck,0.00,0.208,0.186,-0.0228
110,35582.2,126,HideSpotCheck,-0.85,0.186,-0.092,-0.2775
110,35592.3,126,HideSpotCheck,-1.10,-0.092,-0.377,-0.2852
110,35602.1,126,HideSpotCheck,-1.20,-0.377,-0.605,-0.2280
110,35631.2,126,Patrol,0.11,-0.495,-0.307,0.1876
110,35675.9,126,Patrol,-0.13,-0.307,-0.250,0.0569
110,35690.4,144,SweepArea,-0.29,-0.181,-0.201,-0.0200
110,35719.3,126,Patrol,-0.19,-0.250,-0.227,0.0232
110,35734.4,127,AmbushHotChoke,-0.33,-0.094,-0.162,-0.0675
110,35779.5,109,Patrol,-0.80,-0.412,-0.526,-0.1147
110,35786.2,127,AmbushHotChoke,0.00,-0.162,-0.110,0.0517
110,35831.3,109,Patrol,-0.95,-0.526,-0.652,-0.1257
110,35876.4,145,Patrol,-0.95,-0.510,-0.641,-0.1309
110,35919.1,145,Patrol,-0.07,-0.641,-0.470,0.1711
111,35931.5,109,Patrol,1.03,-0.652,-0.135,0.5172
111,35937.0,109,Patrol,-0.44,-0.135,-0.219,-0.0837
111,35975.5,68,Patrol,-0.08,0.071,0.028,-0.0425
111,35989.7,144,SweepArea,0.01,-0.201,-0.126,0.0754
111,36014.8,130,SweepArea,-0.49,0.029,-0.120,-0.1491
111,36030.0,130,AmbushHotChoke,-0.41,-0.035,-0.083,-0.0480
111,36033.6,142,SweepArea,10.00,0.470,3.330,2.8595
112,36055.2,142,SweepArea,-0.60,3.330,2.158,-1.1716
112,36068.7,144,SweepArea,-0.28,-0.126,-0.159,-0.0328
113,36113.8,126,Patrol,-0.80,-0.227,-0.396,-0.1692
113,36121.3,144,SweepArea,-0.03,-0.159,-0.099,0.0598
113,36130.2,144,SweepArea,-0.24,-0.099,-0.122,-0.0234
113,36138.9,144,SweepArea,-0.09,-0.122,-0.092,0.0300
113,36147.8,144,SweepArea,-0.19,-0.092,-0.103,-0.0102
113,36176.8,144,Patrol,0.11,-0.579,-0.365,0.2136
113,36199.4,144,SweepArea,-0.20,-0.103,-0.122,-0.0191
113,36228.8,126,Patrol,-0.19,-0.396,-0.329,0.0674
113,36274.0,126,Patrol,-0.62,-0.329,-0.412,-0.0835
113,36295.1,140,SweepArea,-0.36,0.086,-0.047,-0.1327
113,36298.6,147,HeatSweep,-0.19,-0.039,-0.079,-0.0404
113,36302.0,147,HeatSweep,-0.18,-0.079,-0.107,-0.0280
113,36305.5,147,HeatSweep,-0.18,-0.107,-0.127,-0.0197
113,36308.7,147,HeatSweep,-0.28,-0.127,-0.170,-0.0433
113,36312.2,147,HeatSweep,-0.38,-0.170,-0.231,-0.0609
113,36315.8,147,HeatSweep,-0.49,-0.231,-0.304,-0.0729
113,36341.0,147,SweepArea,-0.48,-0.361,-0.390,-0.0296
113,36349.3,137,AmbushHotChoke,0.07,0.040,0.062,0.0220
113,36352.5,137,AmbushHotChoke,-0.18,0.062,0.006,-0.0550
113,36365.6,137,HideSpotCheck,0.12,0.014,0.057,0.0422
113,36366.7,137,HideSpotCheck,-5.00,0.057,-1.460,-1.5170
114,36380.7,137,HideSpotCheck,-0.50,-1.460,-1.159,0.3015
114,36425.8,126,Patrol,-0.80,-0.412,-0.526,-0.1137
114,36439.8,144,SweepArea,0.01,-0.122,-0.068,0.0539
114,36469.9,126,Patrol,-0.20,-0.526,-0.422,0.1038
114,36501.8,126,Patrol,0.10,-0.422,-0.253,0.1693
114,36517.0,134,AmbushHotChoke,-0.50,0.219,0.016,-0.2027
114,36530.8,144,SweepArea,-0.29,-0.068,-0.119,-0.0513
114,36547.3,144,SweepArea,0.01,-0.119,-0.077,0.0425
114,36562.3,60,HeatSweep,-0.50,-0.113,-0.216,-0.1023
114,36567.7,144,SweepArea,-0.02,-0.077,0.325,0.4019
114,36572.1,128,SweepArea,-0.19,1.698,1.538,-0.1606
114,36576.6,128,SweepArea,-0.04,1.538,1.430,-0.1078
114,36580.9,128,SweepArea,-0.29,1.430,1.257,-0.1727
114,36585.5,128,SweepArea,-0.25,1.257,1.104,-0.1535
114,36589.7,128,SweepArea,-0.49,1.104,0.891,-0.2125
114,36594.5,128,SweepArea,-1.05,0.891,0.519,-0.3722
114,36598.7,128,SweepArea,-1.44,0.519,0.056,-0.4631
114,36603.4,128,SweepArea,-1.55,0.056,-0.408,-0.4638
114,36648.6,128,Patrol,-0.86,-0.576,-0.659,-0.0826
114,36659.0,114,HeatSweep,0.05,0.061,0.114,0.0527
114,36693.8,144,Patrol,0.03,-0.365,-0.241,0.1246
114,36706.4,114,HeatSweep,-0.28,0.114,0.048,-0.0654
114,36713.0,144,SweepArea,-0.22,0.325,0.178,-0.1473
114,36727.8,128,AmbushHotChoke,-0.02,-0.315,-0.205,0.1099
114,36740.5,116,HideSpotCheck,0.12,0.147,0.163,0.0159
114,36755.6,116,HideSpotCheck,-0.63,0.163,-0.052,-0.2152
114,36759.1,116,AmbushHotChoke,0.00,-0.112,-0.059,0.0531
114,36772.9,116,SweepArea,-0.29,0.029,-0.054,-0.0829
114,36788.0,116,HeatSweep,-0.65,-0.029,-0.191,-0.1619
114,36793.8,144,SweepArea,-0.21,0.178,0.078,-0.1003
114,36807.8,128,AmbushHotChoke,0.00,-0.205,-0.133,0.0721
114,36820.8,116,HideSpotCheck,0.12,-0.052,0.012,0.0641
114,36835.8,116,HideSpotCheck,-0.62,0.012,-0.168,-0.1796
114,36850.2,116,SweepArea,-0.29,-0.054,-0.118,-0.0640
114,36865.3,152,HideSpotCheck,-0.64,0.019,-0.170,-0.1891
114,36880.0,152,HeatSweep,-0.30,-0.015,-0.086,-0.0705
114,36886.5,144,SweepArea,-0.22,0.078,0.045,-0.0323
114,36899.8,146,AmbushHotChoke,-0.04,0.259,0.177,-0.0821
114,36944.8,152,Patrol,-0.73,-0.041,-0.246,-0.2046
114,36946.2,144,SweepArea,-0.16,0.045,0.010,-0.0353
114,36947.6,144,SweepArea,-0.01,0.010,0.031,0.0208
114,36949.1,144,SweepArea,-0.17,0.031,-0.001,-0.0315
114,36949.4,144,HideSpotCheck,-0.50,-0.416,-0.412,0.0039
114,36950.8,144,SweepArea,-0.16,-0.001,-0.022,-0.0211
114,36951.0,144,HideSpotCheck,-0.50,-0.412,-0.409,0.0027
114,36951.3,144,HideSpotCheck,-0.50,-0.409,-0.407,0.0019
114,36972.5,144,SweepArea,-0.06,-0.022,-0.027,-0.0050
114,36984.9,128,AmbushHotChoke,-0.01,-0.133,-0.081,0.0515
114,36997.5,114,HeatSweep,-0.28,0.048,-0.034,-0.0818
114,37022.6,144,SweepArea,-0.75,-0.027,-0.236,-0.2096
114,37034.2,129,HeatSweep,0.16,-1.261,-0.820,0.4407
114,37042.4,129,AmbushHotChoke,-0.01,-0.183,0.070,0.2523
114,37055.1,117,HeatSweep,-0.28,1.024,0.642,-0.3823
115,37100.1,145,Patrol,-0.80,-0.470,-0.566,-0.0965
115,37101.5,144,SweepArea,-0.16,-0.236,-0.187,0.0495
115,37103.0,144,SweepArea,-0.16,-0.187,-0.153,0.0341
115,37104.5,144,SweepArea,-0.17,-0.153,-0.129,0.0237
115,37105.9,144,SweepArea,-0.26,-0.129,-0.142,-0.0129
115,37107.5,144,SweepArea,-0.37,-0.142,-0.182,-0.0397
115,37109.0,144,SweepArea,-0.47,-0.182,-0.239,-0.0576
115,37110.6,144,SweepArea,-1.17,-0.239,-0.490,-0.2506
115,37149.7,144,Patrol,0.03,-0.241,-0.155,0.0857
116,37194.7,126,Patrol,-0.80,-0.253,-0.414,-0.1614
116,37225.6,144,Patrol,0.10,-0.155,-0.074,0.0814
116,37269.1,144,Patrol,-0.14,-0.074,-0.089,-0.0154
116,37314.3,126,Patrol,-1.00,-0.414,-0.588,-0.1734
116,37359.6,144,Patrol,-1.18,-0.089,-0.414,-0.3253
116,37359.9,144,HideSpotCheck,-0.50,-0.407,-0.405,0.0023
116,37360.2,144,HideSpotCheck,-0.50,-0.405,-0.403,0.0016
116,37360.5,144,HideSpotCheck,-0.50,-0.403,-0.402,0.0012
116,37360.8,144,HideSpotCheck,-0.60,-0.402,-0.431,-0.0292
116,37402.1,144,Patrol,-0.31,-0.414,-0.380,0.0338
116,37447.2,126,Patrol,-0.63,-0.588,-0.596,-0.0083
116,37475.1,126,Patrol,-0.18,-0.596,-0.464,0.1323
116,37520.0,144,Patrol,-0.45,-0.380,-0.398,-0.0178
116,37535.3,126,Patrol,0.65,-0.464,-0.119,0.3450
117,37535.6,126,Patrol,-0.51,-0.119,-0.226,-0.1068
117,37580.7,128,Patrol,-0.80,-0.659,-0.698,-0.0395
117,37625.7,144,Patrol,-0.69,-0.398,-0.484,-0.0857
117,37633.4,108,SweepArea,-0.23,-0.075,-0.101,-0.0255
117,37643.5,144,HideSpotCheck,0.30,-0.431,-0.194,0.2367
117,37653.9,144,HideSpotCheck,0.15,-0.194,-0.075,0.1193
117,37663.5,144,HideSpotCheck,0.15,-0.075,0.012,0.0870
117,37673.5,144,HideSpotCheck,0.05,0.012,0.041,0.0293
117,37683.1,144,HideSpotCheck,0.11,0.041,0.079,0.0377
117,37692.9,144,HideSpotCheck,-0.15,0.079,0.028,-0.0504
117,37703.0,144,HideSpotCheck,-0.55,0.028,-0.128,-0.1562
117,37731.9,144,Patrol,0.11,-0.484,-0.299,0.1854
117,37777.2,126,Patrol,-0.73,-0.226,-0.375,-0.1498
117,37781.0,144,HideSpotCheck,0.40,-0.128,0.055,0.1825
117,37783.1,144,HideSpotCheck,0.23,0.055,0.134,0.0792
117,37785.2,144,HideSpotCheck,0.23,0.134,0.198,0.0646
117,37787.3,144,HideSpotCheck,0.13,0.198,0.231,0.0323
117,37829.6,144,Patrol,0.09,-0.299,-0.180,0.1185
117,37874.7,108,Patrol,-0.80,-0.666,-0.705,-0.0391
118,37919.8,145,Patrol,-0.80,-0.566,-0.630,-0.0638
118,37922.8,144,HideSpotCheck,0.22,0.231,0.287,0.0562
118,37924.8,144,HideSpotCheck,0.48,0.287,0.373,0.0855
118,37967.1,126,Patrol,0.79,-0.375,-0.022,0.3531
119,37967.7,126,Patrol,-0.78,-0.022,-0.247,-0.2248
119,37968.4,134,HideSpotCheck,-0.44,0.061,-0.066,-0.1274
119,37968.7,62,HideSpotCheck,-0.50,0.079,-0.070,-0.1493
119,37993.9,62,SweepArea,-0.60,0.021,-0.158,-0.1784
119,37998.3,126,HideSpotCheck,0.37,-0.605,-0.288,0.3172
119,38043.5,126,Patrol,-0.71,-0.247,-0.383,-0.1356
119,38056.7,108,SweepArea,-0.28,-0.101,-0.141,-0.0403
119,38073.2,108,SweepArea,-0.16,-0.141,-0.136,0.0049
119,38089.2,108,SweepArea,-0.31,-0.136,-0.176,-0.0398
119,38105.8,108,SweepArea,-0.42,-0.176,-0.200,-0.0245
119,38121.1,144,HideSpotCheck,-0.65,0.373,0.116,-0.2562
119,38132.0,144,HideSpotCheck,0.14,0.116,0.143,0.0271
119,38142.9,144,HideSpotCheck,0.34,0.143,0.227,0.0839
119,38157.9,144,HideSpotCheck,-0.75,0.227,-0.034,-0.2616
119,38172.9,144,HideSpotCheck,-0.85,-0.034,-0.264,-0.2297
119,38218.0,144,Patrol,-0.80,-0.180,-0.363,-0.1831
119,38218.3,144,HideSpotCheck,-0.50,-0.264,-0.305,-0.0413
119,38219.6,144,SweepArea,-0.16,-0.490,-0.364,0.1257
119,38219.9,144,HideSpotCheck,-0.50,-0.305,-0.334,-0.0292
119,38220.1,144,HideSpotCheck,-0.50,-0.334,-0.355,-0.0204
119,38220.4,144,HideSpotCheck,-0.50,-0.355,-0.369,-0.0143
119,38259.7,144,Patrol,0.03,-0.363,-0.242,0.1208
119,38270.9,127,AmbushHotChoke,-0.01,-0.110,-0.076,0.0343
119,38316.1,109,Patrol,-0.80,-0.219,-0.392,-0.1734
120,38361.2,145,Patrol,-0.80,-0.630,-0.678,-0.0485
120,38405.0,144,Patrol,-0.04,-0.242,-0.178,0.0648
120,38409.2,126,HideSpotCheck,0.37,-0.288,-0.065,0.2224
120,38409.5,126,HideSpotCheck,1.00,-0.065,0.280,0.3450
120,38410.0,126,HideSpotCheck,1.00,0.280,0.522,0.2429
120,38412.4,126,HideSpotCheck,0.87,0.522,0.649,0.1267
120,38412.8,126,HideSpotCheck,0.91,0.649,0.752,0.1023
120,38413.2,126,HideSpotCheck,0.66,0.752,0.747,-0.0050
120,38413.5,126,HideSpotCheck,-0.04,0.747,0.529,-0.2177
120,38413.8,126,HideSpotCheck,-0.30,0.529,0.300,-0.2286
120,38414.1,126,HideSpotCheck,-0.55,0.300,0.064,-0.2363
120,38414.4,126,HideSpotCheck,-0.80,0.064,-0.178,-0.2416
120,38414.7,126,HideSpotCheck,-1.05,-0.178,-0.423,-0.2453
120,38415.0,126,HideSpotCheck,-1.31,-0.423,-0.671,-0.2479
120,38415.3,126,HideSpotCheck,-1.56,-0.671,-0.920,-0.2497
120,38415.6,126,HideSpotCheck,-1.81,-0.920,-1.171,-0.2510
120,38416.0,126,HideSpotCheck,-2.07,-1.171,-1.423,-0.2520
120,38416.4,126,HideSpotCheck,-2.32,-1.423,-1.676,-0.2530
120,38416.7,126,HideSpotCheck,-2.57,-1.676,-1.930,-0.2533
120,38417.0,126,HideSpotCheck,-2.83,-1.930,-2.183,-0.2536
120,38417.4,126,HideSpotCheck,-3.08,-2.183,-2.437,-0.2538
120,38417.7,126,HideSpotCheck,-3.33,-2.437,-2.691,-0.2538
120,38418.0,126,HideSpotCheck,-3.59,-2.691,-2.945,-0.2538
120,38418.3,126,HideSpotCheck,-3.84,-2.945,-3.199,-0.2539
120,38418.6,126,HideSpotCheck,-4.09,-3.199,-3.453,-0.2539
120,38418.9,126,HideSpotCheck,-4.35,-3.453,-3.706,-0.2539
120,38419.3,126,HideSpotCheck,-4.60,-3.706,-3.961,-0.2541
120,38419.6,126,HideSpotCheck,-4.65,-3.961,-4.155,-0.1940
120,38419.9,126,HideSpotCheck,-4.91,-4.155,-4.367,-0.2120
120,38420.2,126,HideSpotCheck,10.00,-4.367,-0.056,4.3107
121,38420.2,126,HideSpotCheck,-0.26,-0.056,-0.009,0.0470
121,38420.6,120,Patrol,1.20,0.635,0.828,0.1927
121,38420.9,120,Patrol,1.20,0.828,0.963,0.1345
121,38421.2,120,Patrol,1.20,0.963,1.056,0.0938
121,38421.5,120,Patrol,1.09,1.056,1.088,0.0314
121,38421.9,120,Patrol,-0.57,1.088,0.624,-0.4636
121,38435.5,90,HideSpotCheck,0.11,0.118,0.131,0.0133
121,38447.6,144,Patrol,1.03,-0.178,0.198,0.3757
121,38448.8,144,Patrol,-0.35,0.198,0.080,-0.1185
121,38453.9,74,InvestigateLastHeard,-0.01,0.305,0.231,-0.0741
121,38465.8,114,HeatSweep,0.03,-0.034,-0.003,0.0308
121,38478.8,128,AmbushHotChoke,10.00,-0.081,2.945,3.0258
122,38480.8,128,AmbushHotChoke,-0.50,2.945,1.929,-1.0152
122,38485.0,90,HideSpotCheck,0.21,0.131,0.178,0.0467
122,38530.0,144,Patrol,-0.80,0.080,-0.181,-0.2609
122,38542.0,126,HideSpotCheck,0.13,-0.009,0.049,0.0580
122,38550.8,126,HideSpotCheck,0.40,0.049,0.173,0.1235
122,38551.1,126,HideSpotCheck,1.00,0.173,0.446,0.2736
122,38551.5,126,HideSpotCheck,0.90,0.446,0.609,0.1629
122,38554.2,126,HideSpotCheck,0.77,0.609,0.679,0.0698
122,38554.6,126,HideSpotCheck,0.81,0.679,0.741,0.0622
122,38554.9,126,HideSpotCheck,-0.04,0.741,0.525,-0.2157
122,38555.3,126,HideSpotCheck,-0.30,0.525,0.298,-0.2273
122,38555.6,126,HideSpotCheck,-0.55,0.298,0.063,-0.2355
122,38555.9,126,HideSpotCheck,-0.80,0.063,-0.179,-0.2411
122,38556.2,126,HideSpotCheck,-1.05,-0.179,-0.423,-0.2449
122,38556.5,126,HideSpotCheck,-1.31,-0.423,-0.671,-0.2476
122,38556.8,126,HideSpotCheck,-1.56,-0.671,-0.920,-0.2495
122,38557.1,126,HideSpotCheck,-1.81,-0.920,-1.171,-0.2508
122,38557.5,126,HideSpotCheck,-2.07,-1.171,-1.423,-0.2520
122,38557.8,126,HideSpotCheck,-2.32,-1.423,-1.676,-0.2526
122,38558.1,126,HideSpotCheck,-2.57,-1.676,-1.929,-0.2530
122,38558.4,126,HideSpotCheck,-2.83,-1.929,-2.182,-0.2533
122,38558.7,126,HideSpotCheck,-3.08,-2.182,-2.436,-0.2535
122,38559.0,126,HideSpotCheck,-3.33,-2.436,-2.689,-0.2536
122,38559.3,126,HideSpotCheck,-3.59,-2.689,-2.943,-0.2536
122,38559.6,126,HideSpotCheck,-3.84,-2.943,-3.197,-0.2537
122,38559.9,126,HideSpotCheck,-4.09,-3.197,-3.450,-0.2537
122,38560.2,126,HideSpotCheck,-4.34,-3.450,-3.704,-0.2538
122,38560.6,126,HideSpotCheck,-4.60,-3.704,-3.958,-0.2540
122,38560.9,126,HideSpotCheck,-4.65,-3.958,-4.152,-0.1939
122,38561.2,126,HideSpotCheck,-4.90,-4.152,-4.364,-0.2119
122,38561.5,126,HideSpotCheck,-5.16,-4.364,-4.588,-0.2245
122,38561.8,126,HideSpotCheck,-5.41,-4.588,-4.822,-0.2332
122,38562.1,126,HideSpotCheck,-5.66,-4.822,-5.061,-0.2394
122,38562.4,126,HideSpotCheck,-5.92,-5.061,-5.305,-0.2437
122,38562.7,126,HideSpotCheck,10.00,-5.305,-0.713,4.5917
123,38562.7,126,HideSpotCheck,-0.27,-0.713,-0.479,0.2342
123,38563.1,120,Patrol,1.20,0.624,0.820,0.1960
123,38563.4,120,Patrol,1.20,0.820,0.957,0.1368
123,38563.8,120,Patrol,1.19,0.957,1.049,0.0921
123,38564.2,120,Patrol,-0.46,1.049,0.645,-0.4044
123,38564.5,90,HideSpotCheck,-0.50,0.178,0.027,-0.1509
123,38564.8,90,HideSpotCheck,-0.50,0.027,-0.109,-0.1366
123,38566.3,90,SweepArea,-0.16,-0.097,-0.097,0.0000
123,38567.6,90,SweepArea,-0.16,-0.097,-0.097,0.0004
123,38569.1,90,SweepArea,-0.16,-0.097,-0.090,0.0071
123,38608.3,144,Patrol,0.01,-0.181,-0.121,0.0607
123,38645.7,144,Patrol,0.82,-0.121,0.167,0.2874
124,38646.5,144,Patrol,-0.73,0.167,-0.021,-0.1877
124,38651.1,128,AmbushHotChoke,0.10,1.929,1.399,-0.5306
124,38654.8,90,SweepArea,-0.19,-0.090,-0.094,-0.0048
124,38699.9,144,Patrol,-0.80,-0.021,-0.252,-0.2311
124,38745.2,144,Patrol,-0.63,-0.252,-0.362,-0.1099
124,38770.4,108,SweepArea,-0.60,-0.200,-0.313,-0.1124
124,38815.6,126,Patrol,-0.63,-0.383,-0.455,-0.0725
124,38815.9,144,HideSpotCheck,-0.35,-0.369,-0.334,0.0350
124,38821.4,144,HideSpotCheck,0.19,-0.334,-0.153,0.1809
124,38823.3,144,HideSpotCheck,0.23,-0.153,-0.011,0.1424
124,38825.2,144,HideSpotCheck,0.13,-0.011,0.059,0.0696
124,38827.1,144,HideSpotCheck,0.03,0.059,0.077,0.0186
124,38828.9,144,HideSpotCheck,-0.07,0.077,0.061,-0.0167
124,38830.9,144,HideSpotCheck,-0.77,0.061,-0.162,-0.2223
124,38832.8,144,HideSpotCheck,-1.02,-0.162,-0.392,-0.2305
124,38874.4,144,Patrol,-0.32,-0.362,-0.344,0.0175
124,38919.4,126,Patrol,-0.95,-0.455,-0.601,-0.1456
124,38920.9,144,SweepArea,0.00,-0.364,-0.228,0.1366
124,38922.4,144,SweepArea,-0.01,-0.228,-0.135,0.0929
124,38923.8,144,SweepArea,-0.16,-0.135,-0.116,0.0186
124,38925.2,144,SweepArea,-0.26,-0.116,-0.133,-0.0166
124,38926.6,144,SweepArea,-0.36,-0.133,-0.175,-0.0420
124,38928.2,144,SweepArea,-0.47,-0.175,-0.235,-0.0599
124,38929.7,144,SweepArea,-1.16,-0.235,-0.486,-0.2515
124,38974.8,144,Patrol,-0.88,-0.344,-0.503,-0.1590
124,38975.1,144,HideSpotCheck,-0.50,-0.392,-0.394,-0.0021
124,38975.5,144,HideSpotCheck,-0.50,-0.394,-0.396,-0.0013
124,38975.7,144,HideSpotCheck,-0.35,-0.396,-0.352,0.0439
124,38976.1,144,HideSpotCheck,-0.60,-0.352,-0.396,-0.0441
124,38976.4,144,HideSpotCheck,-0.70,-0.396,-0.457,-0.0610
124,38976.7,144,HideSpotCheck,-0.80,-0.457,-0.530,-0.0728
124,38995.2,144,SweepArea,-0.08,-0.486,-0.354,0.1327
124,39004.1,108,SweepArea,-0.24,-0.313,-0.272,0.0409
124,39014.1,126,HideSpotCheck,0.30,-0.479,-0.227,0.2518
124,39024.3,126,HideSpotCheck,0.15,-0.227,-0.097,0.1298
124,39034.2,126,HideSpotCheck,0.15,-0.097,-0.005,0.0921
124,39043.3,126,SweepArea,-0.24,-0.610,-0.481,0.1290
124,39053.3,126,HideSpotCheck,0.30,-0.005,0.100,0.1050
124,39060.4,127,AmbushHotChoke,-0.03,-0.076,-0.050,0.0255
124,39075.4,145,SweepArea,-0.30,-0.812,-0.648,0.1635
124,39085.4,127,AmbushHotChoke,-0.05,-0.050,-0.042,0.0081
124,39099.7,145,SweepArea,-0.29,-0.648,-0.531,0.1171
124,39107.9,127,AmbushHotChoke,-0.04,-0.042,-0.031,0.0115
124,39122.3,145,SweepArea,-0.29,-0.531,-0.450,0.0815
124,39130.5,127,AmbushHotChoke,-0.04,-0.031,-0.022,0.0086
124,39144.6,145,SweepArea,-0.29,-0.450,-0.391,0.0582
124,39152.7,127,AmbushHotChoke,-0.04,-0.022,-0.016,0.0062
124,39177.8,145,SweepArea,-0.62,-0.391,-0.457,-0.0659
125,39222.9,109,Patrol,-0.80,-0.392,-0.512,-0.1200
125,39224.3,144,SweepArea,-0.16,-0.354,-0.269,0.0846
125,39225.8,144,SweepArea,0.04,-0.269,-0.149,0.1200
125,39243.3,144,SweepArea,-0.02,-0.149,-0.100,0.0494
125,39243.6,144,HideSpotCheck,-0.50,-0.530,-0.492,0.0381
125,39268.7,144,SweepArea,-0.36,-0.100,-0.170,-0.0705
125,39274.1,144,SweepArea,-0.20,-0.170,-0.158,0.0122
125,39276.1,144,HideSpotCheck,0.23,-0.492,-0.248,0.2432
125,39283.1,144,SweepArea,-0.07,-0.158,-0.110,0.0477
125,39289.9,144,SweepArea,-0.07,-0.110,-0.076,0.0341
125,39296.6,144,SweepArea,-0.22,-0.076,-0.097,-0.0213
125,39303.9,144,SweepArea,-0.32,-0.097,-0.145,-0.0472
125,39311.7,144,SweepArea,-0.28,-0.145,-0.164,-0.0194
125,39335.6,144,SweepArea,-0.39,-0.164,-0.223,-0.0587
125,39337.1,144,SweepArea,-1.17,-0.223,-0.478,-0.2557
125,39337.4,144,HideSpotCheck,-0.50,-0.248,-0.295,-0.0463
125,39337.7,144,HideSpotCheck,-0.50,-0.295,-0.327,-0.0324
125,39338.0,144,HideSpotCheck,-0.50,-0.327,-0.350,-0.0227
125,39338.3,144,HideSpotCheck,-0.60,-0.350,-0.396,-0.0459
125,39338.5,144,HideSpotCheck,-0.70,-0.396,-0.458,-0.0621
125,39338.9,144,HideSpotCheck,-0.80,-0.458,-0.531,-0.0736
125,39340.2,144,SweepArea,-0.16,-0.478,-0.356,0.1223
125,39341.7,144,SweepArea,-0.16,-0.356,-0.271,0.0850
125,39343.2,144,SweepArea,-0.17,-0.271,-0.212,0.0590
125,39356.0,144,Patrol,1.02,-0.503,-0.032,0.4712
125,39356.3,144,Patrol,-0.41,-0.032,-0.111,-0.0792
125,39361.4,74,InvestigateLastHeard,0.14,0.231,0.224,-0.0072
125,39367.5,114,HeatSweep,-0.21,-0.003,0.240,0.2431
125,39382.7,128,AmbushHotChoke,-0.65,1.399,0.976,-0.4225
125,39392.8,128,AmbushHotChoke,0.05,0.976,0.716,-0.2606
125,39431.9,144,Patrol,0.01,-0.111,-0.072,0.0390
125,39444.9,108,SweepArea,-0.28,-0.272,-0.260,0.0120
125,39460.9,108,SweepArea,-0.16,-0.260,-0.217,0.0431
125,39477.0,108,SweepArea,-0.11,-0.217,-0.183,0.0342
125,39479.4,60,InvestigateLastHeard,-0.02,0.015,0.011,-0.0034
125,39481.8,60,InvestigateLastHeard,-0.17,0.011,-0.019,-0.0306
125,39498.1,108,SweepArea,-0.31,-0.183,-0.210,-0.0270
125,39514.6,108,SweepArea,-0.31,-0.210,-0.229,-0.0196
125,39539.1,108,SweepArea,-0.10,-0.229,-0.180,0.0487
125,39539.4,126,HideSpotCheck,-0.50,0.100,-0.050,-0.1505
125,39539.7,126,HideSpotCheck,-0.50,-0.050,-0.156,-0.1057
125,39540.0,126,HideSpotCheck,-0.50,-0.156,-0.230,-0.0740
125,39540.3,126,HideSpotCheck,-0.60,-0.230,-0.312,-0.0818
125,39540.6,126,HideSpotCheck,-0.70,-0.312,-0.399,-0.0872
125,39540.9,126,HideSpotCheck,-0.80,-0.399,-0.490,-0.0911
125,39563.5,126,SweepArea,-0.06,-0.481,-0.344,0.1362
125,39572.5,126,SweepArea,-0.09,-0.344,-0.249,0.0952
125,39581.2,126,SweepArea,-0.24,-0.249,-0.227,0.0225
125,39590.0,126,SweepArea,-0.19,-0.227,-0.201,0.0260
125,39598.5,127,AmbushHotChoke,-0.04,-0.016,-0.013,0.0028
125,39612.6,145,SweepArea,-0.29,-0.457,-0.394,0.0634
125,39621.3,129,AmbushHotChoke,0.09,0.070,0.085,0.0153
125,39624.4,97,AmbushHotChoke,-0.18,0.053,-0.004,-0.0566
125,39628.7,97,AmbushHotChoke,-0.19,-0.004,-0.044,-0.0405
125,39642.4,151,SweepArea,-0.29,0.069,-0.024,-0.0928
125,39657.5,129,AmbushHotChoke,-0.51,0.085,-0.083,-0.1675
125,39661.2,115,AmbushHotChoke,-0.19,-0.009,-0.042,-0.0332
125,39665.0,115,AmbushHotChoke,-0.19,-0.042,-0.067,-0.0242
125,39668.2,115,AmbushHotChoke,-0.28,-0.067,-0.111,-0.0444
125,39682.9,115,SweepArea,-0.30,-0.075,-0.140,-0.0644
125,39712.0,147,Patrol,-0.19,-0.294,-0.257,0.0373
125,39727.2,129,AmbushHotChoke,-0.51,-0.083,-0.201,-0.1181
125,39740.5,115,HeatSweep,0.02,-0.097,-0.049,0.0483
125,39754.9,129,AmbushHotChoke,-0.04,-0.201,-0.141,0.0598
125,39795.1,115,Patrol,-0.30,-0.441,-0.397,0.0433
125,39808.7,145,SweepArea,-0.29,-0.394,-0.354,0.0400
125,39824.9,145,SweepArea,-0.16,-0.354,-0.289,0.0646
125,39841.4,145,SweepArea,-0.31,-0.289,-0.290,-0.0010
125,39842.7,145,SweepArea,-5.00,-0.290,-1.703,-1.4129
126,39866.4,145,SweepArea,-0.60,-1.703,-1.364,0.3392
126,39911.4,144,Patrol,-0.62,-0.072,-0.233,-0.1608
126,39919.4,144,SweepArea,-0.23,-0.212,-0.198,0.0144
126,39958.6,144,Patrol,-0.29,-0.233,-0.247,-0.0140
126,39960.2,144,SweepArea,-0.17,-0.198,-0.161,0.0372
126,39961.6,144,SweepArea,-0.16,-0.161,-0.134,0.0266
126,39963.1,144,SweepArea,-0.17,-0.134,-0.116,0.0180
126,39963.4,144,HideSpotCheck,-0.50,-0.531,-0.493,0.0386
126,39964.7,144,SweepArea,-0.16,-0.116,-0.103,0.0133
126,39966.2,144,SweepArea,-0.16,-0.103,-0.094,0.0088
126,39967.6,144,SweepArea,-0.16,-0.094,-0.087,0.0065
126,39969.1,144,SweepArea,-0.27,-0.087,-0.113,-0.0259
126,39970.5,144,SweepArea,-0.36,-0.113,-0.161,-0.0477
126,39972.1,144,SweepArea,-0.47,-0.161,-0.225,-0.0639
126,39973.5,144,SweepArea,-1.16,-0.225,-0.479,-0.2542
126,40018.7,144,Patrol,-0.80,-0.247,-0.411,-0.1635
126,40060.3,144,Patrol,0.12,-0.411,-0.244,0.1670
126,40068.9,146,SweepArea,-0.24,0.049,-0.017,-0.0665
126,40114.0,144,Patrol,-0.95,-0.244,-0.453,-0.2094
126,40155.1,144,Patrol,-0.06,-0.453,-0.334,0.1194
126,40200.2,147,Patrol,-0.95,-0.257,-0.463,-0.2067
126,40201.8,145,SweepArea,-0.17,-1.364,-0.990,0.3738
126,40246.9,145,Patrol,-0.71,-0.678,-0.688,-0.0094
126,40289.9,145,Patrol,-0.33,-0.688,-0.580,0.1076
126,40304.1,147,HeatSweep,-0.14,-0.304,-0.242,0.0621
126,40317.6,131,HeatSweep,0.01,-0.102,-0.060,0.0428
126,40361.4,145,Patrol,-0.01,-0.580,-0.408,0.1726
126,40375.0,153,SweepArea,-0.29,-0.083,-0.135,-0.0520
126,40382.0,153,AmbushHotChoke,-0.22,-0.086,-0.114,-0.0280
126,40395.4,153,HeatSweep,-0.13,-0.106,-0.100,0.0059
126,40408.9,131,HeatSweep,-0.28,-0.060,-0.125,-0.0655
126,40422.0,147,HeatSweep,0.16,-0.242,-0.109,0.1328
126,40428.6,75,AmbushHotChoke,-0.22,0.005,-0.055,-0.0594
127,40473.7,135,Patrol,-0.80,-0.182,-0.365,-0.1827
127,40511.0,144,Patrol,0.85,-0.334,0.025,0.3588
127,40516.4,144,Patrol,-1.03,0.025,-0.287,-0.3124
127,40531.4,86,SweepArea,-0.30,0.068,-0.031,-0.0991
127,40576.5,140,Patrol,-0.80,0.083,-0.179,-0.2623
127,40615.1,144,Patrol,0.04,-0.287,-0.187,0.1003
127,40618.1,130,HideSpotCheck,0.22,-0.072,0.038,0.1099
127,40620.1,130,HideSpotCheck,0.23,0.038,0.120,0.0813
127,40622.0,130,HideSpotCheck,0.23,0.120,0.186,0.0662
127,40623.8,130,HideSpotCheck,0.13,0.186,0.220,0.0343
127,40625.8,130,HideSpotCheck,0.03,0.220,0.223,0.0027
127,40627.7,130,HideSpotCheck,-0.07,0.223,0.196,-0.0272
127,40632.3,130,SweepArea,-0.20,-0.120,-0.096,0.0238
127,40634.2,130,HideSpotCheck,0.23,0.196,0.259,0.0636
127,40636.2,130,HideSpotCheck,0.23,0.259,0.321,0.0617
127,40638.3,130,HideSpotCheck,0.23,0.321,0.380,0.0587
127,40640.4,130,HideSpotCheck,0.13,0.380,0.407,0.0271
127,40642.4,130,HideSpotCheck,0.03,0.407,0.404,-0.0026
127,40644.4,130,HideSpotCheck,-0.07,0.404,0.371,-0.0326
127,40646.3,130,HideSpotCheck,-0.77,0.371,0.130,-0.2416
127,40648.2,130,HideSpotCheck,-1.02,0.130,-0.179,-0.3093
127,40662.8,130,AmbushHotChoke,-0.01,-0.083,-0.050,0.0337
127,40670.5,122,HeatSweep,10.00,0.030,3.021,2.9910
128,40678.0,122,HeatSweep,-0.50,3.021,1.978,-1.0435
128,40723.2,144,Patrol,-0.95,-0.187,-0.413,-0.2266
128,40765.2,144,Patrol,0.19,-0.413,-0.228,0.1850
128,40778.2,108,SweepArea,-0.28,-0.180,-0.195,-0.0147
128,40785.3,126,SweepArea,10.00,-0.201,2.860,3.0603
129,40786.3,126,SweepArea,1.07,2.860,2.341,-0.5184
129,40786.7,126,SweepArea,-0.43,2.341,1.523,-0.8187
129,40794.2,90,SweepArea,-0.22,-0.094,-0.113,-0.0190
130,40839.4,144,Patrol,-0.80,-0.228,-0.398,-0.1691
130,40870.3,144,Patrol,0.09,-0.398,-0.158,0.2399
130,40870.6,126,HideSpotCheck,-0.50,-0.490,-0.043,0.4468
130,40893.7,126,SweepArea,-0.21,1.523,1.142,-0.3807
130,40903.1,126,SweepArea,-0.09,1.142,0.983,-0.1589
130,40931.9,126,Patrol,-0.19,-0.601,-0.410,0.1911
130,40954.4,126,SweepArea,-0.21,0.983,0.720,-0.2634
130,40963.3,126,SweepArea,-0.09,0.720,0.614,-0.1057
130,40971.8,126,SweepArea,-0.23,0.614,0.374,-0.2402
130,40986.8,127,AmbushHotChoke,-0.37,-0.013,-0.109,-0.0958
130,40994.9,127,AmbushHotChoke,0.13,-0.109,-0.033,0.0754
130,41040.1,109,Patrol,-0.80,-0.512,-0.598,-0.0855
130,41085.2,145,Patrol,-0.95,-0.408,-0.569,-0.1615
130,41085.5,145,HideSpotCheck,-0.50,-1.324,-1.062,0.2624
130,41128.2,145,Patrol,-0.07,-0.569,-0.418,0.1511
131,41173.3,109,Patrol,-0.80,-0.598,-0.648,-0.0501
131,41177.4,126,SweepArea,-0.19,0.374,0.295,-0.0781
131,41181.9,126,SweepArea,-0.19,0.295,0.172,-0.1235
131,41227.1,144,Patrol,-0.65,-0.158,-0.304,-0.1468
131,41242.5,60,SweepArea,-0.30,-0.012,-0.067,-0.0552
131,41257.6,114,HeatSweep,-0.50,0.240,0.117,-0.1235
131,41262.7,128,AmbushHotChoke,0.10,0.716,0.553,-0.1622
131,41294.8,144,Patrol,-0.06,-0.304,-0.200,0.1046
131,41309.0,128,AmbushHotChoke,-0.01,0.553,0.402,-0.1519
131,41322.4,114,SweepArea,-0.28,-0.217,-0.219,-0.0027
131,41336.3,114,HeatSweep,-0.29,0.117,0.054,-0.0628
131,41381.5,128,Patrol,-0.89,-0.698,-0.753,-0.0546
131,41386.1,114,AmbushHotChoke,0.00,-0.271,-0.169,0.1016
131,41399.0,114,HeatSweep,0.02,0.054,0.060,0.0054
131,41433.7,144,Patrol,0.03,-0.200,-0.126,0.0737
131,41446.0,114,HeatSweep,-0.27,0.060,-0.024,-0.0840
131,41446.3,144,HideSpotCheck,-0.50,-0.493,-0.466,0.0270
131,41481.3,144,Patrol,0.03,-0.126,-0.076,0.0503
131,41496.3,115,HeatSweep,-0.65,-0.049,-0.221,-0.1718
131,41527.2,63,Patrol,-0.21,0.048,-0.025,-0.0734
131,41540.7,153,HeatSweep,0.01,-0.100,-0.063,0.0364
131,41555.1,147,HeatSweep,-0.07,-0.109,-0.088,0.0211
131,41564.8,153,HeatSweep,0.11,-0.063,0.006,0.0690
131,41579.9,129,AmbushHotChoke,-0.65,-0.141,-0.286,-0.1447
131,41625.0,153,Patrol,-0.84,-0.179,-0.373,-0.1949
131,41640.9,123,SweepArea,-0.31,0.119,0.006,-0.1128
131,41657.2,123,SweepArea,-0.16,0.006,-0.034,-0.0405
131,41680.4,123,SweepArea,-0.08,-0.034,-0.041,-0.0066
131,41695.5,131,AmbushHotChoke,-0.48,-0.068,-0.182,-0.1134
131,41710.1,123,SweepArea,-0.30,-0.041,-0.026,0.0147
131,41725.2,117,HeatSweep,-0.65,0.642,0.259,-0.3834
131,41731.4,135,HideSpotCheck,0.19,-0.183,-0.065,0.1181
131,41733.4,135,HideSpotCheck,0.23,-0.065,0.032,0.0970
131,41735.2,135,HideSpotCheck,0.23,0.032,0.101,0.0687
131,41737.1,135,HideSpotCheck,0.13,0.101,0.137,0.0364
131,41739.1,135,HideSpotCheck,0.03,0.137,0.142,0.0051
131,41741.0,135,HideSpotCheck,-0.07,0.142,0.117,-0.0249
131,41743.0,135,HideSpotCheck,-0.77,0.117,-0.117,-0.2344
131,41745.2,135,HideSpotCheck,-1.02,-0.117,-0.380,-0.2629
131,41790.2,135,Patrol,-0.95,-0.365,-0.539,-0.1740
131,41793.1,153,HeatSweep,-5.00,0.006,-1.496,-1.5018
132,41805.4,153,HeatSweep,-0.50,-1.496,-1.184,0.3118
133,41850.6,144,Patrol,-0.80,-0.076,-0.291,-0.2148
133,41892.9,144,Patrol,0.20,-0.291,-0.142,0.1490
133,41906.2,114,HeatSweep,0.02,-0.024,0.003,0.0274
133,41950.9,144,Patrol,0.02,-0.142,-0.081,0.0608
133,41955.0,128,AmbushHotChoke,-0.19,0.402,0.321,-0.0801
133,41957.9,128,AmbushHotChoke,-0.18,0.321,0.255,-0.0668
133,41961.5,128,AmbushHotChoke,-0.19,0.255,0.185,-0.0692
133,41964.3,128,AmbushHotChoke,-0.28,0.185,0.095,-0.0907
133,41968.2,128,AmbushHotChoke,-0.39,0.095,-0.027,-0.1219
133,41981.7,128,HideSpotCheck,0.11,-0.322,-0.180,0.1416
133,41988.7,128,AmbushHotChoke,-0.03,-0.027,-0.013,0.0139
133,41992.2,110,AmbushHotChoke,-0.18,0.063,0.005,-0.0584
133,42005.6,110,SweepArea,-0.28,0.045,-0.043,-0.0880
133,42010.9,128,AmbushHotChoke,-0.01,-0.013,0.002,0.0156
133,42015.3,128,HideSpotCheck,0.38,-0.180,0.005,0.1855
133,42015.6,128,HideSpotCheck,1.00,0.005,0.326,0.3210
133,42015.9,128,HideSpotCheck,1.00,0.326,0.555,0.2291
133,42018.5,128,HideSpotCheck,0.87,0.555,0.674,0.1190
133,42018.8,128,HideSpotCheck,0.92,0.674,0.771,0.0970
133,42019.1,128,HideSpotCheck,0.66,0.771,0.763,-0.0085
133,42019.5,128,HideSpotCheck,-0.04,0.763,0.545,-0.2174
133,42019.8,128,HideSpotCheck,-0.29,0.545,0.317,-0.2285
133,42020.1,128,HideSpotCheck,-0.55,0.317,0.081,-0.2362
133,42020.4,128,HideSpotCheck,-0.80,0.081,-0.161,-0.2416
133,42020.7,128,HideSpotCheck,-1.05,-0.161,-0.406,-0.2454
133,42021.1,128,HideSpotCheck,-1.31,-0.406,-0.655,-0.2484
133,42021.4,128,HideSpotCheck,-1.56,-0.655,-0.905,-0.2502
133,42021.7,128,HideSpotCheck,-1.81,-0.905,-1.156,-0.2514
133,42022.0,128,HideSpotCheck,-2.07,-1.156,-1.409,-0.2522
133,42022.3,128,HideSpotCheck,-2.32,-1.409,-1.661,-0.2527
133,42022.6,128,HideSpotCheck,-2.57,-1.661,-1.914,-0.2531
133,42022.9,128,HideSpotCheck,-2.83,-1.914,-2.168,-0.2534
133,42023.2,128,HideSpotCheck,-3.08,-2.168,-2.421,-0.2536
133,42023.5,128,HideSpotCheck,-3.33,-2.421,-2.675,-0.2537
133,42023.8,128,HideSpotCheck,-3.58,-2.675,-2.929,-0.2538
133,42024.2,128,HideSpotCheck,-3.64,-2.929,-3.123,-0.1942
133,42024.5,128,HideSpotCheck,-3.89,-3.123,-3.335,-0.2121
133,42024.8,128,HideSpotCheck,-4.14,-3.335,-3.560,-0.2247
133,42025.1,128,HideSpotCheck,-4.40,-3.560,-3.793,-0.2334
133,42025.4,128,HideSpotCheck,-4.65,-3.793,-4.033,-0.2396
133,42025.7,128,HideSpotCheck,-4.90,-4.033,-4.277,-0.2440
133,42026.0,128,HideSpotCheck,-5.16,-4.277,-4.524,-0.2469
133,42026.4,128,HideSpotCheck,-5.41,-4.524,-4.773,-0.2491
133,42026.7,128,HideSpotCheck,-5.66,-4.773,-5.024,-0.2506
133,42027.0,128,HideSpotCheck,-5.92,-5.024,-5.275,-0.2516
133,42027.4,128,HideSpotCheck,-6.17,-5.275,-5.528,-0.2526
133,42027.7,128,HideSpotCheck,10.00,-5.528,-0.870,4.6584
134,42027.7,128,HideSpotCheck,-0.27,-0.870,-0.376,0.4935
134,42028.1,122,HeatSweep,1.20,1.978,1.773,-0.2044
134,42028.4,122,HeatSweep,1.20,1.773,1.630,-0.1435
134,42028.7,122,HeatSweep,1.20,1.630,1.529,-0.1009
134,42029.0,122,HeatSweep,1.09,1.529,1.424,-0.1050
134,42029.4,122,HeatSweep,-0.57,1.424,0.847,-0.5771
134,42034.7,90,SweepArea,-0.20,-0.113,-0.118,-0.0046
134,42079.8,144,Patrol,-0.80,-0.081,-0.294,-0.2129
134,42124.9,144,Patrol,-0.76,-0.294,-0.431,-0.1371
134,42162.0,144,Patrol,-0.27,-0.431,-0.375,0.0556
134,42176.1,126,SweepArea,-0.29,0.172,0.058,-0.1139
134,42221.3,126,Patrol,-0.80,-0.410,-0.524,-0.1147
134,42260.5,144,Patrol,0.10,-0.375,-0.230,0.1453
134,42305.6,144,Patrol,-0.87,-0.230,-0.419,-0.1889
134,42321.3,126,SweepArea,-0.31,0.058,-0.038,-0.0962
134,42337.5,126,SweepArea,-0.16,-0.038,-0.062,-0.0242
134,42352.7,126,HideSpotCheck,-0.63,-0.043,-0.207,-0.1636
134,42366.6,126,SweepArea,-0.29,-0.062,-0.116,-0.0536
134,42411.7,144,Patrol,-0.90,-0.419,-0.560,-0.1406
134,42426.7,126,SweepArea,-0.30,-0.116,-0.157,-0.0413
134,42442.9,126,SweepArea,-0.16,-0.157,-0.146,0.0113
134,42453.8,126,HideSpotCheck,0.35,-0.207,-0.024,0.1834
134,42469.0,126,SweepArea,-0.30,-0.146,-0.179,-0.0335
134,42484.1,126,HideSpotCheck,-0.64,-0.024,-0.193,-0.1698
134,42498.3,126,SweepArea,-0.29,-0.179,-0.199,-0.0195
134,42513.6,126,HideSpotCheck,-0.64,-0.193,-0.317,-0.1231
134,42528.8,128,AmbushHotChoke,-0.52,0.002,-0.141,-0.1432
134,42533.0,144,HideSpotCheck,0.36,-0.466,-0.194,0.2712
134,42534.8,144,HideSpotCheck,0.23,-0.194,-0.040,0.1548
134,42536.7,144,HideSpotCheck,0.23,-0.040,0.068,0.1081
134,42538.5,144,HideSpotCheck,0.13,0.068,0.114,0.0459
134,42540.5,144,HideSpotCheck,0.03,0.114,0.120,0.0056
134,42542.7,144,HideSpotCheck,-0.07,0.120,0.095,-0.0251
134,42544.7,144,HideSpotCheck,-0.77,0.095,-0.138,-0.2327
134,42546.6,144,HideSpotCheck,-1.02,-0.138,-0.375,-0.2373
134,42548.6,144,HideSpotCheck,-1.27,-0.375,-0.617,-0.2420
134,42565.4,144,SweepArea,0.07,-0.479,-0.301,0.1777
134,42574.3,108,SweepArea,-0.09,-0.195,-0.145,0.0503
134,42583.1,108,SweepArea,-0.24,-0.145,-0.155,-0.0101
134,42591.7,108,SweepArea,-0.18,-0.155,-0.146,0.0091
134,42600.4,108,SweepArea,-0.44,-0.146,-0.214,-0.0683
134,42608.7,144,SweepArea,-0.38,-0.301,-0.306,-0.0048
134,42617.5,144,SweepArea,-1.09,-0.306,-0.521,-0.2152
134,42626.8,144,SweepArea,-1.34,-0.521,-0.749,-0.2281
134,42656.1,144,Patrol,0.12,-0.560,-0.349,0.2106
134,42676.8,144,Patrol,0.79,-0.349,0.003,0.3518
134,42677.9,144,Patrol,-0.65,0.003,-0.186,-0.1890
134,42683.2,75,InvestigateLastHeard,-0.01,0.078,0.069,-0.0089
134,42686.4,115,AmbushHotChoke,-0.18,-0.111,-0.112,-0.0011
134,42699.6,115,HeatSweep,-0.28,-0.221,-0.225,-0.0044
134,42699.9,129,HideSpotCheck,-0.50,-0.241,-0.292,-0.0504
134,42745.0,129,Patrol,-0.95,-0.279,-0.479,-0.2000
134,42790.2,145,Patrol,-0.84,-0.418,-0.541,-0.1233
134,42794.0,115,HideSpotCheck,0.21,-0.110,0.006,0.1163
134,42795.9,115,HideSpotCheck,0.23,0.006,0.095,0.0891
134,42797.8,115,HideSpotCheck,0.23,0.095,0.162,0.0667
134,42799.9,115,HideSpotCheck,0.13,0.162,0.196,0.0340
134,42801.8,115,HideSpotCheck,0.03,0.196,0.199,0.0035
134,42803.7,115,HideSpotCheck,-0.07,0.199,0.173,-0.0258
134,42820.6,115,SweepArea,-0.32,-0.140,-0.187,-0.0476
134,42849.6,145,Patrol,-0.19,-0.541,-0.430,0.1116
134,42863.7,129,AmbushHotChoke,-0.01,-0.286,-0.189,0.0961
134,42875.1,131,SweepArea,-0.26,-0.096,-0.137,-0.0418
135,42920.2,145,Patrol,-0.80,-0.430,-0.516,-0.0865
135,42922.5,122,SweepArea,10.00,-0.060,2.961,3.0206
136,42945.4,122,SweepArea,-0.60,2.961,1.900,-1.0607
136,42950.8,126,SweepArea,-0.03,-0.199,-0.127,0.0721
136,42957.5,126,SweepArea,-0.22,-0.127,-0.133,-0.0064
136,42964.2,126,SweepArea,-0.17,-0.133,-0.122,0.0112
136,42970.7,126,SweepArea,-0.42,-0.122,-0.189,-0.0669
136,42977.3,126,SweepArea,-0.37,-0.189,-0.221,-0.0318
136,42984.4,126,SweepArea,-1.22,-0.221,-0.500,-0.2796
136,42986.3,126,HideSpotCheck,0.23,-0.317,-0.125,0.1914
136,42988.3,126,HideSpotCheck,0.23,-0.125,0.008,0.1331
136,42990.2,126,HideSpotCheck,0.23,0.008,0.102,0.0938
136,42992.1,126,HideSpotCheck,0.13,0.102,0.138,0.0366
136,42994.2,126,HideSpotCheck,0.03,0.138,0.143,0.0045
136,42996.1,126,HideSpotCheck,-0.07,0.143,0.118,-0.0249
136,43041.3,126,Patrol,-0.71,-0.524,-0.578,-0.0533
136,43055.6,108,SweepArea,-0.29,-0.214,-0.224,-0.0100
136,43071.9,108,SweepArea,-0.31,-0.224,-0.236,-0.0116
136,43086.9,126,HideSpotCheck,-0.62,0.118,-0.088,-0.2060
136,43102.0,126,HideSpotCheck,-0.65,-0.088,-0.243,-0.1552
136,43112.6,126,HideSpotCheck,0.14,-0.243,-0.110,0.1333
136,43123.5,126,HideSpotCheck,0.21,-0.110,0.005,0.1145
136,43138.7,126,HideSpotCheck,-0.85,0.005,-0.239,-0.2433
136,43153.5,126,HideSpotCheck,-0.20,-0.239,-0.213,0.0260
136,43168.7,126,HideSpotCheck,-1.64,-0.213,-0.627,-0.4137
136,43184.0,126,SweepArea,0.00,-0.500,-0.337,0.1628
136,43215.5,144,Patrol,0.84,-0.186,0.125,0.3116
136,43215.8,144,Patrol,-0.50,0.125,-0.050,-0.1756
136,43221.0,74,InvestigateLastHeard,0.14,0.224,0.219,-0.0048
136,43231.7,108,SweepArea,-0.26,-0.236,-0.225,0.0106
136,43264.6,144,Patrol,0.07,-0.050,-0.008,0.0419
136,43309.8,144,Patrol,-0.95,-0.008,-0.288,-0.2801
136,43351.4,144,Patrol,-0.01,-0.288,-0.203,0.0858
136,43355.5,128,AmbushHotChoke,-0.19,-0.141,-0.139,0.0020
136,43369.4,128,HeatSweep,0.01,-0.388,-0.254,0.1345
136,43402.3,144,Patrol,-0.07,-0.203,-0.158,0.0448
136,43407.7,144,SweepArea,-0.03,-0.749,-0.511,0.2380
136,43452.8,144,Patrol,-0.85,-0.158,-0.361,-0.2035
136,43455.5,129,HideSpotCheck,0.22,-0.292,-0.113,0.1782
136,43456.2,129,HeatSweep,1.00,-0.820,-0.251,0.5692
136,43458.5,129,HeatSweep,1.12,-0.251,0.184,0.4348
136,43458.8,129,HeatSweep,0.97,0.184,0.442,0.2580
136,43459.2,129,HeatSweep,0.86,0.442,0.591,0.1493
136,43459.5,129,HeatSweep,0.76,0.591,0.664,0.0732
136,43459.8,129,HeatSweep,0.66,0.664,0.686,0.0213
136,43460.1,129,HeatSweep,-0.05,0.686,0.489,-0.1964
136,43460.4,129,HeatSweep,-0.30,0.489,0.276,-0.2138
136,43460.7,129,HeatSweep,-0.55,0.276,0.050,-0.2259
136,43461.1,129,HeatSweep,-0.81,0.050,-0.185,-0.2345
136,43461.5,129,HeatSweep,-1.06,-0.185,-0.426,-0.2408
136,43461.8,129,HeatSweep,-1.31,-0.426,-0.671,-0.2448
136,43462.1,129,HeatSweep,-1.57,-0.671,-0.918,-0.2477
136,43462.4,129,HeatSweep,10.00,-0.918,2.357,3.2755
137,43462.4,129,HeatSweep,-0.42,2.357,1.539,-0.8180
137,43462.7,123,HideSpotCheck,1.00,-0.815,-0.242,0.5732
137,43463.0,123,HideSpotCheck,1.00,-0.242,0.159,0.4008
137,43463.3,123,HideSpotCheck,1.00,0.159,0.439,0.2801
137,43463.6,123,HideSpotCheck,0.89,0.439,0.601,0.1621
137,43464.0,123,HideSpotCheck,-0.57,0.601,0.271,-0.3301
137,43464.4,90,HideSpotCheck,-0.80,-0.109,-0.295,-0.1858
137,43485.2,90,SweepArea,-0.06,-0.118,-0.090,0.0282
137,43489.8,126,SweepArea,-0.05,-0.337,-0.226,0.1110
137,43494.0,126,SweepArea,-0.19,-0.226,-0.192,0.0343
137,43498.5,126,SweepArea,-0.29,-0.192,-0.199,-0.0073
137,43503.3,126,SweepArea,-0.40,-0.199,-0.236,-0.0365
137,43508.3,126,SweepArea,-0.35,-0.236,-0.247,-0.0112
137,43513.2,126,SweepArea,-1.05,-0.247,-0.465,-0.2174
137,43517.9,126,SweepArea,-1.45,-0.465,-0.736,-0.2714
137,43563.0,126,Patrol,-0.71,-0.578,-0.614,-0.0358
137,43564.9,108,SweepArea,1.13,-0.225,0.205,0.4302
137,43565.6,108,SweepArea,10.00,0.205,3.144,2.9386
138,43565.6,108,SweepArea,-0.38,3.144,2.107,-1.0371
138,43580.8,128,AmbushHotChoke,-0.50,-0.139,-0.234,-0.0954
138,43625.8,144,Patrol,-0.95,-0.361,-0.535,-0.1739
138,43634.1,144,SweepArea,0.07,-0.511,-0.318,0.1930
138,43650.4,144,SweepArea,-0.01,-0.318,-0.214,0.1045
138,43680.0,126,Patrol,0.10,-0.614,-0.392,0.2217
138,43686.4,126,Patrol,1.21,-0.392,0.107,0.4987
138,43686.7,126,Patrol,-0.51,0.107,-0.031,-0.1376
138,43691.6,74,InvestigateLastHeard,0.14,0.219,0.685,0.4663
138,43716.5,108,SweepArea,-0.10,2.107,1.453,-0.6534
138,43717.9,144,SweepArea,-0.16,-0.214,-0.171,0.0426
138,43719.4,144,SweepArea,-0.16,-0.171,-0.142,0.0294
138,43720.7,144,SweepArea,-0.26,-0.142,-0.151,-0.0087
138,43722.2,144,SweepArea,-0.36,-0.151,-0.187,-0.0366
138,43723.6,144,SweepArea,-0.46,-0.187,-0.243,-0.0556
138,43725.0,144,SweepArea,-1.16,-0.243,-0.492,-0.2489
138,43726.4,144,SweepArea,-1.41,-0.492,-0.741,-0.2492
138,43765.2,144,Patrol,0.10,-0.535,-0.342,0.1935
138,43810.4,144,Patrol,-0.71,-0.342,-0.449,-0.1076
138,43855.7,126,Patrol,-0.95,-0.031,-0.304,-0.2735
138,43900.7,144,Patrol,-0.94,-0.449,-0.595,-0.1453
138,43937.6,126,Patrol,-0.47,-0.304,-0.349,-0.0450
138,43950.6,144,HideSpotCheck,0.41,-0.617,-0.306,0.3115
138,43953.3,60,InvestigateLastHeard,-0.18,-0.019,-0.053,-0.0334
138,43955.8,62,InvestigateLastHeard,-0.02,0.018,0.013,-0.0046
138,43958.3,60,InvestigateLastHeard,-0.18,-0.053,-0.066,-0.0132
138,43973.3,114,HeatSweep,-0.65,0.003,-0.183,-0.1862
138,43983.3,128,AmbushHotChoke,-0.25,-0.234,-0.221,0.0131
138,43987.4,144,HideSpotCheck,0.40,-0.306,-0.083,0.2230
138,44028.8,145,Patrol,-0.05,-0.516,-0.371,0.1448
138,44041.7,115,HideSpotCheck,0.12,0.173,0.185,0.0113
138,44056.8,115,HideSpotCheck,-0.63,0.185,-0.034,-0.2185
138,44066.9,115,HideSpotCheck,-5.00,-0.034,-1.524,-1.4899
139,44071.9,115,HideSpotCheck,-0.50,-1.524,-1.203,0.3203
139,44075.7,144,HideSpotCheck,0.38,-0.083,0.082,0.1645
139,44077.6,144,HideSpotCheck,0.45,0.082,0.220,0.1385
139,44079.5,144,HideSpotCheck,0.13,0.220,0.254,0.0334
139,44081.5,144,HideSpotCheck,0.03,0.254,0.255,0.0014
139,44083.5,144,HideSpotCheck,-0.07,0.255,0.227,-0.0284
139,44085.4,144,HideSpotCheck,-0.77,0.227,-0.010,-0.2367
139,44087.3,144,HideSpotCheck,-1.02,-0.010,-0.286,-0.2760
139,44089.3,144,HideSpotCheck,-1.27,-0.286,-0.554,-0.2683
139,44090.1,144,HideSpotCheck,-0.75,-0.554,-0.588,-0.0340
139,44093.6,144,HideSpotCheck,-2.26,-0.588,-1.013,-0.4248
139,44096.1,66,HideSpotCheck,-1.68,0.319,-0.195,-0.5143
139,44102.4,66,InvestigateLastHeard,0.13,0.060,0.158,0.0983
139,44110.4,112,AmbushHotChoke,0.07,0.350,0.280,-0.0699
139,44119.8,128,AmbushHotChoke,0.06,-0.221,-0.120,0.1014
139,44163.1,144,Patrol,-0.03,-0.595,-0.420,0.1743
139,44178.2,146,AmbushHotChoke,-0.50,0.177,-0.014,-0.1912
139,44187.4,130,AmbushHotChoke,-0.24,-0.050,-0.089,-0.0397
139,44191.2,150,AmbushHotChoke,-0.19,0.096,0.035,-0.0607
139,44204.9,150,HeatSweep,-0.03,0.070,0.053,-0.0175
139,44219.5,130,AmbushHotChoke,-0.30,-0.089,-0.138,-0.0481
139,44233.0,150,HeatSweep,-0.03,0.053,0.041,-0.0120
139,44252.0,130,SweepArea,-0.34,-0.096,-0.159,-0.0625
139,44255.5,146,HeatSweep,-0.18,0.053,0.005,-0.0472
139,44258.9,146,HeatSweep,-0.18,0.005,-0.027,-0.0329
139,44274.2,146,AmbushHotChoke,-0.65,-0.014,-0.194,-0.1796
139,44319.3,130,Patrol,-0.95,-0.498,-0.632,-0.1341
139,44331.8,151,HideSpotCheck,0.13,0.051,0.082,0.0308
139,44346.9,151,HideSpotCheck,-0.55,0.082,-0.096,-0.1785
139,44351.6,151,AmbushHotChoke,-0.02,0.019,0.022,0.0026
139,44355.8,151,AmbushHotChoke,-0.19,0.022,-0.029,-0.0508
139,44400.8,151,Patrol,-0.95,0.015,-0.273,-0.2879
139,44408.5,151,SweepArea,-5.00,-0.024,-1.517,-1.4929
140,44425.8,151,SweepArea,-0.60,-1.517,-1.233,0.2831
140,44470.9,144,Patrol,-0.95,-0.420,-0.577,-0.1561
140,44511.9,144,Patrol,-0.01,-0.577,-0.403,0.1736
140,44557.1,126,Patrol,-0.95,-0.349,-0.527,-0.1780
140,44602.3,144,Patrol,-0.99,-0.403,-0.575,-0.1725
140,44640.7,144,Patrol,-0.48,-0.575,-0.545,0.0304
140,44655.8,128,AmbushHotChoke,-0.39,-0.120,-0.187,-0.0674
140,44701.0,144,Patrol,-0.80,-0.545,-0.619,-0.0743
140,44745.4,144,Patrol,-0.34,-0.619,-0.534,0.0849
140,44760.5,128,AmbushHotChoke,-0.35,-0.187,-0.223,-0.0360
140,44792.2,144,Patrol,-0.22,-0.534,-0.433,0.1012
140,44833.7,144,Patrol,-0.31,-0.433,-0.396,0.0373
140,44878.8,145,Patrol,-0.95,-0.371,-0.542,-0.1711
140,44923.9,145,Patrol,-0.97,-0.542,-0.670,-0.1275
140,44965.9,145,Patrol,-0.52,-0.670,-0.622,0.0475
140,44979.2,127,SweepArea,-0.09,-0.295,-0.225,0.0704
140,45024.4,145,Patrol,-0.80,-0.622,-0.675,-0.0523
140,45050.2,145,Patrol,0.19,-0.675,-0.292,0.3825
140,45060.4,129,AmbushHotChoke,-0.25,-0.189,-0.199,-0.0096
140,45099.4,145,Patrol,0.01,-0.292,-0.199,0.0930
140,45103.1,115,AmbushHotChoke,-0.19,-0.112,-0.115,-0.0026
140,45107.4,115,AmbushHotChoke,-0.19,-0.115,-0.119,-0.0043
140,45110.7,115,AmbushHotChoke,-0.18,-0.119,-0.118,0.0011
140,45114.1,115,AmbushHotChoke,-0.28,-0.118,-0.148,-0.0300
140,45116.7,115,AmbushHotChoke,-0.38,-0.148,-0.195,-0.0475
140,45130.2,115,SweepArea,-0.28,-0.187,-0.204,-0.0170
140,45137.0,115,AmbushHotChoke,-0.01,-0.195,-0.124,0.0710
140,45141.0,115,AmbushHotChoke,-0.19,-0.124,-0.125,-0.0004
141,45186.3,115,Patrol,-0.80,-0.397,-0.516,-0.1186
141,45217.2,144,Patrol,0.15,-0.396,-0.227,0.1689
141,45262.4,126,Patrol,-0.83,-0.527,-0.616,-0.0887
141,45301.7,144,Patrol,-0.05,-0.227,-0.115,0.1124
141,45315.3,108,SweepArea,-0.29,1.453,1.148,-0.3053
141,45331.9,108,SweepArea,-0.16,1.148,0.902,-0.2460
141,45348.4,108,SweepArea,-0.32,0.902,0.652,-0.2495
141,45365.0,108,SweepArea,-0.27,0.652,0.461,-0.1915
141,45384.8,108,SweepArea,-0.25,0.461,0.259,-0.2020
141,45429.7,144,Patrol,-0.35,-0.115,-0.182,-0.0673
141,45461.2,126,Patrol,-0.05,-0.616,-0.443,0.1730
141,45476.2,127,AmbushHotChoke,-0.48,-0.033,-0.164,-0.1308
141,45521.5,109,Patrol,-0.80,-0.648,-0.692,-0.0443
141,45528.8,127,AmbushHotChoke,-0.01,-0.164,-0.113,0.0510
141,45573.9,109,Patrol,-0.80,-0.692,-0.723,-0.0313
141,45618.9,145,Patrol,-0.95,-0.199,-0.423,-0.2238
142,45664.0,145,Patrol,-0.80,-0.423,-0.533,-0.1104
142,45709.0,126,Patrol,-0.77,-0.443,-0.538,-0.0946
142,45749.4,144,Patrol,-0.10,-0.182,-0.155,0.0274
142,45780.6,144,Patrol,-0.11,-0.155,-0.136,0.0187
142,45825.6,144,Patrol,-0.98,-0.136,-0.386,-0.2505
142,45865.1,144,Patrol,-1.11,-0.386,-0.600,-0.2132
142,45910.1,144,Patrol,-2.13,-0.600,-1.055,-0.4558
142,45921.3,114,AmbushHotChoke,-0.26,-0.169,-0.180,-0.0109
142,45935.1,144,SweepArea,-0.13,-0.741,-0.543,0.1982
142,45953.2,144,SweepArea,-0.33,-0.543,-0.468,0.0751
142,45976.8,144,SweepArea,-0.39,-0.468,-0.434,0.0334
142,45999.5,144,SweepArea,-0.28,-0.434,-0.383,0.0506
142,46028.5,145,Patrol,-0.19,-0.533,-0.427,0.1066
142,46073.3,145,Patrol,-0.08,-0.427,-0.320,0.1066
142,46112.3,145,Patrol,-0.11,-0.320,-0.254,0.0666
142,46157.3,145,Patrol,-0.98,-0.254,-0.469,-0.2155
142,46168.6,115,AmbushHotChoke,-0.26,-0.125,-0.157,-0.0329
142,46213.7,145,Patrol,-0.89,-0.469,-0.594,-0.1251
142,46258.7,115,Patrol,-0.80,-0.516,-0.600,-0.0838
143,46304.0,145,Patrol,-0.80,-0.594,-0.654,-0.0594
144,46349.2,126,Patrol,-0.80,-0.538,-0.614,-0.0764
144,46353.1,144,SweepArea,-0.19,-0.383,-0.301,0.0825
144,46398.3,144,Patrol,-0.80,-1.055,-0.976,0.0789
144,46407.1,144,SweepArea,-0.24,-0.301,-0.263,0.0377
144,46411.3,144,SweepArea,-0.19,-0.263,-0.218,0.0452
144,46436.3,144,SweepArea,-0.45,-0.218,-0.279,-0.0605
144,46447.7,144,SweepArea,-0.06,-0.279,-0.196,0.0823
144,46456.9,144,SweepArea,-0.44,-0.196,-0.252,-0.0552
144,46465.8,144,SweepArea,-0.54,-0.252,-0.319,-0.0675
144,46495.4,144,Patrol,0.10,-0.976,-0.646,0.3307
144,46540.0,126,Patrol,0.02,-0.614,-0.422,0.1920
144,46578.4,145,Patrol,0.02,-0.654,-0.450,0.2039
145,46623.5,145,Patrol,-0.80,-0.450,-0.553,-0.1027
146,46668.8,144,Patrol,-0.80,-0.646,-0.690,-0.0440
146,46688.4,144,SweepArea,-0.05,-0.319,-0.226,0.0926
146,46697.7,144,SweepArea,-0.24,-0.226,-0.213,0.0132
146,46707.1,144,SweepArea,-0.24,-0.213,-0.204,0.0092
146,46715.9,144,SweepArea,-0.34,-0.204,-0.225,-0.0214
146,46744.9,126,Patrol,0.11,-0.422,-0.256,0.1662
146,46750.7,126,Patrol,1.00,-0.256,0.141,0.3969
146,46751.5,126,Patrol,-0.45,0.141,0.005,-0.1363
146,46756.8,92,InvestigateLastHeard,0.14,0.188,0.188,-0.0002
146,46760.5,134,HeatSweep,0.11,0.056,0.090,0.0340
146,46775.6,134,HeatSweep,-0.50,0.090,-0.074,-0.1633
146,46777.0,144,SweepArea,-0.16,-0.225,-0.180,0.0457
146,46822.1,144,Patrol,-0.91,-0.690,-0.752,-0.0624
146,46831.6,144,SweepArea,-0.03,-0.180,-0.123,0.0570
146,46846.7,128,AmbushHotChoke,-0.50,-0.223,-0.293,-0.0695
146,46871.9,144,SweepArea,-0.62,-0.123,-0.265,-0.1422
146,46881.1,114,HeatSweep,-0.24,-0.183,-0.183,0.0006
146,46887.7,150,HeatSweep,10.00,0.041,3.029,2.9877
147,46896.1,150,HeatSweep,-0.50,3.029,2.006,-1.0229
147,46909.7,108,SweepArea,-0.29,0.259,0.110,-0.1485
147,46954.9,126,Patrol,-0.76,0.005,-0.223,-0.2276
147,46975.0,144,SweepArea,0.06,-0.265,-0.157,0.1082
147,46976.9,108,HideSpotCheck,0.23,-0.387,-0.172,0.2153
147,46984.1,108,SweepArea,-0.22,0.110,0.031,-0.0790
147,47029.3,126,Patrol,-0.86,-0.223,-0.411,-0.1887
147,47035.0,108,SweepArea,10.00,0.031,3.022,2.9906
148,47054.5,108,SweepArea,-0.60,3.022,1.943,-1.0790
148,47068.4,144,SweepArea,-0.13,-0.157,-0.134,0.0228
148,47113.4,144,Patrol,-0.80,-0.752,-0.764,-0.0114
148,47114.8,144,SweepArea,-0.16,-0.134,-0.116,0.0183
148,47116.4,144,SweepArea,-0.17,-0.116,-0.103,0.0124
148,47117.8,144,SweepArea,0.03,-0.103,-0.036,0.0669
148,47119.3,144,SweepArea,-0.26,-0.036,-0.077,-0.0411
148,47119.6,144,HideSpotCheck,-0.50,-1.013,-0.830,0.1831
148,47120.9,144,SweepArea,-0.16,-0.077,-0.076,0.0018
148,47122.4,144,SweepArea,-0.16,-0.076,-0.075,0.0007
148,47133.2,144,SweepArea,0.06,-0.075,-0.017,0.0575
148,47137.6,144,SweepArea,-0.29,-0.017,-0.077,-0.0594
148,47141.1,144,SweepArea,10.00,-0.077,2.946,3.0232
149,47141.9,144,SweepArea,0.11,2.946,2.803,-0.1430
149,47167.1,144,SweepArea,-0.60,2.803,1.790,-1.0134
149,47197.7,126,Patrol,0.18,-0.411,-0.228,0.1838
149,47242.7,126,Patrol,-0.66,-0.228,-0.299,-0.0712
149,47267.9,108,SweepArea,-0.60,1.943,1.339,-0.6036
149,47281.9,108,SweepArea,-0.29,1.339,1.047,-0.2923
149,47298.7,108,SweepArea,-0.32,1.047,0.770,-0.2766
149,47313.7,108,HideSpotCheck,-0.63,-0.172,-0.202,-0.0300
149,47328.4,108,SweepArea,-0.30,0.770,0.559,-0.2115
149,47344.9,108,SweepArea,-0.31,0.559,0.369,-0.1900
149,47361.5,108,SweepArea,-0.16,0.369,0.256,-0.1129
149,47377.4,108,SweepArea,-0.26,0.256,0.135,-0.1206
149,47393.5,108,SweepArea,-0.51,0.135,-0.041,-0.1762
149,47413.5,108,SweepArea,-0.35,-0.041,-0.123,-0.0821
149,47458.8,126,Patrol,-0.86,-0.299,-0.466,-0.1669
149,47473.9,108,HideSpotCheck,-0.65,-0.202,-0.324,-0.1218
149,47490.4,108,SweepArea,-0.31,-0.123,-0.178,-0.0552
149,47535.5,109,Patrol,-0.80,-0.723,-0.745,-0.0213
149,47539.5,127,AmbushHotChoke,-5.00,-0.113,-1.579,-1.4660
150,47550.7,127,AmbushHotChoke,-0.50,-1.579,-1.243,0.3368
150,47595.8,126,Patrol,-0.73,-0.466,-0.491,-0.0254
150,47610.4,144,SweepArea,0.00,1.790,1.268,-0.5219
151,47655.5,126,Patrol,-0.80,-0.491,-0.547,-0.0555
151,47680.6,144,SweepArea,-0.60,1.268,0.813,-0.4555
151,47693.5,144,SweepArea,0.02,0.813,0.590,-0.2224
151,47722.6,126,Patrol,0.11,-0.547,-0.343,0.2035
151,47767.6,126,Patrol,-0.88,-0.343,-0.487,-0.1440
151,47781.9,144,SweepArea,-0.29,0.590,0.339,-0.2509
151,47810.8,126,Patrol,-0.19,-0.487,-0.391,0.0964
151,47855.6,126,Patrol,-0.13,-0.391,-0.302,0.0883
151,47870.2,144,SweepArea,-0.30,0.339,0.159,-0.1803
151,47879.3,127,SweepArea,-0.09,-0.225,-0.170,0.0551
151,47904.0,127,SweepArea,1.06,-0.170,0.208,0.3776
151,47906.7,127,SweepArea,-0.87,0.208,-0.111,-0.3188
151,47951.9,67,Patrol,-0.95,0.082,-0.226,-0.3076
151,47963.1,131,HideSpotCheck,0.14,-0.118,0.045,0.1637
151,47968.6,121,AmbushHotChoke,0.00,0.516,0.478,-0.0378
151,47973.0,121,AmbushHotChoke,-0.19,0.478,0.391,-0.0873
151,47986.8,121,SweepArea,-0.29,0.054,0.009,-0.0451
151,48001.9,121,HideSpotCheck,-0.63,0.037,-0.108,-0.1448
151,48006.1,121,AmbushHotChoke,-0.01,0.391,0.364,-0.0267
151,48010.5,121,AmbushHotChoke,-0.19,0.364,0.284,-0.0802
151,48013.7,121,AmbushHotChoke,-0.18,0.284,0.217,-0.0676
151,48016.7,121,AmbushHotChoke,-0.28,0.217,0.123,-0.0932
151,48020.3,121,AmbushHotChoke,-0.39,0.123,0.001,-0.1220
151,48032.2,121,SweepArea,0.03,0.009,0.029,0.0204
151,48034.1,131,HideSpotCheck,0.23,0.045,0.124,0.0785
151,48036.0,131,HideSpotCheck,0.23,0.124,0.190,0.0659
151,48037.9,131,HideSpotCheck,0.23,0.190,0.254,0.0637
151,48051.7,131,AmbushHotChoke,0.00,-0.182,-0.116,0.0658
151,48066.0,121,HeatSweep,0.01,0.084,0.068,-0.0157
151,48098.8,145,Patrol,0.08,-0.553,-0.349,0.2040
151,48103.3,131,HideSpotCheck,0.37,0.254,0.349,0.0958
151,48105.2,131,HideSpotCheck,0.23,0.349,0.409,0.0596
151,48150.4,131,Patrol,-0.86,-0.254,-0.433,-0.1789
151,48164.2,121,HeatSweep,-0.29,0.068,-0.031,-0.0991
152,48209.2,145,Patrol,-0.80,-0.349,-0.479,-0.1309
152,48210.8,144,SweepArea,-0.17,0.159,0.106,-0.0533
152,48211.1,144,HideSpotCheck,-0.50,-0.830,-0.700,0.1302
152,48212.4,144,SweepArea,-0.16,0.106,0.055,-0.0511
152,48213.8,144,SweepArea,-0.16,0.055,0.017,-0.0381
152,48215.4,144,SweepArea,-0.17,0.017,-0.011,-0.0273
152,48216.7,144,SweepArea,-0.26,-0.011,-0.059,-0.0482
152,48218.2,144,SweepArea,-0.36,-0.059,-0.123,-0.0641
152,48219.7,144,SweepArea,-0.47,-0.123,-0.198,-0.0752
152,48221.1,144,SweepArea,-1.16,-0.198,-0.461,-0.2623
152,48222.6,144,SweepArea,-1.41,-0.461,-0.719,-0.2586
152,48222.9,144,HideSpotCheck,-0.50,-0.700,-0.611,0.0891
152,48223.1,144,HideSpotCheck,-0.50,-0.611,-0.548,0.0624
152,48223.4,144,HideSpotCheck,-0.50,-0.548,-0.505,0.0437
152,48223.7,144,HideSpotCheck,-0.60,-0.505,-0.504,0.0006
152,48224.0,144,HideSpotCheck,-0.70,-0.504,-0.534,-0.0296
152,48224.3,144,HideSpotCheck,-0.80,-0.534,-0.584,-0.0508
152,48224.5,144,HideSpotCheck,-1.50,-0.584,-0.830,-0.2455
152,48225.9,144,SweepArea,-0.16,-0.719,-0.525,0.1944
152,48227.4,144,SweepArea,-0.16,-0.525,-0.389,0.1355
152,48247.8,144,SweepArea,0.00,-0.389,-0.262,0.1274
152,48293.1,144,Patrol,-0.80,-0.764,-0.772,-0.0088
152,48333.8,126,Patrol,0.10,-0.302,-0.179,0.1236
152,48337.5,144,SweepArea,-0.02,-0.262,-0.165,0.0972
152,48341.1,144,SweepArea,-0.03,-0.165,-0.101,0.0637
152,48350.8,144,SweepArea,-0.07,-0.101,-0.082,0.0188
152,48352.3,152,SweepArea,-0.27,-0.042,-0.083,-0.0404
152,48353.7,146,SweepArea,-0.36,-0.017,-0.094,-0.0773
152,48367.8,146,HeatSweep,0.01,-0.027,-0.002,0.0253
152,48368.2,144,HideSpotCheck,-0.50,-0.830,-0.702,0.1280
152,48374.6,144,SweepArea,-0.05,-0.082,-0.051,0.0310
152,48378.8,144,SweepArea,-0.04,-0.051,-0.024,0.0268
152,48382.6,144,SweepArea,-0.04,-0.024,-0.004,0.0205
152,48387.0,144,SweepArea,-0.29,-0.004,-0.067,-0.0631
152,48391.4,144,SweepArea,-0.39,-0.067,-0.142,-0.0746
152,48395.2,144,SweepArea,-0.34,-0.142,-0.175,-0.0337
152,48399.4,144,SweepArea,-1.19,-0.175,-0.456,-0.2810
152,48403.3,144,SweepArea,-1.29,-0.456,-0.682,-0.2251
152,48428.5,144,SweepArea,-2.10,-0.682,-1.100,-0.4180
152,48439.2,144,SweepArea,-1.71,-1.100,-1.267,-0.1673
152,48450.2,130,HeatSweep,0.11,-0.133,-0.044,0.0886
152,48450.5,144,HideSpotCheck,-0.50,-0.702,-0.612,0.0898
152,48450.8,144,HideSpotCheck,-0.50,-0.612,-0.549,0.0628
152,48451.1,144,HideSpotCheck,-0.50,-0.549,-0.505,0.0440
152,48451.4,144,HideSpotCheck,-0.60,-0.505,-0.505,0.0007
152,48451.7,144,HideSpotCheck,-0.70,-0.505,-0.534,-0.0294
152,48452.0,144,HideSpotCheck,-0.80,-0.534,-0.585,-0.0506
152,48452.2,144,HideSpotCheck,-1.50,-0.585,-0.830,-0.2454
152,48495.1,144,Patrol,-0.05,-0.772,-0.492,0.2809
152,48509.0,122,SweepArea,-0.29,1.900,1.523,-0.3767
152,48525.5,122,SweepArea,-0.16,1.523,1.213,-0.3103
152,48542.1,122,SweepArea,-0.32,1.213,0.765,-0.4480
152,48548.3,116,AmbushHotChoke,-0.01,-0.059,-0.027,0.0328
152,48552.0,116,AmbushHotChoke,-0.19,-0.027,-0.054,-0.0280
152,48556.4,116,AmbushHotChoke,-0.19,-0.054,-0.077,-0.0223
152,48560.2,116,AmbushHotChoke,-0.29,-0.077,-0.120,-0.0432
152,48565.2,116,SweepArea,0.95,-0.118,0.226,0.3431
152,48567.6,116,SweepArea,0.93,0.226,0.455,0.2299
152,48567.9,116,SweepArea,1.07,0.455,0.660,0.2046
152,48568.2,116,SweepArea,0.82,0.660,0.727,0.0669
152,48568.6,116,SweepArea,0.72,0.727,0.742,0.0153
152,48569.0,116,SweepArea,0.61,0.742,0.721,-0.0211
152,48569.3,116,SweepArea,-0.09,0.721,0.495,-0.2260
152,48569.6,116,SweepArea,-0.34,0.495,0.261,-0.2343
152,48569.9,116,SweepArea,-0.60,0.261,0.021,-0.2402
152,48570.2,116,SweepArea,-0.85,0.021,-0.224,-0.2443
152,48570.5,116,SweepArea,-1.10,-0.224,-0.471,-0.2472
152,48570.8,116,SweepArea,-1.36,-0.471,-0.720,-0.2492
152,48571.2,116,SweepArea,-1.61,-0.720,-0.971,-0.2508
152,48571.5,116,SweepArea,-1.86,-0.971,-1.223,-0.2517
152,48571.8,116,SweepArea,-2.12,-1.223,-1.475,-0.2524
152,48572.2,116,SweepArea,-2.37,-1.475,-1.728,-0.2533
152,48572.5,116,SweepArea,-2.62,-1.728,-1.982,-0.2534
152,48572.8,116,SweepArea,-2.88,-1.982,-2.235,-0.2535
152,48573.1,116,SweepArea,-3.13,-2.235,-2.489,-0.2536
152,48573.4,116,SweepArea,-3.38,-2.489,-2.743,-0.2536
152,48573.7,116,SweepArea,-3.64,-2.743,-2.996,-0.2537
152,48574.0,116,SweepArea,-3.89,-2.996,-3.250,-0.2537
152,48574.3,116,SweepArea,-4.14,-3.250,-3.504,-0.2537
152,48574.6,116,SweepArea,-4.39,-3.504,-3.757,-0.2537
152,48575.0,116,SweepArea,-4.45,-3.757,-3.951,-0.1938
152,48575.3,116,SweepArea,-4.70,-3.951,-4.163,-0.2121
152,48575.6,116,SweepArea,-4.95,-4.163,-4.388,-0.2246
152,48575.9,116,SweepArea,-5.21,-4.388,-4.621,-0.2333
152,48576.2,116,SweepArea,-5.46,-4.621,-4.860,-0.2394
152,48576.5,116,SweepArea,-5.71,-4.860,-5.104,-0.2437
152,48576.8,116,SweepArea,-5.97,-5.104,-5.351,-0.2467
152,48577.2,116,SweepArea,-6.22,-5.351,-5.600,-0.2488
152,48577.5,116,SweepArea,-6.47,-5.600,-5.850,-0.2504
152,48577.9,116,SweepArea,-6.73,-5.850,-6.102,-0.2515
152,48578.3,116,SweepArea,-6.98,-6.102,-6.354,-0.2527
152,48578.7,116,SweepArea,-7.23,-6.354,-6.607,-0.2531
152,48579.0,116,SweepArea,-7.49,-6.607,-6.861,-0.2533
152,48579.3,116,SweepArea,-7.74,-6.861,-7.114,-0.2535
152,48579.7,116,SweepArea,-7.99,-7.114,-7.368,-0.2537
152,48580.0,116,SweepArea,-8.25,-7.368,-7.622,-0.2538
152,48580.4,116,SweepArea,-8.50,-7.622,-7.876,-0.2539
152,48580.7,116,SweepArea,-8.75,-7.876,-8.129,-0.2539
152,48581.0,116,SweepArea,-9.01,-8.129,-8.383,-0.2538
152,48581.4,116,SweepArea,-9.26,-8.383,-8.637,-0.2540
152,48581.7,116,SweepArea,-9.52,-8.637,-8.891,-0.2539
152,48582.0,116,SweepArea,-9.77,-8.891,-9.145,-0.2538
152,48582.3,116,SweepArea,-10.02,-9.145,-9.399,-0.2537
152,48582.6,116,SweepArea,-10.27,-9.399,-9.652,-0.2537
152,48583.0,116,SweepArea,10.00,-9.652,-3.757,5.8957
153,48583.0,116,SweepArea,-0.38,-3.757,-2.734,1.0226
153,48583.3,124,Patrol,1.20,0.095,0.455,0.3593
153,48583.7,124,Patrol,1.20,0.455,0.706,0.2510
153,48584.0,124,Patrol,1.19,0.706,0.878,0.1722
153,48584.5,124,Patrol,-0.47,0.878,0.495,-0.3827
153,48589.8,90,SweepArea,-0.20,-0.090,-0.101,-0.0116
153,48634.9,144,Patrol,-0.80,-0.492,-0.581,-0.0899
153,48646.3,144,Patrol,1.04,-0.581,-0.082,0.4995
153,48646.6,144,Patrol,-0.46,-0.082,-0.082,-0.0003
153,48651.9,74,InvestigateLastHeard,-0.01,0.685,0.496,-0.1887
153,48657.7,114,AmbushHotChoke,-0.21,-0.180,-0.168,0.0116
153,48660.9,114,AmbushHotChoke,-0.18,-0.168,-0.149,0.0189
153,48664.2,114,AmbushHotChoke,-0.18,-0.149,-0.137,0.0129
153,48667.2,114,AmbushHotChoke,-0.10,-0.137,-0.103,0.0333
153,48669.8,114,AmbushHotChoke,-0.38,-0.103,-0.161,-0.0582
153,48683.8,114,HeatSweep,0.01,-0.183,-0.111,0.0721
153,48716.0,144,Patrol,-0.06,-0.082,-0.073,0.0096
153,48729.5,128,HeatSweep,0.09,-0.254,-0.139,0.1143
153,48743.5,128,HeatSweep,-0.29,-0.139,-0.174,-0.0349
153,48756.7,128,HeatSweep,-0.06,-0.174,-0.129,0.0455
153,48771.7,128,HeatSweep,-0.54,-0.129,-0.161,-0.0319
153,48772.0,98,HideSpotCheck,-0.50,0.665,0.512,-0.1530
153,48772.3,98,HideSpotCheck,-0.50,0.512,0.225,-0.2869
153,48779.0,152,SweepArea,0.08,-0.083,-0.018,0.0647
153,48788.4,128,HeatSweep,0.06,-0.161,-0.083,0.0778
153,48796.1,128,HeatSweep,10.00,-0.083,2.942,3.0249
154,48798.9,128,HeatSweep,0.05,2.942,2.090,-0.8517
154,48843.8,144,Patrol,-0.05,-0.073,-0.063,0.0100
154,48889.0,126,Patrol,-0.77,-0.179,-0.355,-0.1758
154,48934.1,144,Patrol,-0.95,-0.063,-0.326,-0.2636
154,48976.4,144,Patrol,-0.17,-0.326,-0.275,0.0510
154,48989.7,108,SweepArea,-0.28,-0.178,-0.196,-0.0175
154,49034.9,108,Patrol,-0.80,-0.705,-0.732,-0.0275
155,49080.1,145,Patrol,-0.80,-0.479,-0.573,-0.0939
155,49119.5,144,Patrol,0.05,-0.275,-0.172,0.1030
155,49164.7,126,Patrol,-0.88,-0.355,-0.511,-0.1560
155,49209.7,126,Patrol,-0.97,-0.511,-0.646,-0.1357
155,49210.0,126,HideSpotCheck,-0.50,-0.627,-0.560,0.0670
155,49210.3,126,HideSpotCheck,-0.50,-0.560,-0.513,0.0470
155,49210.7,126,HideSpotCheck,-0.50,-0.513,-0.480,0.0329
155,49216.5,126,HideSpotCheck,0.09,-0.480,-0.286,0.1935
155,49261.5,126,Patrol,-0.86,-0.646,-0.707,-0.0603
155,49276.6,108,SweepArea,-0.30,-0.196,-0.214,-0.0188
155,49289.5,108,SweepArea,10.00,-0.214,2.850,3.0643
156,49301.8,108,SweepArea,-0.60,2.850,1.822,-1.0275
156,49304.7,144,HideSpotCheck,0.22,-0.830,-0.489,0.3410
156,49349.7,144,Patrol,-0.80,-0.172,-0.358,-0.1854
156,49380.6,144,Patrol,0.86,-0.358,0.013,0.3705
157,49381.4,144,Patrol,-0.67,0.013,-0.068,-0.0811
157,49382.1,128,HeatSweep,1.00,2.090,1.791,-0.2996
157,49382.5,128,HeatSweep,0.99,1.791,1.577,-0.2133
157,49382.9,128,HeatSweep,-0.36,1.577,1.015,-0.5624
157,49387.3,90,SweepArea,-0.19,-0.101,-0.105,-0.0040
157,49427.9,144,Patrol,0.74,-0.068,0.178,0.2467
158,49428.6,144,Patrol,-0.76,0.178,-0.101,-0.2792
158,49443.6,114,HeatSweep,-0.50,-0.111,-0.214,-0.1032
158,49477.1,144,Patrol,0.81,-0.101,0.178,0.2793
158,49482.5,144,Patrol,-0.81,0.178,-0.115,-0.2938
158,49487.7,86,InvestigateLastHeard,0.14,0.099,0.131,0.0315
158,49502.8,130,HeatSweep,-0.50,-0.044,-0.170,-0.1251
158,49513.4,130,AmbushHotChoke,0.00,-0.138,0.016,0.1532
158,49525.5,120,HideSpotCheck,10.00,0.067,3.048,2.9814
159,49526.2,120,HideSpotCheck,0.42,3.048,2.735,-0.3134
159,49541.4,120,HideSpotCheck,-0.50,2.735,1.777,-0.9575
159,49545.7,126,HideSpotCheck,0.38,-0.286,-0.064,0.2222
159,49547.6,126,HideSpotCheck,0.13,-0.064,0.021,0.0851
159,49592.8,126,Patrol,-0.85,-0.707,-0.696,0.0106
159,49605.9,108,SweepArea,-0.28,1.822,1.472,-0.3507
159,49621.4,108,SweepArea,-0.16,1.472,1.183,-0.2890
159,49636.6,108,HideSpotCheck,-0.64,-0.324,-0.255,0.0685
159,49651.0,108,SweepArea,-0.29,1.183,0.910,-0.2732
159,49667.1,108,SweepArea,-0.31,0.910,0.556,-0.3534
159,49712.2,126,Patrol,-0.80,-0.696,-0.724,-0.0284
159,49750.9,144,Patrol,0.01,-0.115,-0.073,0.0420
159,49762.1,130,AmbushHotChoke,-0.11,0.016,0.024,0.0087
159,49775.3,158,HideSpotCheck,0.30,0.275,0.326,0.0506
159,49790.3,158,HideSpotCheck,-0.65,0.326,0.078,-0.2475
159,49805.3,158,HideSpotCheck,-0.64,0.078,-0.123,-0.2008
159,49822.3,158,SweepArea,-0.17,0.070,0.005,-0.0644
159,49838.8,152,SweepArea,-0.31,-0.018,-0.100,-0.0818
159,49844.7,152,HeatSweep,10.00,-0.086,2.940,3.0257
160,49853.8,152,HeatSweep,-0.50,2.940,1.922,-1.0183
160,49892.7,144,Patrol,0.01,-0.073,-0.025,0.0482
160,49906.4,108,SweepArea,-0.29,0.556,0.318,-0.2383
160,49951.4,144,Patrol,-0.80,-0.025,-0.255,-0.2296
160,49955.0,126,HideSpotCheck,0.21,0.021,0.104,0.0826
160,49956.8,126,HideSpotCheck,0.23,0.104,0.170,0.0667
160,49958.7,126,HideSpotCheck,0.23,0.170,0.235,0.0647
160,49960.5,126,HideSpotCheck,0.13,0.235,0.268,0.0329
160,49962.6,126,HideSpotCheck,0.03,0.268,0.269,0.0008
160,49964.4,126,HideSpotCheck,-0.07,0.269,0.241,-0.0277
160,49966.2,126,HideSpotCheck,-0.77,0.241,0.004,-0.2368
160,49968.1,126,HideSpotCheck,-1.02,0.004,-0.276,-0.2800
160,49970.0,126,HideSpotCheck,-1.27,-0.276,-0.547,-0.2709
160,49971.9,126,HideSpotCheck,-1.52,-0.547,-0.812,-0.2651
160,50017.0,126,Patrol,-0.86,-0.724,-0.755,-0.0303
160,50031.9,108,SweepArea,-0.30,0.318,0.177,-0.1406
160,50055.3,108,SweepArea,-0.08,0.177,0.108,-0.0695
160,50060.1,126,SweepArea,1.15,-0.736,-0.149,0.5870
160,50061.0,126,SweepArea,-0.53,-0.149,-0.153,-0.0042
160,50077.8,74,SweepArea,-0.22,0.011,-0.045,-0.0561
160,50106.8,144,Patrol,-0.19,-0.255,-0.229,0.0262
160,50151.6,144,Patrol,-0.16,-0.229,-0.178,0.0510
160,50164.6,128,HeatSweep,0.02,1.015,0.872,-0.1427
160,50178.1,128,HeatSweep,-0.11,0.872,0.708,-0.1644
160,50191.4,128,HeatSweep,-0.11,0.708,0.476,-0.2321
160,50236.7,76,Patrol,-0.95,0.087,-0.211,-0.2977
160,50251.8,128,HeatSweep,-0.55,0.476,0.179,-0.2967
160,50256.4,114,AmbushHotChoke,-0.01,-0.161,-0.094,0.0678
160,50260.1,114,AmbushHotChoke,-0.19,-0.094,-0.099,-0.0056
160,50263.4,114,AmbushHotChoke,-0.18,-0.099,-0.102,-0.0023
160,50266.0,114,AmbushHotChoke,-0.28,-0.102,-0.130,-0.0287
160,50270.2,114,HideSpotCheck,0.21,-0.251,-0.091,0.1595
160,50270.8,114,HideSpotCheck,1.00,-0.091,0.255,0.3461
160,50273.8,114,HideSpotCheck,0.96,0.255,0.483,0.2285
160,50274.1,114,HideSpotCheck,0.86,0.483,0.612,0.1288
160,50274.5,114,HideSpotCheck,0.76,0.612,0.679,0.0668
160,50274.9,114,HideSpotCheck,0.65,0.679,0.694,0.0154
160,50275.2,114,HideSpotCheck,-0.05,0.694,0.494,-0.2006
160,50275.5,114,HideSpotCheck,-0.30,0.494,0.277,-0.2167
160,50275.8,114,HideSpotCheck,-0.56,0.277,0.049,-0.2279
160,50276.1,114,HideSpotCheck,-0.81,0.049,-0.187,-0.2358
160,50276.4,114,HideSpotCheck,-1.06,-0.187,-0.428,-0.2413
160,50276.7,114,HideSpotCheck,-1.32,-0.428,-0.673,-0.2453
160,50277.1,114,HideSpotCheck,-1.57,-0.673,-0.921,-0.2481
160,50277.5,114,HideSpotCheck,-1.82,-0.921,-1.172,-0.2502
160,50277.8,114,HideSpotCheck,-2.08,-1.172,-1.423,-0.2514
160,50278.1,114,HideSpotCheck,-2.33,-1.423,-1.675,-0.2523
160,50278.4,114,HideSpotCheck,-2.58,-1.675,-1.928,-0.2528
160,50278.7,114,HideSpotCheck,-2.84,-1.928,-2.181,-0.2532
160,50279.0,114,HideSpotCheck,-3.09,-2.181,-2.435,-0.2535
160,50279.4,114,HideSpotCheck,-3.34,-2.435,-2.689,-0.2537
160,50279.7,114,HideSpotCheck,-3.60,-2.689,-2.942,-0.2538
160,50280.1,114,HideSpotCheck,-3.85,-2.942,-3.197,-0.2543
160,50280.5,114,HideSpotCheck,-3.90,-3.197,-3.391,-0.1945
160,50280.8,114,HideSpotCheck,-4.16,-3.391,-3.604,-0.2124
160,50281.1,114,HideSpotCheck,-4.41,-3.604,-3.829,-0.2249
160,50281.4,114,HideSpotCheck,-4.66,-3.829,-4.062,-0.2336
160,50281.7,114,HideSpotCheck,-4.92,-4.062,-4.302,-0.2397
160,50282.0,114,HideSpotCheck,-5.17,-4.302,-4.546,-0.2440
160,50282.3,114,HideSpotCheck,-5.42,-4.546,-4.793,-0.2469
160,50282.6,114,HideSpotCheck,-5.67,-4.793,-5.042,-0.2491
160,50283.0,114,HideSpotCheck,-5.93,-5.042,-5.293,-0.2505
160,50283.3,114,HideSpotCheck,-6.18,-5.293,-5.544,-0.2515
160,50283.6,114,HideSpotCheck,10.00,-5.544,-0.881,4.6632
161,50283.6,114,HideSpotCheck,-0.28,-0.881,-0.575,0.3060
161,50284.1,122,HeatSweep,1.20,0.847,0.982,0.1348
161,50284.4,122,HeatSweep,1.20,0.982,1.075,0.0939
161,50284.7,122,HeatSweep,1.19,1.075,1.138,0.0621
161,50285.1,122,HeatSweep,-0.46,1.138,0.677,-0.4604
161,50286.5,90,SweepArea,-0.16,-0.105,-0.103,0.0028
161,50288.1,90,SweepArea,-0.17,-0.103,-0.102,0.0008
161,50289.5,90,SweepArea,-0.16,-0.102,-0.093,0.0091
162,50334.6,144,Patrol,-0.80,-0.178,-0.362,-0.1842
162,50337.4,144,HideSpotCheck,0.38,-0.489,-0.202,0.2870
162,50339.3,144,HideSpotCheck,0.23,-0.202,-0.045,0.1568
162,50341.3,144,HideSpotCheck,0.23,-0.045,0.064,0.1092
162,50343.3,144,HideSpotCheck,0.13,0.064,0.111,0.0469
162,50345.2,144,HideSpotCheck,0.03,0.111,0.117,0.0061
162,50347.3,144,HideSpotCheck,-0.07,0.117,0.092,-0.0249
162,50350.3,144,HideSpotCheck,-0.78,0.092,-0.144,-0.2363
162,50352.3,144,HideSpotCheck,-1.02,-0.144,-0.380,-0.2359
162,50397.4,144,Patrol,-0.73,-0.362,-0.469,-0.1067
162,50405.9,108,SweepArea,-0.24,0.108,0.024,-0.0839
162,50407.9,144,HideSpotCheck,0.23,-0.380,-0.170,0.2100
162,50412.1,144,SweepArea,-0.19,-1.267,-0.921,0.3462
162,50413.9,144,HideSpotCheck,0.23,-0.170,-0.022,0.1475
162,50415.9,144,HideSpotCheck,0.23,-0.022,0.080,0.1027
162,50417.7,144,HideSpotCheck,0.23,0.080,0.153,0.0725
162,50419.7,144,HideSpotCheck,0.13,0.153,0.187,0.0344
162,50421.7,144,HideSpotCheck,0.03,0.187,0.191,0.0037
162,50423.6,144,HideSpotCheck,-0.07,0.191,0.165,-0.0259
162,50425.5,144,HideSpotCheck,-0.77,0.165,-0.070,-0.2355
162,50427.6,144,HideSpotCheck,-1.02,-0.070,-0.329,-0.2586
162,50429.5,144,HideSpotCheck,-1.27,-0.329,-0.584,-0.2549
162,50474.6,144,Patrol,-0.88,-0.469,-0.588,-0.1192
162,50483.6,108,SweepArea,-0.24,0.024,-0.037,-0.0606
162,50485.5,144,HideSpotCheck,0.23,-0.584,-0.312,0.2717
162,50487.3,144,HideSpotCheck,0.23,-0.312,-0.122,0.1899
162,50489.2,144,HideSpotCheck,0.23,-0.122,0.011,0.1329
162,50491.2,144,HideSpotCheck,0.13,0.011,0.073,0.0626
162,50493.3,144,HideSpotCheck,0.03,0.073,0.087,0.0134
162,50495.1,144,HideSpotCheck,-0.07,0.087,0.067,-0.0195
162,50497.1,144,HideSpotCheck,-0.77,0.067,-0.157,-0.2242
162,50542.3,144,Patrol,-0.88,-0.588,-0.672,-0.0841
162,50551.6,108,SweepArea,-0.24,-0.037,-0.080,-0.0433
162,50553.5,144,HideSpotCheck,0.23,-0.157,-0.014,0.1434
162,50555.3,144,HideSpotCheck,0.23,-0.014,0.087,0.1007
162,50557.2,144,HideSpotCheck,0.23,0.087,0.157,0.0701
162,50559.3,144,HideSpotCheck,0.13,0.157,0.191,0.0336
162,50561.3,144,HideSpotCheck,0.03,0.191,0.194,0.0034
162,50563.2,144,HideSpotCheck,-0.07,0.194,0.168,-0.0261
162,50565.3,144,HideSpotCheck,-0.77,0.168,-0.068,-0.2364
162,50567.4,144,HideSpotCheck,-1.02,-0.068,-0.327,-0.2589
162,50569.3,144,HideSpotCheck,-1.27,-0.327,-0.583,-0.2557
162,50571.2,144,HideSpotCheck,-1.52,-0.583,-0.837,-0.2538
162,50616.3,144,Patrol,-0.93,-0.672,-0.746,-0.0741
162,50661.3,144,Patrol,-0.80,-0.746,-0.759,-0.0133
162,50689.7,144,Patrol,0.17,-0.759,-0.473,0.2864
162,50733.3,144,Patrol,-0.14,-0.473,-0.369,0.1042
162,50748.3,126,SweepArea,-0.30,-0.153,-0.183,-0.0304
162,50764.4,126,SweepArea,-0.31,-0.183,-0.212,-0.0289
162,50780.9,127,SweepArea,-0.16,-0.111,-0.117,-0.0062
162,50797.4,127,SweepArea,-0.42,-0.117,-0.197,-0.0802
162,50813.7,127,SweepArea,-0.51,-0.197,-0.282,-0.0850
163,50858.9,127,Patrol,-0.80,-0.338,-0.475,-0.1364
163,50898.7,144,Patrol,0.15,-0.369,-0.210,0.1590
163,50918.7,108,SweepArea,-0.35,-0.080,-0.150,-0.0704
163,50935.3,144,SweepArea,-0.02,-0.921,-0.637,0.2841
163,50945.0,126,SweepArea,-0.25,-0.212,-0.205,0.0078
163,50953.4,126,SweepArea,-0.18,-0.205,-0.179,0.0255
163,50962.2,126,SweepArea,-0.29,-0.179,-0.193,-0.0136
163,50971.3,126,SweepArea,-0.39,-0.193,-0.233,-0.0404
163,50980.5,126,SweepArea,-1.24,-0.233,-0.517,-0.2841
163,50989.6,126,SweepArea,-1.34,-0.517,-0.746,-0.2286
163,50998.3,126,SweepArea,-1.74,-0.746,-1.024,-0.2783
163,51027.5,126,Patrol,0.11,-0.755,-0.489,0.2655
163,51072.6,126,Patrol,-0.88,-0.489,-0.604,-0.1149
163,51088.4,144,Patrol,0.84,-0.210,0.119,0.3285
163,51091.1,144,Patrol,-0.66,0.119,-0.106,-0.2243
163,51104.8,67,SweepArea,-0.29,0.074,-0.027,-0.1006
163,51133.8,145,Patrol,-0.19,-0.573,-0.431,0.1425
163,51134.1,131,HideSpotCheck,-0.50,0.409,0.257,-0.1520
163,51134.4,131,HideSpotCheck,-0.50,0.257,0.106,-0.1511
163,51134.8,131,HideSpotCheck,-0.50,0.106,-0.045,-0.1505
163,51135.0,131,HideSpotCheck,-0.60,-0.045,-0.186,-0.1417
163,51150.3,131,AmbushHotChoke,-0.64,-0.116,-0.265,-0.1494
163,51195.3,145,Patrol,-0.70,-0.431,-0.511,-0.0800
163,51199.8,75,InvestigateLastHeard,0.14,0.069,0.102,0.0331
163,51209.5,151,AmbushHotChoke,-0.25,-0.029,0.187,0.2157
163,51217.0,129,HeatSweep,0.15,1.539,1.138,-0.4016
163,51224.0,137,AmbushHotChoke,-0.22,0.006,-0.034,-0.0406
163,51228.3,111,HideSpotCheck,-5.00,0.130,-1.409,-1.5389
164,51239.1,111,HideSpotCheck,-0.50,-1.409,-1.123,0.2861
164,51278.6,144,Patrol,0.15,-0.106,-0.024,0.0812
164,51292.2,108,SweepArea,-0.29,-0.150,-0.177,-0.0261
164,51337.5,126,Patrol,-0.77,-0.604,-0.650,-0.0457
164,51382.6,126,Patrol,-0.89,-0.650,-0.719,-0.0691
164,51398.1,108,SweepArea,-0.30,-0.177,-0.202,-0.0258
164,51413.8,108,SweepArea,-0.15,-0.202,-0.175,0.0269
164,51430.1,108,SweepArea,-0.31,-0.175,-0.205,-0.0293
164,51447.1,108,SweepArea,-0.42,-0.205,-0.257,-0.0521
164,51492.8,126,Patrol,-0.66,-0.719,-0.680,0.0392
164,51502.4,82,HeatSweep,0.05,0.715,0.535,-0.1800
164,51547.5,144,Patrol,-0.80,-0.024,-0.254,-0.2299
164,51584.7,144,Patrol,0.16,-0.254,-0.044,0.2101
164,51594.9,152,HeatSweep,0.05,1.922,1.377,-0.5452
164,51608.9,146,HeatSweep,-0.29,-0.002,0.113,0.1149
164,51622.9,152,HeatSweep,-0.02,1.377,0.975,-0.4015
164,51638.8,146,SweepArea,-0.12,-0.094,0.029,0.1233
164,51653.8,152,HeatSweep,-0.65,0.975,0.623,-0.3520
164,51662.2,152,HeatSweep,0.07,0.623,0.475,-0.1481
164,51689.9,144,Patrol,0.02,-0.044,0.010,0.0546
164,51699.4,152,HeatSweep,-0.24,0.475,0.277,-0.1977
164,51727.1,144,Patrol,0.02,0.010,0.034,0.0232
164,51770.7,152,Patrol,-0.05,-0.246,-0.179,0.0669
164,51784.9,152,HeatSweep,0.01,0.277,0.212,-0.0647
164,51799.6,146,HeatSweep,0.00,0.113,0.107,-0.0053
164,51813.4,152,HeatSweep,-0.29,0.212,0.078,-0.1341
164,51822.6,146,HeatSweep,-0.04,0.107,0.082,-0.0250
164,51831.6,146,HeatSweep,-0.21,0.082,0.014,-0.0684
164,51833.5,146,SweepArea,10.00,0.029,3.020,2.9913
165,51856.7,146,SweepArea,-0.60,3.020,1.942,-1.0781
166,51864.0,144,Patrol,1.08,0.034,0.365,0.3310
166,51864.3,144,Patrol,-0.54,0.365,0.194,-0.1707
166,51866.7,74,InvestigateLastHeard,0.13,0.496,0.405,-0.0918
166,51871.8,90,SweepArea,-0.20,-0.093,-0.080,0.0123
166,51912.9,144,Patrol,-0.01,0.194,0.136,-0.0582
166,51926.7,108,HideSpotCheck,0.11,-0.255,-0.131,0.1240
166,51937.6,108,HideSpotCheck,0.14,-0.131,-0.033,0.0979
166,51946.2,108,HideSpotCheck,0.32,-0.033,0.091,0.1241
166,51946.6,108,HideSpotCheck,0.90,0.091,0.359,0.2681
166,51946.9,108,HideSpotCheck,0.80,0.359,0.518,0.1592
166,51949.8,108,HideSpotCheck,0.81,0.518,0.630,0.1117
166,51950.1,108,HideSpotCheck,-0.04,0.630,0.452,-0.1782
166,51950.4,108,HideSpotCheck,-0.29,0.452,0.248,-0.2039
166,51950.8,108,HideSpotCheck,-0.55,0.248,0.029,-0.2191
166,51951.1,108,HideSpotCheck,-0.80,0.029,-0.201,-0.2296
166,51951.4,108,HideSpotCheck,-1.05,-0.201,-0.438,-0.2369
166,51951.7,108,HideSpotCheck,-1.30,-0.438,-0.680,-0.2421
166,51952.0,108,HideSpotCheck,-1.56,-0.680,-0.926,-0.2456
166,51952.3,108,HideSpotCheck,-1.81,-0.926,-1.174,-0.2482
166,51952.7,108,HideSpotCheck,-2.06,-1.174,-1.424,-0.2502
166,51953.0,108,HideSpotCheck,-2.32,-1.424,-1.675,-0.2513
166,51953.3,108,HideSpotCheck,-2.57,-1.675,-1.927,-0.2521
166,51953.6,108,HideSpotCheck,-2.82,-1.927,-2.180,-0.2526
166,51953.9,108,HideSpotCheck,-3.08,-2.180,-2.433,-0.2530
166,51954.2,108,HideSpotCheck,-3.33,-2.433,-2.686,-0.2533
166,51954.5,108,HideSpotCheck,-3.58,-2.686,-2.940,-0.2534
166,51954.8,108,HideSpotCheck,-3.84,-2.940,-3.193,-0.2535
166,51955.1,108,HideSpotCheck,-4.09,-3.193,-3.447,-0.2536
166,51955.4,108,HideSpotCheck,-4.34,-3.447,-3.701,-0.2536
166,51955.8,108,HideSpotCheck,-4.60,-3.701,-3.954,-0.2539
166,51956.1,108,HideSpotCheck,-4.85,-3.954,-4.208,-0.2539
166,51956.4,108,HideSpotCheck,-5.10,-4.208,-4.462,-0.2539
166,51956.7,108,HideSpotCheck,-5.15,-4.462,-4.656,-0.1938
166,51957.0,108,HideSpotCheck,-5.41,-4.656,-4.868,-0.2119
166,51957.3,108,HideSpotCheck,-5.66,-4.868,-5.092,-0.2245
166,51957.6,108,HideSpotCheck,-5.91,-5.092,-5.326,-0.2332
166,51957.9,108,HideSpotCheck,-6.17,-5.326,-5.565,-0.2394
166,51958.3,108,HideSpotCheck,-6.42,-5.565,-5.809,-0.2437
166,51958.6,108,HideSpotCheck,-6.67,-5.809,-6.055,-0.2467
166,51958.9,108,HideSpotCheck,-6.93,-6.055,-6.304,-0.2491
166,51959.3,108,HideSpotCheck,-7.18,-6.304,-6.555,-0.2505
166,51959.6,108,HideSpotCheck,-7.43,-6.555,-6.806,-0.2515
166,51959.9,108,HideSpotCheck,-7.69,-6.806,-7.059,-0.2521
166,51960.2,108,HideSpotCheck,-7.94,-7.059,-7.311,-0.2526
166,51960.5,108,HideSpotCheck,-8.19,-7.311,-7.564,-0.2529
166,51960.8,108,HideSpotCheck,-8.45,-7.564,-7.817,-0.2531
166,51961.1,108,HideSpotCheck,-8.70,-7.817,-8.070,-0.2532
166,51961.4,108,HideSpotCheck,-8.95,-8.070,-8.324,-0.2533
166,51961.7,108,HideSpotCheck,10.00,-8.324,-2.826,5.4973
167,51961.7,108,HideSpotCheck,-0.30,-2.826,-1.828,0.9980
167,51962.1,120,HideSpotCheck,1.20,1.777,1.627,-0.1500
167,51962.4,120,HideSpotCheck,1.20,1.627,1.522,-0.1053
167,51962.7,120,HideSpotCheck,1.10,1.522,1.418,-0.1041
167,51963.0,120,HideSpotCheck,0.99,1.418,1.311,-0.1070
167,51963.3,120,HideSpotCheck,-0.67,1.311,0.738,-0.5731
167,51971.4,90,SweepArea,-0.23,-0.080,-0.098,-0.0181
167,52000.3,144,Patrol,0.11,0.136,0.137,0.0016
168,52045.6,144,Patrol,-0.80,0.137,-0.141,-0.2777
168,52090.6,144,Patrol,-0.72,-0.141,-0.313,-0.1720
168,52097.7,144,SweepArea,0.01,-0.637,-0.422,0.2149
168,52142.8,144,Patrol,-0.92,-0.313,-0.493,-0.1808
168,52151.5,144,SweepArea,-0.24,-0.422,-0.347,0.0748
168,52155.7,144,SweepArea,-0.19,-0.347,-0.277,0.0703
168,52159.4,144,SweepArea,-0.04,-0.277,-0.180,0.0964
168,52163.1,144,SweepArea,-0.14,-0.180,-0.143,0.0375
168,52167.0,144,SweepArea,-0.39,-0.143,-0.192,-0.0496
168,52171.0,144,SweepArea,-0.34,-0.192,-0.212,-0.0201
168,52174.8,144,SweepArea,-1.04,-0.212,-0.435,-0.2229
168,52179.1,144,SweepArea,-1.44,-0.435,-0.714,-0.2789
168,52224.2,144,Patrol,-0.92,-0.493,-0.619,-0.1260
168,52269.2,144,Patrol,-0.80,-0.619,-0.672,-0.0528
168,52297.3,145,Patrol,0.16,-0.511,-0.304,0.2074
168,52302.5,127,SweepArea,-0.03,-0.282,-0.191,0.0915
168,52309.5,127,SweepArea,-0.22,-0.191,-0.184,0.0064
168,52316.3,127,SweepArea,-0.22,-0.184,-0.179,0.0052
168,52322.8,127,SweepArea,-0.31,-0.179,-0.204,-0.0248
168,52328.8,127,SweepArea,-0.26,-0.204,-0.204,-0.0003
168,52349.8,127,SweepArea,-0.36,-0.204,-0.243,-0.0393
168,52355.0,127,SweepArea,-1.05,-0.243,-0.468,-0.2248
168,52359.6,127,SweepArea,-1.30,-0.468,-0.699,-0.2310
168,52404.8,127,Patrol,-0.71,-0.475,-0.544,-0.0689
168,52419.5,109,SweepArea,-0.30,-0.944,-0.748,0.1967
169,52464.5,109,Patrol,-0.80,-0.745,-0.758,-0.0137
169,52493.1,126,Patrol,0.99,-0.680,-0.173,0.5062
169,52498.1,126,Patrol,-0.83,-0.173,-0.340,-0.1669
169,52506.3,82,HeatSweep,0.07,0.535,0.414,-0.1213
169,52519.2,136,HeatSweep,0.02,0.073,0.071,-0.0021
169,52522.6,130,AmbushHotChoke,-0.18,0.024,-0.016,-0.0404
169,52536.4,130,HeatSweep,-0.29,-0.170,-0.192,-0.0226
169,52549.5,136,HeatSweep,-0.06,0.071,0.046,-0.0252
169,52562.8,130,AmbushHotChoke,-0.08,-0.016,-0.022,-0.0060
169,52575.2,136,AmbushHotChoke,0.03,0.064,0.360,0.2969
169,52589.7,146,SweepArea,0.01,1.942,1.374,-0.5686
169,52604.9,130,AmbushHotChoke,-0.34,-0.022,-0.106,-0.0842
169,52609.3,68,InvestigateLastHeard,-0.01,0.075,0.066,-0.0087
169,52611.8,68,InvestigateLastHeard,-0.18,0.066,0.195,0.1288
169,52617.4,122,AmbushHotChoke,-0.21,0.008,0.116,0.1082
169,52631.6,122,SweepArea,-0.29,0.765,0.559,-0.2060
169,52646.7,122,HeatSweep,-0.65,0.677,0.329,-0.3484
169,52665.7,136,SweepArea,-0.34,-0.112,-0.171,-0.0583
169,52680.8,130,AmbushHotChoke,-0.51,-0.106,-0.179,-0.0728
169,52688.1,136,AmbushHotChoke,-0.01,0.360,0.363,0.0024
169,52701.3,122,SweepArea,-0.28,0.559,0.392,-0.1670
169,52717.2,122,SweepArea,-0.16,0.392,0.279,-0.1126
169,52732.3,122,HeatSweep,-0.65,0.329,0.085,-0.2439
169,52745.1,136,AmbushHotChoke,-0.01,0.363,0.294,-0.0692
169,52758.4,122,SweepArea,-0.28,0.279,0.123,-0.1561
169,52764.0,116,AmbushHotChoke,0.00,-0.120,-0.067,0.0530
169,52809.0,116,Patrol,-0.80,-0.210,-0.384,-0.1742
169,52830.8,144,SweepArea,-0.19,-0.714,-0.547,0.1666
169,52837.1,116,AmbushHotChoke,-0.01,-0.067,-0.033,0.0344
169,52840.9,116,AmbushHotChoke,-0.19,-0.033,-0.059,-0.0264
169,52844.6,116,AmbushHotChoke,-0.19,-0.059,-0.077,-0.0180
169,52847.0,116,AmbushHotChoke,-0.27,-0.077,-0.115,-0.0375
169,52851.3,116,AmbushHotChoke,-0.39,-0.115,-0.178,-0.0639
169,52864.2,116,HideSpotCheck,0.12,-0.168,-0.041,0.1265
169,52879.3,117,HideSpotCheck,-0.63,-0.366,-0.409,-0.0427
169,52894.3,117,HeatSweep,-0.50,0.259,0.038,-0.2207
169,52931.1,145,Patrol,-0.27,-0.304,-0.291,0.0121
169,52943.8,135,HideSpotCheck,0.12,-0.380,-0.224,0.1560
169,52959.0,135,HideSpotCheck,-0.63,-0.224,-0.341,-0.1164
169,52963.8,135,HideSpotCheck,-5.00,-0.341,-1.738,-1.3978
170,52974.1,135,HideSpotCheck,-0.50,-1.738,-1.354,0.3849
170,53016.8,126,Patrol,0.06,-0.340,-0.216,0.1241
170,53021.5,114,AmbushHotChoke,-0.20,-0.130,-0.129,0.0013
170,53025.1,114,AmbushHotChoke,-0.19,-0.129,-0.124,0.0052
170,53030.6,114,AmbushHotChoke,10.00,-0.124,2.914,3.0379
171,53032.1,114,AmbushHotChoke,0.08,2.914,2.079,-0.8352
171,53045.4,90,SweepArea,0.02,-0.098,-0.049,0.0496
171,53052.4,144,SweepArea,-0.22,-0.547,-0.429,0.1189
171,53097.6,126,Patrol,-0.71,-0.216,-0.363,-0.1466
171,53103.8,108,SweepArea,10.00,-0.257,2.821,3.0777
172,53122.9,108,SweepArea,-0.60,2.821,1.802,-1.0188
172,53126.3,126,Patrol,1.21,-0.363,0.132,0.4947
172,53126.9,126,Patrol,-0.53,0.132,-0.055,-0.1869
172,53132.0,62,InvestigateLastHeard,-0.01,0.013,0.047,0.0340
172,53142.4,128,HeatSweep,0.05,0.179,0.156,-0.0226
172,53160.9,144,SweepArea,-0.02,-0.429,-0.295,0.1335
172,53170.0,144,SweepArea,-0.24,-0.295,-0.260,0.0348
172,53179.0,144,SweepArea,-0.09,-0.260,-0.191,0.0698
172,53188.2,144,SweepArea,-0.19,-0.191,-0.172,0.0184
172,53197.1,144,SweepArea,-0.44,-0.172,-0.234,-0.0615
172,53206.0,144,SweepArea,-0.39,-0.234,-0.261,-0.0277
172,53214.5,144,SweepArea,-1.23,-0.261,-0.534,-0.2729
172,53223.4,144,SweepArea,-1.34,-0.534,-0.757,-0.2226
172,53253.1,144,Patrol,-0.03,-0.672,-0.474,0.1980
172,53298.1,126,Patrol,-0.02,-0.055,-0.043,0.0122
172,53337.3,126,Patrol,0.01,-0.043,-0.024,0.0192
172,53382.3,144,Patrol,-0.90,-0.474,-0.599,-0.1248
172,53427.6,144,Patrol,-1.09,-0.599,-0.745,-0.1460
172,53462.1,145,Patrol,-0.29,-0.291,-0.288,0.0032
172,53475.7,115,AmbushHotChoke,-0.29,-0.157,-0.188,-0.0308
172,53520.7,145,Patrol,-0.85,-0.288,-0.453,-0.1651
172,53532.6,115,AmbushHotChoke,-0.27,-0.188,-0.204,-0.0156
173,53572.4,145,Patrol,0.00,-0.453,-0.313,0.1402
173,53603.5,144,Patrol,0.13,-0.745,-0.476,0.2688
173,53648.4,126,Patrol,-0.15,-0.024,-0.058,-0.0347
174,53687.6,144,Patrol,0.01,-0.476,-0.258,0.2179
174,53712.3,108,SweepArea,-0.40,1.802,1.151,-0.6514
174,53757.4,126,Patrol,-0.72,-0.058,-0.253,-0.1946
174,53802.4,126,Patrol,-0.90,-0.253,-0.412,-0.1588
174,53804.8,108,SweepArea,1.00,1.151,1.130,-0.0212
174,53808.2,108,SweepArea,-0.56,1.130,0.653,-0.4770
174,53813.4,86,InvestigateLastHeard,0.14,0.131,0.200,0.0694
174,53820.0,136,AmbushHotChoke,-0.22,0.294,0.155,-0.1385
174,53833.5,140,HideSpotCheck,0.28,0.030,0.123,0.0931
174,53850.1,122,SweepArea,-0.16,0.123,0.053,-0.0703
174,53866.8,122,SweepArea,-0.16,0.053,-0.001,-0.0546
174,53881.9,116,HideSpotCheck,-0.63,-0.041,-0.207,-0.1657
174,53887.6,116,AmbushHotChoke,10.00,-0.178,2.875,3.0535
175,53891.0,116,AmbushHotChoke,0.06,2.875,2.049,-0.8263
175,53922.1,144,Patrol,0.09,-0.258,-0.148,0.1099
176,53967.2,144,Patrol,-0.80,-0.148,-0.341,-0.1926
176,54012.2,144,Patrol,-0.80,-0.341,-0.476,-0.1349
176,54043.2,126,Patrol,0.00,-0.412,-0.282,0.1303
176,54088.1,126,Patrol,-0.18,-0.282,-0.248,0.0333
176,54127.5,144,Patrol,-0.15,-0.476,-0.352,0.1238
176,54140.1,108,SweepArea,-0.28,0.653,0.390,-0.2628
177,54184.2,144,Patrol,-0.04,-0.352,-0.257,0.0954
177,54190.3,90,SweepArea,-0.21,-0.049,-0.075,-0.0268
177,54231.4,144,Patrol,-0.01,-0.257,-0.179,0.0773
177,54276.5,144,Patrol,-0.80,-0.179,-0.362,-0.1822
177,54321.6,144,Patrol,-0.92,-0.362,-0.525,-0.1638
177,54331.4,144,Patrol,0.80,-0.525,-0.112,0.4138
177,54331.8,144,Patrol,-0.68,-0.112,-0.268,-0.1563
177,54344.6,90,SweepArea,0.04,-0.075,0.283,0.3586
177,54353.6,114,AmbushHotChoke,-0.24,2.079,1.402,-0.6770
177,54392.6,144,Patrol,-0.29,-0.268,-0.270,-0.0024
177,54437.8,126,Patrol,-0.88,-0.248,-0.436,-0.1881
177,54482.8,144,Patrol,-0.95,-0.270,-0.470,-0.1995
177,54494.7,128,HeatSweep,0.14,0.156,0.167,0.0104
177,54533.8,144,Patrol,-0.29,-0.470,-0.412,0.0576
177,54564.9,144,Patrol,0.11,-0.412,-0.247,0.1655
177,54578.4,128,HeatSweep,0.16,0.167,0.189,0.0218
177,54591.0,128,HeatSweep,0.07,0.189,0.169,-0.0198
177,54636.1,144,Patrol,-0.95,-0.247,-0.457,-0.2099
177,54681.3,145,Patrol,-0.77,-0.313,-0.449,-0.1358
177,54711.8,145,Patrol,0.10,-0.449,-0.282,0.1664
177,54755.6,145,Patrol,-0.16,-0.282,-0.243,0.0391
177,54800.7,145,Patrol,-1.15,-0.243,-0.514,-0.2710
178,54846.0,145,Patrol,-0.80,-0.514,-0.598,-0.0835
178,54891.2,126,Patrol,-0.68,-0.436,-0.506,-0.0692
178,54936.4,144,Patrol,-0.90,-0.457,-0.588,-0.1308
178,54964.9,126,Patrol,-0.08,-0.506,-0.372,0.1331
178,55009.8,126,Patrol,-0.28,-0.372,-0.342,0.0305
178,55024.7,144,SweepArea,-0.30,-0.757,-0.606,0.1512
178,55053.8,126,Patrol,-0.19,-0.342,-0.290,0.0520
178,55082.5,126,Patrol,0.07,-0.290,-0.175,0.1150
178,55121.4,144,Patrol,0.01,-0.588,-0.401,0.1866
178,55134.4,128,HeatSweep,0.04,0.169,0.144,-0.0247
178,55169.8,144,Patrol,-0.25,-0.401,-0.302,0.0993
178,55182.4,129,HeatSweep,-0.11,1.138,0.771,-0.3663
178,55217.3,145,Patrol,-0.25,-0.598,-0.455,0.1430
178,55231.3,129,HeatSweep,0.09,0.771,0.680,-0.0909
178,55240.9,129,HeatSweep,-0.05,0.680,0.471,-0.2099
178,55246.1,121,SweepArea,-0.20,0.029,-0.029,-0.0587
178,55261.3,121,AmbushHotChoke,-0.65,0.001,-0.193,-0.1941
178,55275.9,147,HeatSweep,-0.30,-0.088,-0.143,-0.0551
178,55310.4,145,Patrol,-0.03,-0.455,-0.328,0.1273
178,55322.8,147,HeatSweep,-0.27,-0.143,-0.174,-0.0312
178,55358.0,145,Patrol,-0.04,-0.328,-0.240,0.0874
178,55359.3,147,HeatSweep,-5.00,-0.174,-1.622,-1.4478
179,55373.1,147,HeatSweep,-0.50,-1.622,-1.272,0.3498
179,55413.1,144,Patrol,0.10,-0.302,-0.177,0.1247
179,55458.2,144,Patrol,-0.80,-0.177,-0.361,-0.1845
179,55503.4,144,Patrol,-0.93,-0.361,-0.528,-0.1663
179,55545.7,144,Patrol,-0.17,-0.528,-0.417,0.1111
179,55591.0,126,Patrol,-1.15,-0.175,-0.465,-0.2899
179,55636.2,144,Patrol,-1.25,-0.417,-0.664,-0.2478
179,55645.2,144,SweepArea,-0.09,-0.606,-0.432,0.1737
179,55660.9,144,SweepArea,-0.01,-0.432,-0.291,0.1405
179,55690.6,126,Patrol,0.10,-0.465,-0.288,0.1769
179,55728.9,126,Patrol,0.01,-0.288,-0.195,0.0926
179,55744.1,153,AmbushHotChoke,-0.65,-0.114,-0.273,-0.1595
179,55746.8,147,AmbushHotChoke,-0.18,-0.315,-0.270,0.0448
179,55750.1,147,AmbushHotChoke,-0.18,-0.270,-0.240,0.0298
179,55752.7,147,AmbushHotChoke,-0.28,-0.240,-0.247,-0.0071
179,55756.9,147,AmbushHotChoke,-0.39,-0.247,-0.287,-0.0400
179,55761.4,147,AmbushHotChoke,-0.49,-0.287,-0.346,-0.0589
179,55774.5,147,HeatSweep,0.02,-1.272,-0.877,0.3953
179,55774.8,145,HideSpotCheck,-0.50,-1.062,-0.878,0.1837
180,55819.9,145,Patrol,-0.80,-0.240,-0.406,-0.1655
180,55820.2,126,HideSpotCheck,-0.50,-0.812,-0.689,0.1227
180,55865.4,126,Patrol,-0.73,-0.195,-0.353,-0.1572
180,55879.3,144,SweepArea,0.09,-0.291,-0.164,0.1277
180,55904.5,144,SweepArea,-0.60,-0.164,-0.287,-0.1233
180,55909.1,144,SweepArea,-0.20,-0.287,-0.236,0.0507
180,55914.1,144,SweepArea,-0.30,-0.236,-0.232,0.0037
180,55919.3,144,SweepArea,-0.40,-0.232,-0.260,-0.0280
180,55944.5,144,SweepArea,-0.66,-0.260,-0.267,-0.0064
180,55947.9,114,AmbushHotChoke,-0.18,1.402,1.280,-0.1216
180,55962.0,114,HeatSweep,-0.14,-0.214,-0.169,0.0446
180,55968.0,128,HeatSweep,-0.21,0.144,0.341,0.1964
180,55975.8,146,SweepArea,-0.23,1.374,0.962,-0.4116
180,55984.2,128,HeatSweep,0.12,0.341,0.340,-0.0004
180,55993.1,128,HeatSweep,-0.24,0.340,0.231,-0.1089
180,56002.1,128,HeatSweep,-0.01,0.231,0.204,-0.0273
180,56011.0,128,HeatSweep,-0.34,0.204,0.080,-0.1242
180,56020.2,128,HeatSweep,-0.21,0.080,0.008,-0.0713
180,56029.2,128,HeatSweep,-0.54,0.008,-0.143,-0.1511
180,56038.3,128,HeatSweep,-1.01,-0.143,-0.389,-0.2463
180,56053.3,128,AmbushHotChoke,-0.48,-0.293,-0.340,-0.0476
180,56057.7,128,AmbushHotChoke,-0.19,-0.340,-0.279,0.0609
180,56060.3,128,AmbushHotChoke,-0.18,-0.279,-0.230,0.0495
180,56062.7,128,AmbushHotChoke,-0.27,-0.230,-0.225,0.0052
180,56065.3,128,AmbushHotChoke,-0.38,-0.225,-0.251,-0.0269
180,56078.3,128,HideSpotCheck,0.12,-0.376,-0.216,0.1598
180,56093.5,128,HideSpotCheck,-0.56,-0.216,-0.311,-0.0943
180,56108.7,110,HideSpotCheck,-0.65,-0.133,-0.279,-0.1458
180,56115.4,128,AmbushHotChoke,-0.02,-0.251,-0.166,0.0856
180,56119.4,128,AmbushHotChoke,-0.19,-0.166,-0.156,0.0099
180,56123.9,128,AmbushHotChoke,-0.19,-0.156,-0.151,0.0052
180,56127.0,128,AmbushHotChoke,-0.28,-0.151,-0.172,-0.0212
180,56130.8,128,AmbushHotChoke,-0.39,-0.172,-0.219,-0.0474
180,56175.9,128,Patrol,-0.80,-0.753,-0.764,-0.0114
180,56177.4,144,SweepArea,-0.01,-0.267,-0.163,0.1038
180,56178.7,144,SweepArea,-0.01,-0.163,-0.090,0.0733
180,56180.2,144,SweepArea,-0.16,-0.090,-0.085,0.0049
180,56181.6,144,SweepArea,-0.26,-0.085,-0.111,-0.0261
180,56183.1,144,SweepArea,-0.36,-0.111,-0.160,-0.0487
180,56184.6,144,SweepArea,-0.47,-0.160,-0.224,-0.0646
180,56208.8,144,SweepArea,-1.08,-0.224,-0.477,-0.2525
180,56253.3,145,Patrol,-0.35,-0.406,-0.373,0.0325
180,56262.2,129,HeatSweep,0.00,0.471,0.417,-0.0531
180,56265.0,129,HeatSweep,10.00,0.417,3.292,2.8748
181,56265.3,129,HeatSweep,1.12,3.292,2.663,-0.6292
181,56265.7,129,HeatSweep,-0.42,2.663,1.808,-0.8552
181,56280.7,57,AmbushHotChoke,-0.50,0.283,0.062,-0.2212
181,56288.5,144,SweepArea,-0.23,-0.477,-0.382,0.0944
181,56297.0,144,SweepArea,-0.23,-0.382,-0.319,0.0636
181,56306.4,144,SweepArea,-0.24,-0.319,-0.278,0.0405
181,56315.7,144,SweepArea,-0.15,-0.278,-0.220,0.0577
181,56325.7,126,HideSpotCheck,0.30,-0.689,-0.374,0.3148
181,56354.4,126,Patrol,0.11,-0.353,-0.206,0.1464
181,56354.7,126,HideSpotCheck,-0.50,-0.374,-0.383,-0.0086
181,56399.2,126,Patrol,0.77,-0.206,0.090,0.2961
181,56399.5,126,Patrol,-0.84,0.090,-0.187,-0.2769
181,56403.1,73,HideSpotCheck,0.21,0.071,0.135,0.0642
181,56405.1,73,HideSpotCheck,0.23,0.135,0.183,0.0483
181,56446.4,127,Patrol,-0.01,-0.544,-0.382,0.1613
181,56491.6,145,Patrol,-0.73,-0.373,-0.479,-0.1057
181,56500.4,115,AmbushHotChoke,-5.00,-0.204,-1.643,-1.4388
182,56506.8,115,AmbushHotChoke,-0.50,-1.643,-1.287,0.3557
182,56552.0,126,Patrol,-0.71,-0.187,-0.340,-0.1525
182,56566.5,144,SweepArea,0.01,-0.220,-0.139,0.0818
182,56575.1,144,SweepArea,-0.08,-0.139,-0.103,0.0352
182,56584.0,144,SweepArea,-0.09,-0.103,-0.080,0.0234
182,56593.1,144,SweepArea,-0.34,-0.080,-0.140,-0.0596
182,56602.1,144,SweepArea,-0.29,-0.140,-0.165,-0.0257
182,56611.1,144,SweepArea,-0.54,-0.165,-0.259,-0.0940
182,56620.2,144,SweepArea,-1.24,-0.259,-0.535,-0.2757
182,56629.1,144,SweepArea,-1.22,-0.535,-0.723,-0.1878
182,56658.1,126,Patrol,-0.19,-0.340,-0.288,0.0516
182,56703.3,126,Patrol,-0.88,-0.288,-0.464,-0.1764
182,56742.4,145,Patrol,0.16,-0.479,-0.288,0.1912
182,56755.7,109,SweepArea,-0.28,-0.748,-0.597,0.1507
182,56800.8,127,Patrol,-0.66,-0.382,-0.465,-0.0825
182,56804.7,109,SweepArea,-0.19,-0.597,-0.462,0.1348
183,56849.9,145,Patrol,-0.80,-0.288,-0.439,-0.1515
183,56895.1,144,Patrol,-0.80,-0.664,-0.703,-0.0383
183,56902.2,126,HideSpotCheck,0.36,-0.383,-0.139,0.2441
183,56912.5,126,HideSpotCheck,0.15,-0.139,-0.036,0.1030
183,56919.4,126,HideSpotCheck,0.18,-0.036,0.050,0.0859
183,56926.6,126,HideSpotCheck,0.28,0.050,0.140,0.0897
183,56936.4,126,HideSpotCheck,-0.05,0.140,0.109,-0.0310
184,56981.4,126,Patrol,-0.80,-0.464,-0.562,-0.0977
184,57026.4,144,Patrol,-0.70,-0.703,-0.699,0.0038
184,57071.5,144,Patrol,-0.97,-0.699,-0.768,-0.0693
184,57086.9,108,SweepArea,-0.30,0.390,0.235,-0.1547
184,57103.3,108,SweepArea,-0.31,0.235,0.101,-0.1343
184,57128.5,108,SweepArea,-0.60,0.101,-0.101,-0.2019
184,57137.1,126,HideSpotCheck,0.32,0.109,0.194,0.0849
184,57147.0,126,HideSpotCheck,0.30,0.194,0.261,0.0677
184,57157.0,126,HideSpotCheck,0.15,0.261,0.275,0.0139
184,57166.9,126,HideSpotCheck,0.05,0.275,0.258,-0.0176
184,57177.0,126,HideSpotCheck,-0.05,0.258,0.211,-0.0468
184,57187.0,126,HideSpotCheck,0.00,0.211,0.186,-0.0250
184,57196.6,126,HideSpotCheck,-0.70,0.186,-0.045,-0.2304
184,57206.8,126,HideSpotCheck,-1.10,-0.045,-0.344,-0.2994
184,57216.5,126,HideSpotCheck,-1.20,-0.344,-0.582,-0.2379
184,57245.6,126,Patrol,0.11,-0.562,-0.356,0.2064
184,57290.9,127,Patrol,-0.73,-0.465,-0.544,-0.0792
184,57307.1,145,Patrol,0.84,-0.439,-0.043,0.3958
184,57309.5,145,Patrol,-0.64,-0.043,-0.213,-0.1693
184,57334.6,61,SweepArea,-0.75,0.091,-0.157,-0.2486
184,57379.6,145,Patrol,-0.80,-0.213,-0.387,-0.1747
184,57379.9,145,HideSpotCheck,-0.50,-0.878,-0.749,0.1294
184,57425.0,145,Patrol,-0.86,-0.387,-0.527,-0.1394
184,57455.3,145,Patrol,-0.20,-0.527,-0.316,0.2113
184,57458.8,129,HeatSweep,-0.18,1.808,1.665,-0.1427
184,57462.1,129,HeatSweep,-0.18,1.665,1.531,-0.1341
184,57465.6,129,HeatSweep,-0.18,1.531,1.402,-0.1294
184,57468.9,129,HeatSweep,-0.28,1.402,1.251,-0.1506
184,57472.4,129,HeatSweep,-0.39,1.251,1.073,-0.1775
184,57475.8,129,HeatSweep,-0.48,1.073,0.877,-0.1968
184,57479.2,129,HeatSweep,-1.18,0.877,0.480,-0.3968
184,57482.6,129,HeatSweep,-1.43,0.480,0.026,-0.4538
184,57486.0,129,HeatSweep,-1.68,0.026,-0.464,-0.4897
184,57486.3,129,HideSpotCheck,-0.50,-0.113,-0.202,-0.0888
184,57501.5,129,AmbushHotChoke,-0.64,-0.199,-0.323,-0.1239
184,57546.7,145,Patrol,-0.95,-0.316,-0.505,-0.1894
185,57591.9,145,Patrol,-0.80,-0.505,-0.591,-0.0860
185,57629.5,126,Patrol,0.16,-0.356,-0.145,0.2109
185,57637.1,114,AmbushHotChoke,0.07,1.280,0.932,-0.3479
185,57641.1,128,AmbushHotChoke,-0.19,-0.219,-0.193,0.0260
185,57643.6,128,AmbushHotChoke,-0.18,-0.193,-0.169,0.0240
185,57648.1,128,AmbushHotChoke,10.00,-0.169,2.882,3.0512
186,57651.3,128,AmbushHotChoke,0.07,2.882,2.096,-0.7856
186,57659.7,90,SweepArea,0.07,0.283,0.237,-0.0457
186,57661.3,144,SweepArea,-0.17,-0.723,-0.528,0.1945
186,57662.8,144,SweepArea,-0.17,-0.528,-0.392,0.1363
186,57664.2,144,SweepArea,-0.26,-0.392,-0.326,0.0659
186,57665.5,144,SweepArea,-0.36,-0.326,-0.310,0.0166
186,57710.6,144,Patrol,-0.80,-0.768,-0.775,-0.0067
186,57718.3,144,SweepArea,-0.05,-0.310,-0.211,0.0985
186,57727.2,144,SweepArea,-0.24,-0.211,-0.201,0.0103
186,57736.3,144,SweepArea,-0.24,-0.201,-0.194,0.0063
186,57766.4,144,Patrol,0.18,-0.775,-0.481,0.2941
186,57776.4,144,SweepArea,10.00,-0.194,2.864,3.0584
187,57791.6,144,SweepArea,-0.60,2.864,1.833,-1.0314
187,57795.0,126,Patrol,1.16,-0.145,0.267,0.4116
187,57795.4,126,Patrol,-0.50,0.267,0.135,-0.1317
187,57808.6,74,AmbushHotChoke,0.02,-0.006,0.319,0.3257
187,57811.5,128,AmbushHotChoke,-0.18,2.096,1.956,-0.1402
187,57814.0,128,AmbushHotChoke,-0.18,1.956,1.833,-0.1231
187,57817.2,128,AmbushHotChoke,-0.10,1.833,1.721,-0.1123
187,57820.8,128,AmbushHotChoke,-0.39,1.721,1.517,-0.2034
187,57824.4,128,AmbushHotChoke,-0.49,1.517,1.295,-0.2227
187,57837.5,128,AmbushHotChoke,-0.98,1.295,0.893,-0.4019
187,57852.4,144,SweepArea,0.00,1.833,1.407,-0.4252
187,57867.5,128,AmbushHotChoke,-0.36,0.893,0.639,-0.2535
187,57883.7,128,SweepArea,0.00,-0.408,-0.165,0.2430
187,57890.7,114,AmbushHotChoke,-0.02,0.932,0.844,-0.0887
187,57894.8,114,AmbushHotChoke,-0.19,0.844,0.738,-0.1053
187,57898.5,114,AmbushHotChoke,-0.19,0.738,0.644,-0.0947
187,57902.2,114,AmbushHotChoke,-0.29,0.644,0.524,-0.1198
187,57904.6,114,AmbushHotChoke,-0.37,0.524,0.393,-0.1306
187,57907.1,114,AmbushHotChoke,-0.48,0.393,0.237,-0.1569
187,57909.8,114,AmbushHotChoke,-1.18,0.237,-0.125,-0.3621
187,57919.8,114,HeatSweep,-0.25,-0.169,-0.079,0.0905
187,57930.4,128,AmbushHotChoke,0.00,0.639,0.463,-0.1764
187,57940.0,114,HeatSweep,-0.25,-0.079,-0.044,0.0351
187,57950.1,128,AmbushHotChoke,0.00,0.463,0.341,-0.1218
187,57959.5,114,HeatSweep,-0.24,-0.044,-0.041,0.0030
187,57974.9,128,AmbushHotChoke,-0.43,0.341,0.118,-0.2232
187,57985.0,56,AmbushHotChoke,-0.25,0.041,0.126,0.0847
187,58009.1,146,SweepArea,-0.09,0.962,0.769,-0.1930
187,58034.3,144,SweepArea,-0.40,1.407,0.980,-0.4269
187,58034.6,144,HideSpotCheck,-0.50,-0.837,-0.446,0.3908
187,58059.6,144,SweepArea,-0.75,0.980,0.543,-0.4377
187,58104.8,144,Patrol,-0.74,-0.481,-0.543,-0.0621
187,58112.5,144,SweepArea,-0.23,0.543,0.421,-0.1219
187,58116.3,144,SweepArea,-0.19,0.421,0.342,-0.0784
187,58120.4,144,SweepArea,-0.19,0.342,0.266,-0.0769
187,58123.6,144,SweepArea,-0.28,0.266,0.169,-0.0967
187,58127.4,144,SweepArea,-0.24,0.169,0.089,-0.0800
187,58131.1,144,SweepArea,-0.49,0.089,-0.059,-0.1482
187,58135.0,144,SweepArea,-1.04,-0.059,-0.329,-0.2694
187,58138.8,144,SweepArea,-1.44,-0.329,-0.637,-0.3084
187,58140.7,144,HideSpotCheck,0.38,-0.446,-0.170,0.2757
187,58142.6,144,HideSpotCheck,0.23,-0.170,-0.023,0.1476
187,58144.5,144,HideSpotCheck,0.23,-0.023,0.080,0.1031
187,58146.5,144,HideSpotCheck,0.13,0.080,0.122,0.0417
187,58148.3,144,HideSpotCheck,0.03,0.122,0.128,0.0059
187,58193.5,144,Patrol,-0.89,-0.543,-0.646,-0.1027
187,58238.6,145,Patrol,-0.80,-0.591,-0.653,-0.0619
187,58269.8,145,Patrol,0.09,-0.653,-0.428,0.2253
187,58314.9,145,Patrol,-1.01,-0.428,-0.601,-0.1734
187,58318.8,129,HideSpotCheck,0.37,-0.202,-0.008,0.1942
187,58320.6,129,HideSpotCheck,0.23,-0.008,0.089,0.0971
187,58322.7,129,HideSpotCheck,0.23,0.089,0.156,0.0669
187,58324.7,129,HideSpotCheck,0.13,0.156,0.191,0.0344
187,58326.5,129,HideSpotCheck,0.03,0.191,0.195,0.0044
187,58328.5,129,HideSpotCheck,-0.07,0.195,0.168,-0.0265
187,58330.5,129,HideSpotCheck,-0.77,0.168,-0.068,-0.2364
187,58332.4,129,HideSpotCheck,-1.02,-0.068,-0.328,-0.2600
187,58337.3,129,AmbushHotChoke,-0.20,-0.323,-0.264,0.0586
187,58341.1,129,AmbushHotChoke,-0.19,-0.264,-0.218,0.0459
187,58350.5,129,HeatSweep,-0.24,-0.464,-0.388,0.0753
187,58381.7,145,Patrol,-0.21,-0.601,-0.481,0.1198
188,58426.7,145,Patrol,-0.80,-0.481,-0.573,-0.0919
188,58430.7,144,HideSpotCheck,0.40,0.128,0.241,0.1133
188,58432.5,144,HideSpotCheck,0.23,0.241,0.304,0.0630
188,58434.5,144,HideSpotCheck,0.23,0.304,0.365,0.0605
188,58436.5,144,HideSpotCheck,0.13,0.365,0.393,0.0278
188,58438.4,144,HideSpotCheck,0.03,0.393,0.391,-0.0012
188,58476.8,144,Patrol,0.12,-0.646,-0.414,0.2320
188,58479.1,60,InvestigateLastHeard,-0.17,-0.066,-0.074,-0.0083
188,58511.2,114,Patrol,0.08,-0.409,-0.257,0.1513
188,58516.5,130,SweepArea,-0.20,-0.159,-0.152,0.0070
188,58523.5,130,SweepArea,-0.22,-0.152,-0.154,-0.0023
188,58538.5,130,HeatSweep,-0.58,-0.192,-0.291,-0.0991
188,58544.2,122,AmbushHotChoke,-0.01,0.116,0.103,-0.0133
188,58548.4,122,AmbushHotChoke,-0.19,0.103,0.039,-0.0635
188,58562.7,122,HeatSweep,0.01,0.085,0.172,0.0873
188,58577.3,146,SweepArea,0.00,0.769,0.552,-0.2170
188,58586.1,130,SweepArea,-0.09,-0.154,-0.117,0.0366
188,58594.7,130,SweepArea,-0.09,-0.117,-0.091,0.0265
188,58599.4,130,HideSpotCheck,0.20,-0.179,-0.044,0.1357
188,58606.6,130,HideSpotCheck,0.52,-0.044,0.183,0.2272
188,58621.8,112,AmbushHotChoke,-0.50,0.280,0.067,-0.2131
188,58630.1,136,AmbushHotChoke,-0.01,0.155,0.138,-0.0166
188,58644.0,122,HeatSweep,-0.29,0.172,0.115,-0.0573
188,58658.3,146,SweepArea,-0.29,0.552,0.325,-0.2270
188,58668.1,130,HideSpotCheck,0.30,0.183,0.252,0.0689
188,58678.2,130,HideSpotCheck,0.30,0.252,0.312,0.0596
188,58688.3,130,HideSpotCheck,0.15,0.312,0.318,0.0065
188,58698.1,130,HideSpotCheck,0.05,0.318,0.296,-0.0220
188,58708.0,130,HideSpotCheck,0.10,0.296,0.292,-0.0048
188,58717.8,130,HideSpotCheck,-0.15,0.292,0.213,-0.0788
188,58727.5,130,HideSpotCheck,-0.70,0.213,-0.021,-0.2339
188,58737.7,130,HideSpotCheck,-1.10,-0.021,-0.330,-0.3086
188,58746.1,130,SweepArea,-0.23,-0.091,-0.117,-0.0259
188,58754.5,130,SweepArea,-0.08,-0.117,-0.090,0.0271
188,58762.7,130,SweepArea,-0.08,-0.090,-0.070,0.0199
188,58773.4,130,SweepArea,-0.21,-0.070,-0.095,-0.0257
188,58782.2,130,SweepArea,-0.44,-0.095,-0.182,-0.0863
188,58795.5,130,AmbushHotChoke,0.98,-0.179,0.184,0.3632
188,58796.9,130,AmbushHotChoke,-0.60,0.184,0.024,-0.1604
188,58797.2,82,HideSpotCheck,-0.50,0.533,0.381,-0.1515
188,58845.1,82,Patrol,-0.98,0.084,-0.232,-0.3161
188,58849.0,88,HideSpotCheck,0.21,0.100,0.157,0.0575
188,58850.9,88,HideSpotCheck,0.23,0.157,0.769,0.6118
188,58857.6,142,SweepArea,-0.22,2.158,1.903,-0.2546
188,58864.9,142,SweepArea,-0.22,1.903,1.659,-0.2440
188,58875.4,142,SweepArea,0.04,1.659,1.190,-0.4690
188,58890.6,130,AmbushHotChoke,-0.48,0.024,-0.059,-0.0825
188,58935.7,124,Patrol,-0.80,0.495,0.109,-0.3863
188,58943.5,130,AmbushHotChoke,-0.01,-0.059,-0.028,0.0311
188,58957.7,125,HeatSweep,-0.29,0.051,-0.041,-0.0922
188,58959.6,149,SweepArea,10.00,0.074,3.052,2.9779
189,58982.9,149,SweepArea,-0.60,3.052,1.988,-1.0639
189,58986.9,144,HideSpotCheck,0.38,0.391,0.483,0.0919
189,58988.8,144,HideSpotCheck,0.23,0.483,0.539,0.0556
189,58990.6,144,HideSpotCheck,0.23,0.539,0.594,0.0550
189,58992.6,144,HideSpotCheck,0.13,0.594,0.616,0.0219
189,58994.7,144,HideSpotCheck,0.03,0.616,0.606,-0.0098
189,58996.5,144,HideSpotCheck,-0.07,0.606,0.569,-0.0370
189,58998.4,144,HideSpotCheck,-0.77,0.569,0.322,-0.2465
189,59000.4,144,HideSpotCheck,-1.02,0.322,0.007,-0.3155
189,59002.5,144,HideSpotCheck,-1.27,0.007,-0.350,-0.3564
189,59004.4,144,HideSpotCheck,-1.52,-0.350,-0.674,-0.3242
189,59045.5,144,Patrol,-0.01,-0.414,-0.288,0.1257
189,59090.8,126,Patrol,-0.80,0.135,-0.143,-0.2784
189,59136.0,144,Patrol,-0.60,-0.288,-0.379,-0.0910
189,59163.8,126,Patrol,0.02,-0.143,-0.087,0.0568
189,59207.4,144,Patrol,-0.54,-0.379,-0.423,-0.0439
189,59252.5,126,Patrol,-1.25,-0.087,-0.433,-0.3464
189,59297.6,144,Patrol,-1.76,-0.423,-0.820,-0.3967
189,59326.1,126,Patrol,-1.44,-0.433,-0.727,-0.2938
189,59331.5,144,SweepArea,-0.20,-0.637,-0.485,0.1525
189,59338.1,144,SweepArea,-0.06,-0.485,-0.337,0.1474
189,59344.3,144,SweepArea,-0.21,-0.337,-0.278,0.0593
189,59350.7,144,SweepArea,-0.16,-0.278,-0.222,0.0558
189,59356.6,144,SweepArea,-0.26,-0.222,-0.211,0.0107
189,59363.1,144,SweepArea,-0.51,-0.211,-0.281,-0.0698
189,59369.7,144,SweepArea,-1.22,-0.281,-0.540,-0.2593
189,59376.7,144,SweepArea,-1.47,-0.540,-0.798,-0.2580
189,59378.5,144,HideSpotCheck,0.23,-0.674,-0.375,0.2986
189,59380.3,144,HideSpotCheck,0.23,-0.375,-0.166,0.2091
189,59382.3,144,HideSpotCheck,0.23,-0.166,-0.020,0.1457
189,59384.2,144,HideSpotCheck,0.13,-0.020,0.052,0.0724
189,59386.2,144,HideSpotCheck,0.03,0.052,0.072,0.0200
189,59388.3,144,HideSpotCheck,0.13,0.072,0.116,0.0440
189,59390.2,126,HideSpotCheck,-0.77,-0.582,-0.611,-0.0293
189,59392.1,126,HideSpotCheck,-1.02,-0.611,-0.707,-0.0957
189,59394.1,126,HideSpotCheck,-1.27,-0.707,-0.849,-0.1423
190,59428.8,126,Patrol,0.80,-0.727,-0.265,0.4623
190,59429.1,126,Patrol,0.80,-0.265,0.058,0.3226
190,59429.5,126,Patrol,-0.80,0.058,-0.189,-0.2468
190,59431.0,90,SweepArea,-0.16,0.237,0.183,-0.0547
190,59432.3,90,SweepArea,-0.16,0.183,0.130,-0.0526
190,59452.9,90,SweepArea,-0.06,0.130,0.085,-0.0455
190,59498.1,126,Patrol,-0.71,-0.189,-0.343,-0.1541
190,59513.5,108,SweepArea,-0.30,-0.101,-0.149,-0.0480
190,59530.2,108,SweepArea,-0.32,-0.149,-0.188,-0.0386
190,59546.3,108,SweepArea,-0.16,-0.188,-0.167,0.0210
190,59562.2,108,SweepArea,-0.41,-0.167,-0.227,-0.0599
190,59568.7,108,SweepArea,10.00,-0.227,2.841,3.0681
191,59569.6,108,SweepArea,1.08,2.841,2.329,-0.5119
191,59569.9,108,SweepArea,0.92,2.329,1.927,-0.4027
191,59570.2,108,SweepArea,-0.43,1.927,1.236,-0.6904
191,59574.1,90,SweepArea,-0.29,0.085,-0.006,-0.0911
191,59578.0,90,SweepArea,-0.39,-0.006,-0.093,-0.0864
191,59580.0,144,HideSpotCheck,0.23,0.116,0.182,0.0656
191,59583.0,144,HideSpotCheck,0.22,0.182,0.240,0.0583
191,59585.0,144,HideSpotCheck,0.23,0.240,0.302,0.0620
191,59586.8,144,HideSpotCheck,0.13,0.302,0.333,0.0315
191,59588.8,144,HideSpotCheck,0.03,0.333,0.333,-0.0006
191,59590.7,144,HideSpotCheck,-0.07,0.333,0.303,-0.0295
191,59592.5,144,HideSpotCheck,-0.77,0.303,0.064,-0.2388
191,59594.5,144,HideSpotCheck,-1.02,0.064,-0.234,-0.2983
191,59596.3,144,HideSpotCheck,-1.27,-0.234,-0.517,-0.2832
191,59598.2,144,HideSpotCheck,-1.52,-0.517,-0.791,-0.2739
191,59600.3,144,HideSpotCheck,-1.77,-0.791,-1.059,-0.2675
191,59604.5,144,SweepArea,-0.01,-0.798,-0.536,0.2620
191,59649.6,126,Patrol,-0.70,-0.343,-0.446,-0.1028
191,59658.4,144,SweepArea,-0.24,-0.536,-0.428,0.1085
191,59697.7,144,Patrol,-0.29,-0.820,-0.658,0.1619
191,59710.0,144,SweepArea,-0.03,-0.428,-0.293,0.1347
191,59714.0,144,SweepArea,-0.04,-0.293,-0.193,0.1005
191,59717.7,144,SweepArea,-0.19,-0.193,-0.167,0.0262
191,59722.1,144,SweepArea,-0.14,-0.167,-0.135,0.0311
191,59726.3,144,SweepArea,-0.39,-0.135,-0.189,-0.0533
191,59730.2,144,SweepArea,-0.49,-0.189,-0.254,-0.0656
191,59731.8,144,HideSpotCheck,10.00,-1.059,2.259,3.3176
192,59732.1,144,HideSpotCheck,0.53,2.259,2.355,0.0957
192,59734.0,144,HideSpotCheck,0.53,2.355,1.835,-0.5201
192,59762.8,126,Patrol,0.14,-0.446,-0.261,0.1852
192,59766.0,128,AmbushHotChoke,-0.18,0.118,0.058,-0.0599
192,59769.5,128,AmbushHotChoke,-0.19,0.058,0.003,-0.0554
192,59773.2,128,AmbushHotChoke,-0.19,0.003,-0.037,-0.0394
192,59776.0,128,AmbushHotChoke,-0.28,-0.037,-0.091,-0.0542
192,59780.4,128,AmbushHotChoke,-0.39,-0.091,-0.165,-0.0740
192,59794.5,128,SweepArea,0.01,-0.165,0.155,0.3198
192,59804.2,144,HideSpotCheck,0.31,1.835,1.712,-0.1231
192,59814.4,144,HideSpotCheck,0.30,1.712,1.592,-0.1198
192,59824.3,144,HideSpotCheck,0.30,1.592,1.493,-0.0992
192,59834.4,144,HideSpotCheck,0.20,1.493,1.371,-0.1219
192,59844.7,144,HideSpotCheck,-0.05,1.371,1.187,-0.1839
192,59854.7,144,HideSpotCheck,0.00,1.187,1.043,-0.1439
192,59863.9,144,SweepArea,-0.24,-0.254,-0.055,0.1994
192,59873.8,144,HideSpotCheck,0.30,1.043,1.008,-0.0345
192,59883.5,144,HideSpotCheck,0.30,1.008,0.981,-0.0274
192,59893.7,144,HideSpotCheck,0.15,0.981,0.906,-0.0745
192,59903.9,144,HideSpotCheck,0.20,0.906,0.855,-0.0515
192,59910.7,144,HideSpotCheck,-0.02,0.855,0.774,-0.0808
192,59917.8,144,HideSpotCheck,0.08,0.774,0.728,-0.0462
192,59927.3,144,HideSpotCheck,-0.69,0.728,0.435,-0.2929
192,59937.3,144,HideSpotCheck,-1.10,0.435,0.053,-0.3823
192,59947.3,144,HideSpotCheck,-1.35,0.053,-0.350,-0.4029
192,59957.1,144,HideSpotCheck,-1.45,-0.350,-0.661,-0.3107
192,59971.8,144,SweepArea,-0.30,-0.055,-0.114,-0.0587
192,59996.8,144,SweepArea,-0.66,-0.114,-0.272,-0.1580
192,59999.1,152,HideSpotCheck,0.23,-0.170,-0.030,0.1402
192,60012.2,152,HeatSweep,0.02,0.078,0.071,-0.0075
192,60019.8,134,AmbushHotChoke,0.07,0.016,0.065,0.0492
192,60033.2,128,SweepArea,-0.28,0.155,0.047,-0.1084
192,60054.4,128,SweepArea,-0.11,0.047,0.007,-0.0398
192,60061.3,152,HeatSweep,1.13,0.071,0.410,0.3390
192,60061.8,152,HeatSweep,10.00,0.410,3.287,2.8771
193,60061.8,152,HeatSweep,-0.42,3.287,2.592,-0.6949
193,60062.8,116,AmbushHotChoke,1.00,2.049,1.749,-0.3002
193,60063.5,116,AmbushHotChoke,-0.37,1.749,1.134,-0.6143
193,60086.4,90,SweepArea,-0.08,-0.093,-0.080,0.0131
193,60095.3,144,SweepArea,-0.09,-0.272,-0.197,0.0742
193,60103.9,144,SweepArea,-0.24,-0.197,-0.190,0.0074
193,60133.0,126,Patrol,-0.19,-0.261,-0.233,0.0276
193,60177.6,126,Patrol,0.02,-0.233,-0.154,0.0794
193,60192.7,144,SweepArea,-0.30,-0.190,-0.210,-0.0195
193,60221.9,126,Patrol,-0.19,-0.154,-0.158,-0.0049
193,60266.6,126,Patrol,-0.13,-0.158,-0.148,0.0105
193,60270.4,145,HideSpotCheck,0.40,-0.749,-0.391,0.3577
193,60272.5,145,HideSpotCheck,0.23,-0.391,-0.191,0.1999
193,60274.4,145,HideSpotCheck,0.23,-0.191,-0.051,0.1406
193,60315.7,145,Patrol,0.09,-0.573,-0.373,0.2004
193,60329.1,109,SweepArea,-0.28,-0.462,-0.401,0.0611
193,60344.3,145,HideSpotCheck,-0.65,-0.051,-0.224,-0.1732
193,60347.5,145,HideSpotCheck,-5.00,-0.224,-1.657,-1.4329
194,60359.4,145,HideSpotCheck,-0.50,-1.657,-1.297,0.3600
194,60404.5,126,Patrol,-0.78,-0.148,-0.335,-0.1872
194,60418.9,144,SweepArea,0.01,-0.210,-0.131,0.0786
195,60454.4,126,Patrol,0.05,-0.335,-0.216,0.1189
195,60499.5,126,Patrol,-0.73,-0.216,-0.368,-0.1520
195,60514.0,144,SweepArea,0.00,-0.131,-0.076,0.0547
195,60542.9,126,Patrol,-0.19,-0.368,-0.308,0.0604
195,60588.0,126,Patrol,-0.88,-0.308,-0.477,-0.1693
195,60602.6,144,SweepArea,-0.30,-0.076,-0.128,-0.0519
195,60632.8,126,Patrol,-0.20,-0.477,-0.389,0.0886
195,60677.8,126,Patrol,-0.13,-0.389,-0.308,0.0801
195,60692.0,144,SweepArea,-0.29,-0.128,-0.163,-0.0347
195,60721.0,126,Patrol,-0.19,-0.308,-0.266,0.0423
196,60766.1,126,Patrol,-0.80,-0.266,-0.424,-0.1577
196,60810.0,126,Patrol,-0.04,-0.424,-0.305,0.1188
196,60823.7,144,SweepArea,-0.08,-0.163,-0.125,0.0383
196,60840.2,144,SweepArea,-0.13,-0.125,0.034,0.1583
196,60856.5,108,SweepArea,-0.31,1.236,0.932,-0.3046
196,60873.3,108,SweepArea,-0.42,0.932,0.645,-0.2861
196,60918.4,108,Patrol,-0.80,-0.732,-0.750,-0.0177
196,60919.8,144,SweepArea,-0.01,0.034,0.047,0.0136
196,60921.2,144,SweepArea,-0.16,0.047,0.011,-0.0361
196,60922.7,144,SweepArea,-0.17,0.011,-0.014,-0.0254
196,60924.1,144,SweepArea,-0.26,-0.014,-0.061,-0.0470
196,60925.6,144,SweepArea,-0.37,-0.061,-0.125,-0.0637
196,60927.0,144,SweepArea,-0.46,-0.125,-0.199,-0.0741
196,60928.4,144,SweepArea,-1.16,-0.199,-0.461,-0.2620
196,60929.8,144,SweepArea,-1.41,-0.461,-0.719,-0.2584
196,60943.9,144,Patrol,1.01,-0.658,-0.144,0.5139
196,60945.1,144,Patrol,-0.56,-0.144,-0.246,-0.1018
196,60953.6,66,HeatSweep,0.09,0.045,0.086,0.0415
196,60961.2,136,AmbushHotChoke,-0.23,0.138,0.044,-0.0949
196,60980.4,128,SweepArea,-0.04,0.007,0.002,-0.0048
196,60995.6,130,AmbushHotChoke,-0.48,-0.028,-0.118,-0.0901
196,61010.7,146,SweepArea,-0.08,0.325,0.249,-0.0761
196,61026.9,146,SweepArea,-0.31,0.249,0.113,-0.1358
196,61043.5,146,SweepArea,-0.16,0.113,0.044,-0.0687
196,61060.1,146,SweepArea,-0.42,0.044,-0.082,-0.1261
196,61075.3,146,HeatSweep,-0.65,0.014,-0.172,-0.1863
196,61118.4,144,Patrol,-0.07,-0.246,-0.188,0.0572
196,61130.9,146,HeatSweep,-0.04,-0.172,-0.117,0.0547
196,61142.8,130,AmbushHotChoke,-0.27,-0.118,-0.147,-0.0298
196,61188.1,146,Patrol,-0.80,-0.057,-0.279,-0.2221
196,61233.2,145,Patrol,-0.95,-0.373,-0.545,-0.1721
196,61278.4,145,Patrol,-0.87,-0.545,-0.641,-0.0962
196,61282.3,147,AmbushHotChoke,-0.19,-0.346,-0.296,0.0506
196,61285.0,147,AmbushHotChoke,-0.18,-0.296,-0.256,0.0392
196,61299.0,147,SweepArea,-0.10,-0.390,-0.303,0.0878
196,61304.9,147,AmbushHotChoke,-0.21,-0.256,-0.239,0.0174
196,61307.3,147,AmbushHotChoke,-0.17,-0.239,-0.216,0.0230
196,61311.8,147,AmbushHotChoke,-0.19,-0.216,-0.206,0.0098
196,61315.9,147,AmbushHotChoke,-0.29,-0.206,-0.228,-0.0221
196,61318.3,147,AmbushHotChoke,-0.37,-0.228,-0.268,-0.0400
196,61322.3,147,AmbushHotChoke,-0.49,-0.268,-0.331,-0.0631
196,61326.9,147,SweepArea,10.00,-0.303,2.788,3.0908
197,61327.5,147,SweepArea,1.10,2.788,2.299,-0.4887
197,61328.5,147,SweepArea,-0.41,2.299,1.502,-0.7976
197,61330.0,90,SweepArea,-0.16,-0.080,-0.085,-0.0052
197,61355.1,90,SweepArea,-0.70,-0.085,-0.262,-0.1767
197,61372.0,144,SweepArea,-0.22,-0.719,-0.557,0.1624
198,61417.2,126,Patrol,-0.80,-0.305,-0.451,-0.1460
199,61452.2,144,Patrol,0.05,-0.188,-0.113,0.0749
199,61467.4,90,InvestigateLastHeard,-0.50,-0.122,-0.223,-0.1004
199,61512.6,144,Patrol,-0.80,-0.113,-0.317,-0.2035
199,61557.9,144,Patrol,-0.95,-0.317,-0.505,-0.1878
199,61599.1,144,Patrol,-0.31,-0.505,-0.444,0.0613
199,61644.1,126,Patrol,-1.05,-0.451,-0.628,-0.1768
199,61660.3,144,Patrol,0.79,-0.444,-0.063,0.3806
199,61660.7,144,Patrol,-0.67,-0.063,-0.192,-0.1291
199,61665.7,74,InvestigateLastHeard,0.14,0.405,0.474,0.0697
199,61683.1,108,SweepArea,-0.32,0.645,0.367,-0.2788
199,61728.2,126,Patrol,-0.80,-0.628,-0.677,-0.0489
199,61773.4,144,Patrol,-0.80,-0.192,-0.372,-0.1801
199,61818.5,144,Patrol,-0.80,-0.372,-0.498,-0.1259
199,61854.6,144,Patrol,0.00,-0.498,-0.344,0.1538
199,61865.0,114,HeatSweep,-0.25,-0.041,-0.087,-0.0465
199,61910.0,144,Patrol,-0.95,-0.344,-0.523,-0.1789
199,61953.5,144,Patrol,-0.10,-0.523,-0.393,0.1298
199,61958.4,146,HideSpotCheck,0.36,-0.062,0.087,0.1491
199,61973.5,146,HideSpotCheck,-0.60,0.087,-0.108,-0.1947
199,61987.5,111,SweepArea,-0.29,-0.013,0.123,0.1364
199,62003.6,147,SweepArea,-0.16,1.502,1.200,-0.3018
199,62020.1,147,SweepArea,-0.31,1.200,0.900,-0.2995
199,62036.7,147,SweepArea,-0.27,0.900,0.666,-0.2347
199,62053.2,147,SweepArea,-0.52,0.666,0.397,-0.2687
199,62069.6,147,SweepArea,-0.46,0.397,0.191,-0.2064
199,62085.5,147,SweepArea,-1.31,0.191,-0.234,-0.4249
199,62100.3,147,SweepArea,-1.55,-0.234,-0.621,-0.3869
199,62137.9,145,Patrol,0.62,-0.641,-0.258,0.3833
199,62138.2,145,Patrol,-0.79,-0.258,-0.410,-0.1525
199,62140.1,73,HideSpotCheck,0.23,0.183,0.248,0.0642
199,62142.0,73,HideSpotCheck,0.23,0.248,0.310,0.0628
199,62157.1,73,AmbushHotChoke,-0.65,0.020,-0.179,-0.1995
199,62160.4,147,AmbushHotChoke,-0.01,-0.331,-0.230,0.1012
199,62164.0,147,AmbushHotChoke,-0.19,-0.230,-0.213,0.0168
199,62167.0,147,AmbushHotChoke,-0.28,-0.213,-0.230,-0.0164
199,62170.9,147,AmbushHotChoke,-0.39,-0.230,-0.274,-0.0443
199,62175.2,147,AmbushHotChoke,-0.49,-0.274,-0.337,-0.0625
199,62178.5,147,AmbushHotChoke,-1.18,-0.337,-0.587,-0.2503
199,62223.5,147,Patrol,-0.90,-0.463,-0.591,-0.1274
199,62232.5,115,SweepArea,-0.24,-0.204,-0.205,-0.0009
200,62277.5,145,Patrol,-0.80,-0.410,-0.524,-0.1141
200,62322.7,126,Patrol,-0.72,-0.677,-0.678,-0.0016
200,62336.8,108,SweepArea,0.01,0.367,0.274,-0.0929
200,62365.1,144,Patrol,-0.18,-0.393,-0.325,0.0680
200,62368.6,128,HeatSweep,-0.19,-0.389,-0.310,0.0787
200,62393.7,128,SweepArea,-0.47,0.002,-0.133,-0.1348
200,62406.8,114,HeatSweep,0.02,-0.087,-0.040,0.0470
200,62452.1,144,Patrol,-0.94,-0.325,-0.507,-0.1817
200,62482.6,144,Patrol,-0.02,-0.507,-0.355,0.1515
200,62505.5,128,SweepArea,-0.38,-0.133,-0.198,-0.0647
200,62535.3,144,Patrol,-0.04,-0.355,-0.255,0.1007
200,62544.4,128,AmbushHotChoke,-0.01,-0.165,-0.101,0.0637
200,62559.3,114,HeatSweep,0.00,-0.040,-0.014,0.0262
200,62598.3,144,Patrol,-0.12,-0.255,-0.210,0.0446
200,62627.6,144,Patrol,-0.01,-0.210,-0.144,0.0658
200,62642.6,128,AmbushHotChoke,0.02,-0.101,-0.055,0.0467
200,62645.8,128,AmbushHotChoke,-0.18,-0.055,-0.075,-0.0202
200,62650.0,128,AmbushHotChoke,-0.19,-0.075,-0.093,-0.0180
200,62653.6,128,AmbushHotChoke,-0.29,-0.093,-0.134,-0.0407
200,62657.8,128,AmbushHotChoke,-0.39,-0.134,-0.194,-0.0603
200,62661.7,128,AmbushHotChoke,-0.49,-0.194,-0.265,-0.0712
200,62683.7,128,SweepArea,-0.37,-0.198,-0.240,-0.0423
200,62713.4,144,Patrol,-0.03,-0.144,-0.106,0.0380
200,62724.0,128,SweepArea,-0.07,-0.240,-0.173,0.0666
200,62737.5,114,HeatSweep,-0.28,-0.014,-0.080,-0.0664
200,62754.0,144,SweepArea,-0.02,-0.557,-0.385,0.1716
200,62770.5,128,SweepArea,-0.16,-0.173,-0.162,0.0116
200,62787.0,128,SweepArea,-0.31,-0.162,-0.198,-0.0368
200,62794.0,128,AmbushHotChoke,-0.02,-0.265,-0.176,0.0889
200,62797.3,128,AmbushHotChoke,-0.18,-0.176,-0.160,0.0160
200,62801.2,128,AmbushHotChoke,-0.19,-0.160,-0.152,0.0086
200,62804.2,128,AmbushHotChoke,-0.28,-0.152,-0.172,-0.0205
200,62807.9,128,AmbushHotChoke,-0.39,-0.172,-0.219,-0.0471
200,62821.2,128,SweepArea,-0.28,-0.198,-0.213,-0.0146
200,62837.6,128,SweepArea,-0.16,-0.213,-0.189,0.0238
200,62854.0,128,SweepArea,-0.16,-0.189,-0.172,0.0170
200,62870.4,128,SweepArea,-0.41,-0.172,-0.236,-0.0635
200,62877.1,128,AmbushHotChoke,-0.01,-0.219,-0.143,0.0765
200,62881.2,128,AmbushHotChoke,-0.19,-0.143,-0.140,0.0024
200,62885.0,128,AmbushHotChoke,-0.19,-0.140,-0.137,0.0032
200,62889.2,128,AmbushHotChoke,-0.29,-0.137,-0.167,-0.0294
200,62892.9,128,AmbushHotChoke,-0.39,-0.167,-0.215,-0.0486
200,62896.2,128,AmbushHotChoke,-0.48,-0.215,-0.278,-0.0627
200,62899.7,128,AmbushHotChoke,-1.18,-0.278,-0.532,-0.2541
200,62913.1,128,SweepArea,-0.28,-0.236,-0.240,-0.0041
200,62929.4,128,SweepArea,-0.31,-0.240,-0.252,-0.0126
200,62931.3,128,HideSpotCheck,0.23,-0.311,-0.129,0.1814
200,62946.4,128,HideSpotCheck,-0.63,-0.129,-0.270,-0.1403
200,62960.9,128,SweepArea,-0.29,-0.252,-0.255,-0.0026
200,62962.9,128,HideSpotCheck,0.23,-0.270,-0.101,0.1690
200,62964.8,128,HideSpotCheck,0.23,-0.101,0.018,0.1185
200,62966.6,128,HideSpotCheck,0.23,0.018,0.101,0.0834
200,62968.6,128,HideSpotCheck,0.13,0.101,0.138,0.0362
200,62970.4,128,HideSpotCheck,0.03,0.138,0.143,0.0057
200,62972.4,128,HideSpotCheck,-0.07,0.143,0.118,-0.0251
200,62979.3,128,AmbushHotChoke,-0.02,-0.532,-0.353,0.1790
200,62992.8,128,HideSpotCheck,0.12,0.118,0.135,0.0169
200,63003.5,128,HideSpotCheck,0.38,0.135,0.405,0.2704
200,63003.8,116,AmbushHotChoke,1.10,1.134,1.151,0.0171
200,63004.2,116,AmbushHotChoke,1.00,1.151,1.125,-0.0268
200,63006.8,116,AmbushHotChoke,0.97,1.125,1.102,-0.0225
200,63007.1,116,AmbushHotChoke,0.86,1.102,1.055,-0.0471
200,63007.4,116,AmbushHotChoke,0.76,1.055,0.991,-0.0642
200,63007.8,116,AmbushHotChoke,0.66,0.991,0.914,-0.0767
200,63008.1,116,AmbushHotChoke,-0.05,0.914,0.649,-0.2650
200,63008.4,116,AmbushHotChoke,-0.30,0.649,0.387,-0.2617
200,63008.7,116,AmbushHotChoke,-0.55,0.387,0.128,-0.2595
200,63009.1,116,AmbushHotChoke,-0.81,0.128,-0.130,-0.2579
200,63009.4,116,AmbushHotChoke,-1.06,-0.130,-0.387,-0.2568
200,63009.7,116,AmbushHotChoke,-1.31,-0.387,-0.643,-0.2560
200,63010.0,116,AmbushHotChoke,-1.56,-0.643,-0.898,-0.2555
200,63010.3,116,AmbushHotChoke,-1.82,-0.898,-1.154,-0.2551
200,63010.6,116,AmbushHotChoke,-2.07,-1.154,-1.408,-0.2548
200,63011.0,116,AmbushHotChoke,-2.32,-1.408,-1.663,-0.2549
200,63011.3,116,AmbushHotChoke,-2.58,-1.663,-1.918,-0.2547
200,63011.6,116,AmbushHotChoke,-2.83,-1.918,-2.172,-0.2545
200,63011.9,116,AmbushHotChoke,-3.08,-2.172,-2.427,-0.2544
200,63012.2,116,AmbushHotChoke,-3.34,-2.427,-2.681,-0.2543
200,63012.5,116,AmbushHotChoke,-3.39,-2.681,-2.875,-0.1943
200,63012.8,116,AmbushHotChoke,-3.64,-2.875,-3.088,-0.2122
200,63013.1,116,AmbushHotChoke,-3.90,-3.088,-3.312,-0.2247
200,63013.5,116,AmbushHotChoke,-4.15,-3.312,-3.546,-0.2335
200,63013.8,116,AmbushHotChoke,-4.40,-3.546,-3.786,-0.2397
200,63014.2,116,AmbushHotChoke,-4.66,-3.786,-4.030,-0.2443
200,63014.5,116,AmbushHotChoke,-4.91,-4.030,-4.277,-0.2472
200,63014.8,116,AmbushHotChoke,-5.16,-4.277,-4.527,-0.2495
200,63015.2,116,AmbushHotChoke,10.00,-4.527,-0.169,4.3580
201,63015.2,116,AmbushHotChoke,-0.27,-0.169,-0.179,-0.0106
201,63015.5,122,HeatSweep,1.20,0.115,0.469,0.3545
201,63015.9,122,HeatSweep,1.20,0.469,0.717,0.2476
201,63016.2,122,HeatSweep,1.19,0.717,0.887,0.1698
201,63016.6,122,HeatSweep,-0.46,0.887,0.502,-0.3849
201,63047.5,90,Patrol,0.09,-0.124,-0.054,0.0703
201,63092.4,126,Patrol,0.18,-0.678,-0.419,0.2593
201,63132.5,144,Patrol,0.12,-0.106,-0.027,0.0790
201,63146.0,108,SweepArea,-0.29,0.274,0.121,-0.1530
201,63191.2,144,Patrol,-0.80,-0.027,-0.257,-0.2294
201,63236.2,126,Patrol,-0.89,-0.419,-0.558,-0.1390
201,63251.8,108,SweepArea,-0.31,0.121,0.009,-0.1115
201,63262.1,108,SweepArea,0.05,0.009,0.038,0.0288
201,63273.4,144,Patrol,0.97,-0.257,0.125,0.3816
201,63274.5,144,Patrol,-0.62,0.125,-0.096,-0.2207
201,63288.5,60,SweepArea,-0.12,-0.067,-0.068,-0.0014
201,63304.3,114,HeatSweep,-0.66,-0.080,-0.241,-0.1603
201,63342.8,144,Patrol,0.01,-0.096,-0.059,0.0369
201,63355.8,129,AmbushHotChoke,0.00,-0.218,-0.140,0.0781
201,63370.0,115,HideSpotCheck,0.11,-1.203,-0.798,0.4051
201,63385.0,115,SweepArea,-0.30,-0.205,-0.223,-0.0174
201,63401.0,115,SweepArea,-0.31,-0.223,-0.238,-0.0156
201,63416.1,115,HeatSweep,-0.65,-0.225,-0.346,-0.1209
202,63461.2,145,Patrol,-0.80,-0.524,-0.604,-0.0802
202,63506.5,144,Patrol,-0.68,-0.059,-0.242,-0.1829
202,63522.0,144,SweepArea,-0.01,-0.385,-0.258,0.1273
202,63531.2,144,SweepArea,-0.24,-0.258,-0.235,0.0234
202,63540.1,144,SweepArea,-0.09,-0.235,-0.172,0.0628
202,63549.1,144,SweepArea,-0.19,-0.172,-0.158,0.0137
202,63557.9,144,SweepArea,-0.44,-0.158,-0.223,-0.0651
202,63587.1,126,Patrol,-0.19,-0.558,-0.442,0.1163
202,63631.9,126,Patrol,-0.13,-0.442,-0.345,0.0966
202,63646.0,144,SweepArea,-0.29,-0.223,-0.229,-0.0060
202,63675.0,126,Patrol,-0.19,-0.345,-0.294,0.0514
202,63720.0,127,Patrol,-0.88,-0.544,-0.644,-0.0998
202,63760.2,145,Patrol,0.14,-0.604,-0.379,0.2254
202,63773.5,109,SweepArea,-0.28,-0.401,-0.355,0.0466
202,63818.5,127,Patrol,-0.64,-0.644,-0.639,0.0044
203,63863.6,127,Patrol,-0.80,-0.639,-0.685,-0.0453
203,63908.7,126,Patrol,-0.73,-0.294,-0.421,-0.1277
203,63923.1,144,SweepArea,0.01,-0.229,-0.145,0.0846
203,63952.3,126,Patrol,-0.19,-0.421,-0.346,0.0756
203,63952.7,126,HideSpotCheck,-0.50,-0.849,-0.715,0.1338
203,63997.8,126,Patrol,-0.88,-0.346,-0.504,-0.1587
203,64001.5,144,HideSpotCheck,0.40,-0.661,-0.318,0.3432
203,64003.5,144,HideSpotCheck,0.23,-0.318,-0.126,0.1913
203,64005.3,144,HideSpotCheck,0.23,-0.126,0.008,0.1345
203,64007.4,144,HideSpotCheck,0.13,0.008,0.071,0.0628
203,64009.4,144,HideSpotCheck,0.03,0.071,0.085,0.0143
203,64011.3,144,HideSpotCheck,-0.07,0.085,0.066,-0.0194
203,64013.4,144,HideSpotCheck,-0.77,0.066,-0.159,-0.2244
203,64030.1,144,SweepArea,-0.32,-0.145,-0.184,-0.0391
203,64058.7,126,Patrol,-0.19,-0.504,-0.402,0.1024
203,64103.5,126,Patrol,-0.13,-0.402,-0.318,0.0841
203,64107.5,144,HideSpotCheck,0.40,-0.159,0.034,0.1921
203,64109.5,144,HideSpotCheck,0.23,0.034,0.119,0.0856
203,64125.9,144,SweepArea,-0.31,-0.184,-0.210,-0.0264
203,64155.2,126,Patrol,-0.19,-0.318,-0.274,0.0442
203,64199.8,126,Patrol,-0.13,-0.274,-0.228,0.0452
203,64239.7,145,Patrol,0.15,-0.379,-0.221,0.1584
203,64252.5,109,SweepArea,-0.28,-0.355,-0.329,0.0258
203,64268.6,109,SweepArea,-0.31,-0.329,-0.321,0.0080
203,64283.5,109,SweepArea,-5.00,-0.321,-1.725,-1.4038
204,64284.3,109,SweepArea,-0.01,-1.725,-1.207,0.5176
204,64329.3,109,Patrol,-0.80,-0.758,-0.767,-0.0090
204,64332.1,144,HideSpotCheck,0.40,0.119,0.234,0.1148
204,64334.2,144,HideSpotCheck,0.23,0.234,0.296,0.0615
204,64336.2,144,HideSpotCheck,0.23,0.296,0.356,0.0604
204,64338.0,144,HideSpotCheck,0.13,0.356,0.386,0.0301
204,64340.1,144,HideSpotCheck,0.03,0.386,0.383,-0.0027
204,64342.1,144,HideSpotCheck,-0.07,0.383,0.351,-0.0322
204,64344.0,144,HideSpotCheck,-0.77,0.351,0.110,-0.2409
204,64346.0,144,HideSpotCheck,-1.02,0.110,-0.199,-0.3094
204,64348.2,144,HideSpotCheck,-1.27,-0.199,-0.494,-0.2953
204,64352.9,144,SweepArea,-0.05,-0.210,-0.138,0.0722
204,64356.2,144,SweepArea,-0.03,-0.138,-0.081,0.0567
204,64360.1,144,SweepArea,-0.19,-0.081,-0.089,-0.0080
204,64364.0,144,SweepArea,-0.29,-0.089,-0.125,-0.0357
204,64367.8,144,SweepArea,-0.24,-0.125,-0.134,-0.0093
204,64377.8,144,SweepArea,-0.15,-0.134,-0.121,0.0131
204,64379.2,144,SweepArea,-1.01,-0.121,-0.360,-0.2386
204,64424.3,144,Patrol,-0.88,-0.242,-0.430,-0.1886
204,64432.7,144,SweepArea,0.07,-0.360,-0.213,0.1470
204,64449.2,144,SweepArea,0.08,-0.213,-0.114,0.0992
204,64458.2,108,SweepArea,-0.09,0.038,0.020,-0.0180
204,64462.0,80,HeatSweep,-0.19,0.101,0.653,0.5521
204,64475.0,152,HeatSweep,0.02,2.592,1.883,-0.7093
204,64475.3,128,HideSpotCheck,-0.50,0.405,0.254,-0.1518
204,64475.6,128,HideSpotCheck,-0.50,0.254,0.102,-0.1511
204,64475.9,128,HideSpotCheck,-0.50,0.102,-0.048,-0.1504
204,64476.2,128,HideSpotCheck,-0.60,-0.048,-0.193,-0.1448
204,64476.5,128,HideSpotCheck,-0.70,-0.193,-0.324,-0.1314
204,64476.9,128,HideSpotCheck,-0.80,-0.324,-0.439,-0.1147
204,64496.0,146,SweepArea,-0.08,-0.082,-0.073,0.0085
204,64504.9,116,AmbushHotChoke,-0.24,-0.179,0.160,0.3395
204,64513.8,152,HeatSweep,0.00,1.883,1.350,-0.5329
204,64524.1,116,AmbushHotChoke,-0.25,0.160,0.276,0.1154
204,64533.1,152,HeatSweep,0.00,1.350,0.998,-0.3517
204,64543.4,116,AmbushHotChoke,-0.25,0.276,0.294,0.0183
204,64552.4,152,HeatSweep,0.01,0.998,0.756,-0.2421
204,64567.5,116,AmbushHotChoke,-0.50,0.294,0.065,-0.2287
204,64588.1,128,SweepArea,-0.08,-0.255,-0.194,0.0607
204,64601.1,116,AmbushHotChoke,0.02,0.065,0.067,0.0018
204,64606.9,144,SweepArea,-0.21,-0.114,-0.120,-0.0065
204,64613.9,144,SweepArea,-0.07,-0.120,-0.084,0.0362
204,64620.8,144,SweepArea,-0.07,-0.084,-0.058,0.0258
204,64627.6,144,SweepArea,-0.32,-0.058,-0.116,-0.0575
204,64634.6,144,SweepArea,-0.27,-0.116,-0.141,-0.0251
204,64641.7,144,SweepArea,-0.52,-0.141,-0.234,-0.0934
204,64648.2,144,SweepArea,-1.06,-0.234,-0.462,-0.2275
204,64693.3,144,Patrol,-0.95,-0.430,-0.585,-0.1550
204,64697.2,147,AmbushHotChoke,-0.03,-0.587,-0.415,0.1719
204,64700.2,147,AmbushHotChoke,-0.18,-0.415,-0.341,0.0743
204,64703.1,147,AmbushHotChoke,-0.18,-0.341,-0.289,0.0520
204,64706.6,147,AmbushHotChoke,-0.28,-0.289,-0.284,0.0047
204,64709.3,147,AmbushHotChoke,-0.38,-0.284,-0.308,-0.0244
204,64712.7,147,AmbushHotChoke,-0.48,-0.308,-0.358,-0.0493
204,64716.8,147,AmbushHotChoke,-1.19,-0.358,-0.604,-0.2466
204,64760.3,147,Patrol,-0.34,-0.591,-0.511,0.0797
204,64775.4,129,AmbushHotChoke,-0.51,-0.140,-0.237,-0.0970
204,64784.1,129,AmbushHotChoke,-0.01,-0.237,-0.153,0.0849
204,64796.8,115,HideSpotCheck,0.12,-0.798,-0.509,0.2889
204,64813.5,115,SweepArea,-0.16,-0.238,-0.206,0.0323
204,64816.8,115,SweepArea,-5.00,-0.206,-1.644,-1.4383
205,64838.6,115,SweepArea,-0.60,-1.644,-1.324,0.3204
205,64869.3,136,Patrol,0.09,0.061,0.075,0.0139
205,64874.5,128,SweepArea,-0.04,-0.194,-0.125,0.0690
205,64881.4,146,SweepArea,-0.07,-0.073,-0.052,0.0216
205,64904.4,146,SweepArea,-0.08,-0.052,-0.052,0.0001
205,64913.0,146,SweepArea,-0.18,-0.052,-0.073,-0.0212
205,64922.0,146,SweepArea,-0.44,-0.073,-0.165,-0.0921
205,64931.8,146,HideSpotCheck,0.31,-0.108,0.033,0.1414
205,64941.7,146,HideSpotCheck,0.30,0.033,0.131,0.0973
205,64956.8,146,AmbushHotChoke,-0.37,-0.194,-0.235,-0.0406
206,64973.0,136,Patrol,0.99,0.075,0.360,0.2851
206,64973.3,136,Patrol,-0.66,0.360,0.114,-0.2454
206,64978.6,74,InvestigateLastHeard,0.14,0.474,0.394,-0.0800
206,64990.9,108,SweepArea,0.03,0.020,0.038,0.0181
206,65000.9,144,SweepArea,0.09,-0.462,-0.273,0.1887
206,65012.0,56,HeatSweep,0.04,0.032,0.050,0.0188
206,65017.4,144,SweepArea,-0.20,-0.273,-0.230,0.0430
206,65023.9,144,SweepArea,-0.06,-0.230,-0.158,0.0717
206,65030.1,144,SweepArea,-0.21,-0.158,-0.153,0.0055
206,65036.8,144,SweepArea,-0.32,-0.153,-0.181,-0.0285
206,65044.0,144,SweepArea,-0.42,-0.181,-0.233,-0.0517
206,65051.3,144,SweepArea,-0.37,-0.233,-0.254,-0.0214
206,65057.5,144,SweepArea,-1.06,-0.254,-0.474,-0.2197
206,65064.0,144,SweepArea,-1.47,-0.474,-0.750,-0.2761
206,65065.8,144,HideSpotCheck,0.23,-0.494,-0.250,0.2447
206,65089.5,144,SweepArea,-0.09,-0.750,-0.542,0.2079
206,65089.7,144,HideSpotCheck,-0.50,-0.250,-0.296,-0.0459
206,65090.1,144,HideSpotCheck,-0.50,-0.296,-0.328,-0.0323
206,65090.4,144,HideSpotCheck,-0.50,-0.328,-0.350,-0.0225
206,65090.7,144,HideSpotCheck,-0.60,-0.350,-0.396,-0.0457
206,65091.0,144,HideSpotCheck,-0.70,-0.396,-0.458,-0.0620
206,65091.3,144,HideSpotCheck,-0.80,-0.458,-0.531,-0.0734
206,65091.6,144,HideSpotCheck,-1.50,-0.531,-0.793,-0.2614
206,65093.2,144,SweepArea,-0.17,-0.542,-0.402,0.1402
206,65094.7,144,SweepArea,-0.17,-0.402,-0.303,0.0984
206,65096.3,144,SweepArea,-0.17,-0.303,-0.235,0.0686
206,65097.8,144,SweepArea,-0.27,-0.235,-0.217,0.0183
206,65099.4,144,SweepArea,-0.37,-0.217,-0.234,-0.0174
206,65100.8,144,SweepArea,-0.46,-0.234,-0.276,-0.0417
206,65102.5,144,SweepArea,-1.17,-0.276,-0.516,-0.2398
206,65103.9,144,SweepArea,-1.41,-0.516,-0.758,-0.2423
206,65143.3,144,Patrol,0.09,-0.585,-0.378,0.2073
206,65188.6,144,Patrol,-0.72,-0.378,-0.478,-0.0997
206,65204.2,128,SweepArea,-0.31,-0.125,-0.170,-0.0447
206,65220.4,128,SweepArea,-0.31,-0.170,-0.204,-0.0336
206,65237.3,128,SweepArea,-0.17,-0.204,-0.184,0.0197
206,65253.6,128,SweepArea,-0.26,-0.184,-0.198,-0.0141
206,65270.0,128,SweepArea,-0.51,-0.198,-0.284,-0.0856
206,65286.3,128,SweepArea,-0.46,-0.284,-0.328,-0.0441
206,65301.5,128,HeatSweep,-0.50,-0.310,-0.354,-0.0441
206,65345.4,144,Patrol,-0.34,-0.478,-0.434,0.0438
206,65359.0,128,SweepArea,-0.29,-0.328,-0.305,0.0228
206,65375.7,128,SweepArea,-0.32,-0.305,-0.299,0.0056
206,65392.2,128,SweepArea,-0.16,-0.299,-0.249,0.0498
206,65408.1,128,SweepArea,-0.41,-0.249,-0.288,-0.0385
206,65424.7,128,SweepArea,-0.52,-0.288,-0.347,-0.0591
206,65439.8,128,HeatSweep,-0.50,-0.354,-0.384,-0.0299
206,65483.4,144,Patrol,-0.34,-0.434,-0.403,0.0313
206,65493.9,128,HeatSweep,0.12,-0.384,-0.217,0.1669
206,65506.2,116,AmbushHotChoke,-0.27,0.067,-0.014,-0.0813
206,65506.5,146,HideSpotCheck,-0.50,0.131,-0.020,-0.1506
206,65506.9,146,HideSpotCheck,-0.50,-0.020,-0.136,-0.1159
206,65516.6,146,HeatSweep,0.01,-0.117,-0.064,0.0537
206,65530.6,116,AmbushHotChoke,-0.29,-0.014,-0.087,-0.0725
206,65544.3,128,SweepArea,-0.29,-0.347,-0.319,0.0285
206,65559.5,128,HeatSweep,-0.50,-0.217,-0.290,-0.0725
206,65571.6,116,HeatSweep,0.03,-0.191,-0.110,0.0816
206,65585.7,146,HeatSweep,-0.01,-0.064,-0.037,0.0272
206,65598.2,116,AmbushHotChoke,-0.27,-0.087,-0.132,-0.0454
206,65612.0,128,HeatSweep,-0.06,-0.290,-0.210,0.0795
206,65626.7,128,HeatSweep,-0.30,-0.210,-0.227,-0.0162
206,65640.6,128,HeatSweep,-0.06,-0.227,-0.166,0.0606
206,65655.7,128,HeatSweep,-0.75,-0.166,-0.332,-0.1659
206,65669.0,128,SweepArea,-0.28,-0.319,-0.297,0.0214
206,65685.6,128,SweepArea,-0.32,-0.297,-0.294,0.0033
206,65702.3,128,SweepArea,-0.32,-0.294,-0.292,0.0022
206,65717.5,128,AmbushHotChoke,-0.50,-0.353,-0.385,-0.0320
206,65760.2,116,Patrol,-0.33,-0.384,-0.365,0.0195
206,65773.8,128,SweepArea,-0.29,-0.292,-0.280,0.0123
206,65790.2,128,SweepArea,-0.31,-0.280,-0.281,-0.0012
206,65807.0,128,SweepArea,-0.17,-0.281,-0.238,0.0428
206,65823.6,128,SweepArea,-0.42,-0.238,-0.279,-0.0416
206,65838.8,129,AmbushHotChoke,-0.45,-0.153,-0.234,-0.0810
206,65881.7,145,Patrol,-0.33,-0.221,-0.250,-0.0295
206,65884.9,129,AmbushHotChoke,-0.18,-0.234,-0.195,0.0388
206,65888.8,129,AmbushHotChoke,-0.19,-0.195,-0.170,0.0242
206,65904.1,129,AmbushHotChoke,-0.63,-0.170,-0.308,-0.1373
206,65949.2,147,Patrol,-0.86,-0.511,-0.613,-0.1016
206,65959.2,117,HeatSweep,-0.25,0.038,-0.039,-0.0769
207,65998.6,145,Patrol,0.01,-0.250,-0.171,0.0796
207,66003.6,128,SweepArea,-0.04,-0.279,-0.185,0.0945
207,66007.8,146,HeatSweep,-0.19,-0.037,-0.060,-0.0239
207,66011.2,146,HeatSweep,-0.18,-0.060,-0.073,-0.0128
207,66014.7,146,HeatSweep,-0.19,-0.073,-0.083,-0.0096
207,66018.1,146,HeatSweep,-0.28,-0.083,-0.119,-0.0365
207,66022.2,146,HeatSweep,-0.39,-0.119,-0.177,-0.0581
207,66026.1,146,HideSpotCheck,0.40,-0.136,0.049,0.1852
207,66041.3,146,AmbushHotChoke,-0.50,-0.235,-0.301,-0.0665
207,66055.6,144,SweepArea,0.01,-0.758,-0.515,0.2430
207,66065.4,146,HideSpotCheck,0.30,0.049,0.143,0.0940
207,66075.4,146,HideSpotCheck,0.30,0.143,0.216,0.0729
207,66085.3,146,HideSpotCheck,0.15,0.216,0.236,0.0196
207,66094.7,146,HideSpotCheck,0.21,0.236,0.270,0.0346
207,66104.3,146,HideSpotCheck,-0.05,0.270,0.225,-0.0454
207,66114.4,146,HideSpotCheck,0.00,0.225,0.198,-0.0274
207,66124.3,146,HideSpotCheck,-0.70,0.198,-0.035,-0.2329
207,66134.4,146,HideSpotCheck,-0.95,-0.035,-0.293,-0.2578
207,66142.9,146,SweepArea,-0.23,-0.165,-0.167,-0.0023
207,66151.8,146,SweepArea,-0.09,-0.167,-0.125,0.0421
207,66180.9,146,Patrol,0.13,-0.279,-0.151,0.1287
207,66203.7,146,SweepArea,-0.38,-0.125,-0.192,-0.0671
207,66219.0,146,AmbushHotChoke,-0.37,-0.301,-0.306,-0.0053
207,66255.5,136,Patrol,-0.27,0.114,0.005,-0.1099
207,66268.8,130,AmbushHotChoke,0.15,-0.147,-0.043,0.1045
207,66313.9,124,Patrol,-0.80,0.109,-0.163,-0.2714
207,66315.4,153,SweepArea,-0.16,-0.135,-0.128,0.0077
207,66316.9,153,SweepArea,-0.17,-0.128,-0.135,-0.0073
207,66328.2,147,AmbushHotChoke,-0.02,-0.604,-0.415,0.1887
207,66341.8,125,HideSpotCheck,0.11,0.047,0.081,0.0337
207,66352.3,125,HideSpotCheck,0.30,0.081,0.162,0.0814
207,66363.1,125,HideSpotCheck,0.14,0.162,0.184,0.0221
207,66369.6,125,AmbushHotChoke,-0.01,0.017,0.048,0.0308
207,66381.6,125,HideSpotCheck,-5.00,0.184,-1.371,-1.5552
208,66382.6,125,HideSpotCheck,0.42,-1.371,-0.820,0.5507
208,66397.7,125,AmbushHotChoke,-0.50,0.048,-0.103,-0.1509
208,66442.9,144,Patrol,-0.94,-0.403,-0.561,-0.1584
208,66451.5,144,SweepArea,0.07,-0.515,-0.321,0.1935
208,66468.1,144,SweepArea,-0.02,-0.321,-0.217,0.1045
208,66474.8,126,HideSpotCheck,0.18,-0.715,-0.425,0.2905
208,66507.1,126,Patrol,0.11,-0.228,-0.123,0.1059
208,66552.2,126,Patrol,-0.88,-0.123,-0.347,-0.2249
208,66566.0,144,SweepArea,-0.29,-0.217,-0.223,-0.0066
208,66594.9,126,Patrol,-0.19,-0.347,-0.293,0.0540
208,66639.3,126,Patrol,-0.13,-0.293,-0.240,0.0533
208,66644.2,144,SweepArea,-0.01,-0.223,-0.137,0.0864
208,66660.8,144,SweepArea,-0.32,-0.137,-0.181,-0.0441
208,66689.8,127,Patrol,-0.19,-0.685,-0.532,0.1532
208,66690.1,127,HideSpotCheck,-0.50,-0.700,-0.618,0.0815
208,66735.2,127,Patrol,-0.88,-0.532,-0.635,-0.1037
208,66774.6,145,Patrol,0.00,-0.171,-0.118,0.0530
208,66819.7,109,Patrol,-0.95,-0.767,-0.821,-0.0535
209,66864.8,145,Patrol,-0.80,-0.118,-0.320,-0.2024
209,66868.9,144,SweepArea,-0.19,-0.181,-0.160,0.0213
209,66873.1,144,SweepArea,-0.19,-0.160,-0.146,0.0141
209,66877.8,144,SweepArea,0.04,-0.146,-0.066,0.0798
209,66922.8,126,Patrol,-0.67,-0.240,-0.369,-0.1286
209,66925.5,62,InvestigateLastHeard,-0.02,0.047,0.046,-0.0014
209,66928.4,134,AmbushHotChoke,-0.18,0.065,0.010,-0.0557
209,66941.9,134,SweepArea,-0.28,0.016,-0.064,-0.0798
209,66947.5,134,AmbushHotChoke,-0.01,0.010,0.018,0.0080
209,66950.6,134,AmbushHotChoke,-0.18,0.018,-0.024,-0.0420
209,66995.7,134,Patrol,-0.80,0.008,-0.232,-0.2399
209,66997.2,144,SweepArea,-0.17,-0.066,-0.068,-0.0024
209,66998.6,144,SweepArea,-0.01,-0.068,-0.024,0.0445
209,67000.1,144,SweepArea,-0.17,-0.024,-0.039,-0.0149
209,67001.7,144,SweepArea,-0.27,-0.039,-0.080,-0.0408
209,67003.2,144,SweepArea,-0.37,-0.080,-0.138,-0.0582
209,67004.7,144,SweepArea,-0.47,-0.138,-0.209,-0.0710
209,67006.2,144,SweepArea,-1.16,-0.209,-0.468,-0.2593
209,67007.8,144,SweepArea,-1.42,-0.468,-0.725,-0.2572
210,67044.2,144,Patrol,0.04,-0.561,-0.377,0.1838
210,67075.3,126,Patrol,0.18,-0.369,-0.199,0.1699
210,67076.2,126,Patrol,0.91,-0.199,0.158,0.3568
210,67077.3,126,Patrol,-0.48,0.158,0.074,-0.0840
210,67082.5,74,InvestigateLastHeard,0.14,0.394,0.338,-0.0560
210,67090.2,114,AmbushHotChoke,0.07,-0.125,-0.052,0.0735
210,67112.1,128,SweepArea,-0.37,-0.185,-0.230,-0.0454
210,67141.0,144,Patrol,-0.02,-0.377,-0.265,0.1126
210,67185.9,126,Patrol,-0.05,0.074,0.040,-0.0338
210,67224.9,144,Patrol,0.01,-0.265,-0.178,0.0862
210,67238.1,126,SweepArea,-0.28,-1.024,-0.787,0.2375
210,67283.2,126,Patrol,-0.76,0.040,-0.198,-0.2385
210,67310.0,144,Patrol,0.08,-0.178,-0.093,0.0850
210,67322.2,130,AmbushHotChoke,-0.07,-0.043,0.029,0.0718
210,67336.0,122,HeatSweep,0.01,0.502,0.369,-0.1331
210,67368.0,146,Patrol,-0.06,-0.151,-0.119,0.0316
210,67381.5,130,HeatSweep,0.09,-0.291,-0.163,0.1283
210,67389.1,130,AmbushHotChoke,-0.02,0.029,0.089,0.0603
210,67403.2,122,HeatSweep,-0.29,0.369,0.185,-0.1838
210,67429.4,146,Patrol,0.03,-0.119,-0.068,0.0507
210,67473.4,148,Patrol,-0.34,0.068,-0.010,-0.0780
210,67486.8,159,HideSpotCheck,0.12,0.003,0.252,0.2490
210,67502.1,159,SweepArea,-5.00,1.426,-0.502,-1.9277
211,67503.5,159,SweepArea,-0.02,-0.502,-0.344,0.1583
211,67534.5,144,Patrol,0.09,-0.093,-0.032,0.0610
212,67579.7,144,Patrol,-0.80,-0.032,-0.260,-0.2279
212,67618.6,144,Patrol,0.03,-0.260,-0.169,0.0914
212,67666.7,144,Patrol,-0.82,-0.169,-0.347,-0.1779
212,67679.3,80,HeatSweep,0.02,0.653,0.480,-0.1739
212,67714.3,146,Patrol,0.05,-0.068,-0.029,0.0392
212,67729.4,134,AmbushHotChoke,-0.64,-0.024,-0.196,-0.1712
212,67774.6,146,Patrol,-0.71,-0.029,-0.230,-0.2012
212,67784.4,116,HeatSweep,0.05,-0.110,-0.044,0.0658
212,67794.0,146,HeatSweep,0.00,-0.177,-0.110,0.0679
212,67803.6,116,HeatSweep,-0.25,-0.044,-0.087,-0.0433
212,67813.4,146,HeatSweep,-0.10,-0.110,-0.093,0.0165
212,67823.7,116,HeatSweep,-0.45,-0.087,-0.180,-0.0929
212,67833.1,146,HeatSweep,-0.30,-0.093,-0.140,-0.0473
212,67838.7,116,SweepArea,-0.21,-2.734,-1.957,0.7769
212,67853.9,116,AmbushHotChoke,-0.65,-0.132,-0.275,-0.1428
212,67867.2,146,HeatSweep,-0.09,-0.140,-0.114,0.0259
212,67888.7,134,SweepArea,-0.06,-0.064,-0.055,0.0093
212,67896.0,146,HeatSweep,0.11,-0.114,-0.031,0.0830
212,67909.9,128,SweepArea,-0.29,-0.230,-0.234,-0.0035
212,67917.1,146,HeatSweep,-0.04,-0.031,-0.018,0.0130
212,67942.2,128,SweepArea,-0.60,-0.234,-0.178,0.0564
212,67961.7,150,SweepArea,-0.15,0.008,-0.028,-0.0363
212,67968.8,146,HeatSweep,-0.04,-0.018,-0.009,0.0096
212,67982.7,128,SweepArea,-0.29,-0.178,-0.197,-0.0193
212,67989.8,146,HeatSweep,-0.04,-0.009,-0.002,0.0064
212,68003.9,128,SweepArea,-0.29,-0.197,-0.211,-0.0142
212,68011.0,146,HeatSweep,-0.04,-0.002,0.002,0.0045
212,68025.4,128,SweepArea,-0.29,-0.211,-0.222,-0.0113
212,68032.5,146,HeatSweep,-0.04,0.002,0.005,0.0034
212,68046.9,128,SweepArea,-0.29,-0.222,-0.230,-0.0081
212,68054.1,146,HeatSweep,-0.03,0.005,0.008,0.0027
212,68068.6,128,SweepArea,-0.29,-0.230,-0.236,-0.0057
212,68075.8,146,HeatSweep,-0.04,0.008,0.010,0.0014
212,68089.6,128,SweepArea,-0.29,-0.236,-0.250,-0.0136
212,68104.7,147,AmbushHotChoke,-0.62,-0.415,-0.473,-0.0574
212,68149.9,135,Patrol,-0.89,-0.539,-0.641,-0.1024
212,68165.0,117,HeatSweep,-0.65,-0.039,-0.218,-0.1793
212,68210.1,135,Patrol,-0.76,-0.641,-0.675,-0.0342
213,68255.3,135,Patrol,-0.80,-0.675,-0.710,-0.0352
213,68294.2,126,Patrol,0.06,-0.198,-0.116,0.0820
213,68333.1,144,Patrol,0.81,-0.347,0.005,0.3517
213,68333.9,144,Patrol,-1.06,0.005,-0.302,-0.3074
213,68339.1,74,InvestigateLastHeard,0.14,0.338,0.299,-0.0396
213,68343.6,114,AmbushHotChoke,-0.20,-0.052,-0.073,-0.0216
213,68347.7,114,AmbushHotChoke,-0.19,-0.073,-0.087,-0.0135
213,68354.5,114,AmbushHotChoke,10.00,-0.087,2.939,3.0261
214,68356.2,114,AmbushHotChoke,0.07,2.939,2.091,-0.8478
214,68360.4,90,SweepArea,-0.19,-0.262,-0.217,0.0445
214,68405.6,144,Patrol,-0.80,-0.302,-0.449,-0.1470
214,68450.8,126,Patrol,-0.63,-0.116,-0.268,-0.1515
214,68482.6,126,Patrol,0.08,-0.268,-0.157,0.1106
214,68526.2,126,Patrol,-0.15,-0.157,-0.152,0.0055
214,68540.3,108,SweepArea,-0.29,0.038,-0.047,-0.0850
214,68556.5,108,SweepArea,-0.31,-0.047,-0.124,-0.0772
214,68601.7,109,Patrol,-0.80,-0.821,-0.814,0.0073
214,68620.1,145,Patrol,1.00,-0.320,0.085,0.4053
214,68620.7,145,Patrol,-0.64,0.085,-0.119,-0.2048
214,68625.7,75,InvestigateLastHeard,-0.01,0.102,0.086,-0.0162
214,68640.9,115,HeatSweep,-0.65,-0.346,-0.425,-0.0794
214,68653.7,129,AmbushHotChoke,-0.01,-0.308,-0.207,0.1012
214,68666.2,115,HeatSweep,0.03,-0.425,-0.282,0.1434
214,68672.3,145,SweepArea,0.10,-0.990,-0.652,0.3383
215,68717.4,145,Patrol,-0.80,-0.119,-0.321,-0.2017
215,68762.4,144,Patrol,-0.80,-0.449,-0.552,-0.1024
215,68807.7,144,Patrol,-0.73,-0.552,-0.602,-0.0500
215,68821.3,108,SweepArea,0.01,-0.124,-0.068,0.0557
215,68850.7,126,Patrol,0.14,-0.152,-0.060,0.0921
215,68865.1,128,SweepArea,-0.14,-0.250,-0.203,0.0467
215,68873.9,144,SweepArea,-0.24,-0.725,-0.560,0.1651
215,68882.5,144,SweepArea,-0.08,-0.560,-0.398,0.1619
215,68892.3,144,SweepArea,-0.35,-0.398,-0.365,0.0332
215,68900.6,144,SweepArea,-0.28,-0.365,-0.321,0.0444
215,68910.2,144,HideSpotCheck,0.31,-0.793,-0.445,0.3478
215,68919.1,144,SweepArea,-0.24,-0.321,-0.278,0.0430
215,68927.5,144,SweepArea,-0.08,-0.278,-0.199,0.0788
215,68936.2,144,SweepArea,-0.24,-0.199,-0.191,0.0078
215,68945.0,144,SweepArea,-0.19,-0.191,-0.171,0.0204
215,68953.9,144,SweepArea,-0.44,-0.171,-0.233,-0.0617
215,68963.0,144,SweepArea,-0.39,-0.233,-0.262,-0.0290
215,68972.0,144,SweepArea,-1.09,-0.262,-0.491,-0.2296
215,68982.1,144,HideSpotCheck,0.30,-0.445,-0.213,0.2324
215,69010.8,145,Patrol,-0.19,-0.321,-0.277,0.0439
215,69055.5,145,Patrol,-0.16,-0.277,-0.240,0.0372
215,69070.7,129,AmbushHotChoke,-0.50,-0.207,-0.288,-0.0815
215,69115.7,145,Patrol,-0.95,-0.240,-0.451,-0.2116
215,69160.8,145,Patrol,-0.89,-0.451,-0.580,-0.1290
215,69202.4,145,Patrol,-0.32,-0.580,-0.499,0.0810
215,69247.7,145,Patrol,-1.05,-0.499,-0.664,-0.1644
215,69258.3,145,SweepArea,-0.26,-0.652,-0.524,0.1277
215,69283.5,145,SweepArea,-0.67,-0.524,-0.565,-0.0403
215,69287.9,145,SweepArea,10.00,-0.565,2.605,3.1694
216,69299.4,145,SweepArea,-0.01,2.605,1.834,-0.7711
216,69310.4,144,HideSpotCheck,0.14,-0.213,-0.091,0.1217
216,69310.7,108,SweepArea,1.00,-0.068,0.279,0.3470
216,69311.1,108,SweepArea,1.00,0.279,0.522,0.2432
216,69313.9,108,SweepArea,1.12,0.522,0.723,0.2008
216,69314.2,108,SweepArea,0.86,0.723,0.787,0.0640
216,69314.8,108,SweepArea,0.76,0.787,0.796,0.0098
216,69315.1,108,SweepArea,0.65,0.796,0.772,-0.0245
216,69315.5,108,SweepArea,-0.05,0.772,0.543,-0.2287
216,69315.9,108,SweepArea,-0.31,0.543,0.307,-0.2367
216,69316.3,108,SweepArea,-0.56,0.307,0.064,-0.2421
216,69316.6,108,SweepArea,-0.81,0.064,-0.181,-0.2459
216,69317.0,108,SweepArea,-1.07,-0.181,-0.430,-0.2484
216,69317.3,108,SweepArea,-1.32,-0.430,-0.680,-0.2501
216,69317.7,108,SweepArea,-1.57,-0.680,-0.932,-0.2518
216,69318.1,108,SweepArea,-1.83,-0.932,-1.184,-0.2526
216,69318.4,108,SweepArea,-2.08,-1.184,-1.437,-0.2530
216,69318.7,108,SweepArea,-2.33,-1.437,-1.691,-0.2534
216,69319.1,108,SweepArea,-2.59,-1.691,-1.944,-0.2537
216,69319.4,108,SweepArea,-2.84,-1.944,-2.198,-0.2538
216,69319.7,108,SweepArea,-3.09,-2.198,-2.452,-0.2540
216,69320.1,108,SweepArea,-3.35,-2.452,-2.706,-0.2540
216,69320.4,108,SweepArea,-3.40,-2.706,-2.900,-0.1940
216,69320.8,108,SweepArea,-3.65,-2.900,-3.113,-0.2125
216,69321.2,108,SweepArea,-3.91,-3.113,-3.338,-0.2250
216,69321.5,108,SweepArea,-4.16,-3.338,-3.571,-0.2338
216,69321.9,108,SweepArea,-4.41,-3.571,-3.811,-0.2398
216,69322.2,108,SweepArea,10.00,-3.811,0.336,4.1477
217,69322.2,108,SweepArea,-0.27,0.336,0.276,-0.0607
217,69322.6,120,HideSpotCheck,1.20,0.738,0.900,0.1619
217,69322.9,120,HideSpotCheck,1.20,0.900,1.013,0.1130
217,69323.2,120,HideSpotCheck,1.20,1.013,1.092,0.0787
217,69323.5,120,HideSpotCheck,1.09,1.092,1.112,0.0210
217,69323.9,120,HideSpotCheck,-0.57,1.112,0.629,-0.4837
217,69363.2,90,Patrol,0.01,-0.054,-0.031,0.0222
217,69408.3,126,Patrol,-0.80,-0.060,-0.279,-0.2197
217,69408.7,144,HideSpotCheck,-0.50,-0.091,-0.184,-0.0927
217,69408.9,144,HideSpotCheck,-0.50,-0.184,-0.248,-0.0649
217,69409.2,144,HideSpotCheck,-0.50,-0.248,-0.294,-0.0455
217,69423.9,144,SweepArea,-0.30,-0.491,-0.419,0.0724
217,69425.9,144,HideSpotCheck,0.38,-0.294,-0.064,0.2299
217,69427.9,144,HideSpotCheck,0.23,-0.064,0.051,0.1150
217,69429.8,144,HideSpotCheck,0.23,0.051,0.132,0.0810
217,69431.6,144,HideSpotCheck,0.13,0.132,0.168,0.0358
217,69433.6,144,HideSpotCheck,0.03,0.168,0.172,0.0041
217,69435.4,144,HideSpotCheck,0.68,0.172,0.349,0.1767
217,69435.9,144,HideSpotCheck,-1.38,0.349,-0.162,-0.5110
217,69452.1,60,SweepArea,-0.01,-0.068,-0.039,0.0297
217,69481.2,144,Patrol,0.11,-0.602,-0.384,0.2179
217,69504.3,128,SweepArea,-0.16,-0.203,-0.182,0.0212
217,69514.3,144,HideSpotCheck,0.30,-0.162,-0.006,0.1569
217,69524.5,144,HideSpotCheck,0.15,-0.006,0.058,0.0636
218,69569.7,144,Patrol,-0.80,-0.384,-0.506,-0.1224
218,69573.6,144,HideSpotCheck,0.40,0.058,0.185,0.1264
218,69575.6,144,HideSpotCheck,0.23,0.185,0.248,0.0634
218,69576.6,144,HideSpotCheck,0.99,0.248,0.495,0.2471
218,69577.8,144,HideSpotCheck,-0.54,0.495,0.192,-0.3030
218,69593.4,60,SweepArea,-0.01,-0.039,-0.003,0.0356
218,69603.1,144,HideSpotCheck,0.15,0.192,0.216,0.0236
218,69613.1,144,HideSpotCheck,0.30,0.216,0.280,0.0643
218,69620.0,144,HideSpotCheck,0.18,0.280,0.309,0.0292
218,69630.0,144,HideSpotCheck,0.05,0.309,0.287,-0.0222
218,69637.1,144,HideSpotCheck,0.17,0.287,0.311,0.0237
218,69647.1,144,HideSpotCheck,0.00,0.311,0.273,-0.0372
218,69656.8,144,HideSpotCheck,-0.85,0.273,-0.013,-0.2867
218,69666.7,144,HideSpotCheck,-1.10,-0.013,-0.321,-0.3077
218,69676.9,144,HideSpotCheck,-1.20,-0.321,-0.567,-0.2464
218,69685.7,144,SweepArea,-0.24,-0.419,-0.346,0.0730
218,69695.1,144,SweepArea,-0.09,-0.346,-0.251,0.0951
218,69704.6,144,SweepArea,-0.25,-0.251,-0.231,0.0199
218,69713.2,144,SweepArea,-0.19,-0.231,-0.198,0.0325
218,69730.5,144,SweepArea,-0.22,-0.198,-0.193,0.0050
218,69732.0,144,SweepArea,-0.47,-0.193,-0.247,-0.0541
218,69733.3,144,SweepArea,-1.16,-0.247,-0.495,-0.2471
218,69734.8,144,SweepArea,-1.41,-0.495,-0.743,-0.2486
218,69780.0,144,Patrol,-0.88,-0.506,-0.566,-0.0594
218,69793.5,145,AmbushHotChoke,0.02,-0.963,-0.394,0.5691
218,69807.2,145,SweepArea,-0.29,1.834,1.471,-0.3632
218,69823.9,145,SweepArea,-0.32,1.471,1.121,-0.3496
218,69837.9,145,SweepArea,-5.00,1.121,-0.715,-1.8363
219,69849.1,145,SweepArea,-0.60,-0.715,-0.673,0.0423
219,69879.7,144,Patrol,0.09,-0.566,-0.362,0.2039
219,69924.9,126,Patrol,-0.73,-0.279,-0.413,-0.1336
219,69963.9,144,Patrol,0.16,-0.362,-0.196,0.1662
219,69979.1,108,SweepArea,10.00,0.276,3.193,2.9173
220,69989.1,108,SweepArea,-0.60,3.193,2.063,-1.1302
220,70034.3,144,Patrol,-0.80,-0.196,-0.375,-0.1791
220,70079.5,144,Patrol,-0.87,-0.375,-0.520,-0.1456
220,70113.4,144,Patrol,0.84,-0.520,-0.108,0.4117
220,70114.2,144,Patrol,-0.90,-0.108,-0.329,-0.2201
220,70122.6,74,AmbushHotChoke,-0.23,0.319,0.563,0.2435
220,70126.8,114,AmbushHotChoke,-0.19,2.091,1.912,-0.1795
220,70129.5,114,AmbushHotChoke,-0.18,1.912,1.785,-0.1271
220,70133.0,114,AmbushHotChoke,-0.29,1.785,1.610,-0.1749
220,70135.8,114,AmbushHotChoke,-0.19,1.610,1.488,-0.1220
220,70150.9,114,AmbushHotChoke,-0.80,1.488,0.815,-0.6730
220,70155.0,144,HideSpotCheck,0.39,-0.567,-0.257,0.3106
220,70157.1,144,HideSpotCheck,0.23,-0.257,-0.084,0.1725
220,70158.9,144,HideSpotCheck,0.23,-0.084,0.037,0.1217
220,70160.9,144,HideSpotCheck,0.13,0.037,0.092,0.0545
220,70162.8,144,HideSpotCheck,0.03,0.092,0.101,0.0090
220,70164.6,144,HideSpotCheck,-0.07,0.101,0.078,-0.0232
220,70166.6,144,HideSpotCheck,-0.77,0.078,-0.150,-0.2275
220,70168.4,144,HideSpotCheck,-1.02,-0.150,-0.383,-0.2336
221,70209.9,144,Patrol,-0.01,-0.329,-0.231,0.0977
222,70255.0,144,Patrol,-0.80,-0.231,-0.399,-0.1680
222,70269.8,144,HideSpotCheck,0.10,-0.383,0.052,0.4351
222,70285.1,108,SweepArea,-0.30,2.063,1.366,-0.6965
222,70296.0,144,HideSpotCheck,0.14,0.052,0.096,0.0441
222,70306.5,144,HideSpotCheck,0.34,0.096,0.188,0.0919
222,70317.2,144,HideSpotCheck,0.14,0.188,0.207,0.0190
222,70328.2,144,HideSpotCheck,0.24,0.207,0.252,0.0458
222,70373.4,144,Patrol,-0.73,-0.399,-0.457,-0.0577
222,70377.3,108,SweepArea,-0.19,1.366,1.235,-0.1318
222,70381.8,108,SweepArea,-0.19,1.235,1.100,-0.1341
222,70387.6,108,SweepArea,10.00,1.100,3.771,2.6702
223,70387.9,108,SweepArea,1.09,3.771,2.985,-0.7858
223,70388.3,108,SweepArea,-0.54,2.985,1.955,-1.0300
223,70403.4,56,AmbushHotChoke,-0.50,0.126,-0.028,-0.1534
223,70416.7,144,HideSpotCheck,0.12,0.252,0.250,-0.0021
223,70427.1,144,HideSpotCheck,0.15,0.250,0.263,0.0124
223,70442.2,144,HideSpotCheck,-0.63,0.263,0.031,-0.2313
223,70453.3,144,HideSpotCheck,0.22,0.031,0.104,0.0727
223,70464.2,144,HideSpotCheck,-0.06,0.104,0.073,-0.0308
223,70474.8,144,HideSpotCheck,0.04,0.073,0.082,0.0082
223,70485.6,144,HideSpotCheck,-0.86,0.082,-0.183,-0.2648
223,70497.2,126,Patrol,0.88,-0.413,-0.010,0.4032
223,70497.6,126,Patrol,-0.40,-0.010,-0.036,-0.0264
223,70512.6,74,AmbushHotChoke,-0.50,0.563,0.254,-0.3091
223,70520.3,128,SweepArea,0.07,-0.182,-0.091,0.0904
223,70543.2,128,SweepArea,-0.06,-0.091,-0.075,0.0160
223,70552.2,128,SweepArea,-0.24,-0.075,-0.112,-0.0361
223,70561.1,128,SweepArea,-0.19,-0.112,-0.121,-0.0093
223,70570.1,128,SweepArea,-0.29,-0.121,-0.158,-0.0368
223,70578.8,128,SweepArea,-0.54,-0.158,-0.258,-0.1004
223,70587.7,128,SweepArea,-1.24,-0.258,-0.539,-0.2810
223,70594.8,128,HeatSweep,0.13,-0.332,-0.172,0.1595
223,70595.1,144,HideSpotCheck,-0.50,-0.183,-0.249,-0.0658
223,70595.4,144,HideSpotCheck,-0.50,-0.249,-0.295,-0.0461
223,70595.7,144,HideSpotCheck,-0.50,-0.295,-0.327,-0.0323
223,70596.0,144,HideSpotCheck,-0.60,-0.327,-0.380,-0.0526
223,70596.3,144,HideSpotCheck,-0.70,-0.380,-0.447,-0.0668
223,70596.6,144,HideSpotCheck,-0.80,-0.447,-0.524,-0.0768
223,70628.4,144,Patrol,-0.06,-0.457,-0.333,0.1232
223,70642.7,128,HeatSweep,0.08,-0.172,-0.085,0.0871
223,70657.0,128,HeatSweep,0.01,-0.085,-0.044,0.0417
223,70702.1,144,Patrol,-0.95,-0.333,-0.516,-0.1824
223,70743.5,144,Patrol,-0.05,-0.516,-0.372,0.1434
223,70747.0,115,AmbushHotChoke,-0.18,-1.287,-0.936,0.3507
223,70792.1,115,Patrol,-0.95,-0.600,-0.703,-0.1039
223,70802.8,145,AmbushHotChoke,-0.02,-0.394,-0.269,0.1245
223,70816.2,115,SweepArea,-0.28,-1.324,-1.000,0.3239
223,70822.9,115,AmbushHotChoke,-0.01,-0.936,-0.643,0.2936
223,70835.8,115,HeatSweep,0.02,-0.282,-0.183,0.0991
223,70844.7,145,AmbushHotChoke,0.04,-0.269,-0.160,0.1090
223,70850.4,117,AmbushHotChoke,-0.21,-0.051,-0.091,-0.0397
224,70895.8,135,Patrol,-0.80,-0.710,-0.736,-0.0252
224,70940.8,144,Patrol,-0.55,-0.372,-0.366,0.0063
224,70948.8,108,SweepArea,-0.23,1.955,1.689,-0.2653
224,70953.8,108,SweepArea,10.00,1.689,4.207,2.5177
225,70974.0,108,SweepArea,-0.60,4.207,2.773,-1.4346
225,71016.3,144,Patrol,0.05,-0.366,-0.240,0.1261
225,71019.7,128,HeatSweep,-0.18,-0.044,-0.068,-0.0244
225,71023.1,128,HeatSweep,-0.18,-0.068,-0.085,-0.0169
225,71026.5,128,HeatSweep,-0.18,-0.085,-0.097,-0.0118
225,71029.9,128,HeatSweep,-0.28,-0.097,-0.135,-0.0386
225,71033.4,128,HeatSweep,-0.38,-0.135,-0.192,-0.0571
225,71036.9,128,HeatSweep,-0.49,-0.192,-0.263,-0.0701
225,71040.3,128,HeatSweep,-1.18,-0.263,-0.521,-0.2588
225,71055.3,128,AmbushHotChoke,-0.36,-0.385,-0.366,0.0187
225,71064.0,128,AmbushHotChoke,0.14,-0.366,-0.057,0.3092
225,71066.6,114,AmbushHotChoke,-0.18,0.815,0.732,-0.0830
225,71070.5,114,AmbushHotChoke,-0.29,0.732,0.605,-0.1269
225,71073.1,114,AmbushHotChoke,-0.38,0.605,0.469,-0.1354
225,71076.0,114,AmbushHotChoke,-0.48,0.469,0.307,-0.1626
225,71089.1,114,SweepArea,-0.28,-0.219,-0.191,0.0285
225,71096.0,114,AmbushHotChoke,-0.02,0.307,0.274,-0.0327
225,71099.5,114,AmbushHotChoke,-0.18,0.274,0.205,-0.0688
225,71102.7,114,AmbushHotChoke,-0.18,0.205,0.142,-0.0637
225,71106.3,114,AmbushHotChoke,-0.29,0.142,0.049,-0.0932
225,71110.7,114,AmbushHotChoke,-0.39,0.049,-0.062,-0.1110
225,71114.5,114,AmbushHotChoke,-0.49,-0.062,-0.168,-0.1057
225,71128.0,114,AmbushHotChoke,-0.98,-0.168,-0.403,-0.2344
225,71140.9,128,AmbushHotChoke,-1.25,-0.057,-0.401,-0.3442
225,71154.2,114,SweepArea,-0.28,-0.191,-0.205,-0.0140
225,71171.5,114,SweepArea,-0.32,-0.205,0.102,0.3072
225,71188.3,108,SweepArea,-0.16,2.773,2.244,-0.5287
225,71204.4,108,SweepArea,-0.26,2.244,1.788,-0.4559
225,71220.6,108,SweepArea,-0.51,1.788,1.332,-0.4563
225,71236.6,108,SweepArea,-0.46,1.332,0.970,-0.3618
225,71253.3,108,SweepArea,-1.32,0.970,0.408,-0.5622
225,71269.9,108,SweepArea,-1.41,0.408,-0.087,-0.4945
225,71295.1,108,SweepArea,-2.25,-0.087,-0.728,-0.6415
225,71324.0,126,Patrol,0.11,-0.036,0.015,0.0507
225,71368.6,126,Patrol,0.02,0.015,0.018,0.0033
225,71407.7,145,Patrol,0.01,-0.664,-0.462,0.2019
225,71453.1,109,Patrol,-0.90,-0.814,-0.839,-0.0255
225,71468.2,145,AmbushHotChoke,-0.50,-0.160,-0.255,-0.0952
225,71471.7,145,AmbushHotChoke,-0.19,-0.255,-0.222,0.0336
225,71474.8,145,AmbushHotChoke,-0.18,-0.222,-0.196,0.0255
225,71479.4,145,AmbushHotChoke,-0.30,-0.196,-0.214,-0.0178
225,71482.7,145,AmbushHotChoke,-0.38,-0.214,-0.252,-0.0378
225,71485.5,145,AmbushHotChoke,-0.48,-0.252,-0.306,-0.0544
225,71489.3,145,AmbushHotChoke,-1.19,-0.306,-0.558,-0.2519
227,71534.4,145,Patrol,-0.80,-0.462,-0.561,-0.0989
227,71579.6,126,Patrol,-0.65,0.018,-0.181,-0.1987
227,71610.5,144,Patrol,-0.01,-0.240,-0.165,0.0752
227,71654.2,126,Patrol,-0.25,-0.181,-0.198,-0.0177
227,71668.0,108,SweepArea,-0.29,-0.728,-0.582,0.1459
227,71684.6,108,SweepArea,-0.32,-0.582,-0.490,0.0927
227,71729.6,126,Patrol,-0.53,-0.198,-0.296,-0.0978
227,71733.9,108,SweepArea,-0.19,-0.490,-0.378,0.1116
227,71735.8,108,HideSpotCheck,0.23,-1.828,-1.186,0.6429
227,71740.8,108,SweepArea,-0.02,-0.378,-0.259,0.1193
227,71743.3,62,InvestigateLastHeard,-0.17,0.046,-0.013,-0.0590
227,71748.4,60,SweepArea,-0.20,-0.003,-0.041,-0.0375
227,71793.4,108,Patrol,-0.95,-0.750,-0.808,-0.0579
227,71804.6,127,HideSpotCheck,0.14,-0.618,-0.379,0.2393
227,71815.9,127,HideSpotCheck,0.36,-0.379,-0.141,0.2379
227,71831.1,129,AmbushHotChoke,-0.50,-0.288,-0.342,-0.0539
227,71834.9,127,HideSpotCheck,0.39,-0.141,0.038,0.1787
227,71876.0,127,Patrol,-0.31,-0.635,-0.535,0.1000
227,71891.0,127,AmbushHotChoke,-0.65,-1.243,-1.055,0.1876
227,71891.3,127,HideSpotCheck,-0.50,0.038,-0.102,-0.1397
227,71891.6,127,AmbushHotChoke,10.00,-1.055,2.262,3.3165
228,71891.9,127,AmbushHotChoke,1.15,2.262,1.956,-0.3053
228,71892.4,127,AmbushHotChoke,-0.41,1.956,1.263,-0.6934
228,71895.3,57,AmbushHotChoke,0.12,0.062,0.098,0.0363
228,71940.4,90,Patrol,-0.80,-0.031,-0.259,-0.2278
228,71973.2,144,Patrol,0.84,-0.165,0.140,0.3052
229,71974.0,144,Patrol,-0.69,0.140,-0.102,-0.2426
229,71974.7,114,SweepArea,1.00,0.102,0.386,0.2840
229,71975.3,114,SweepArea,-0.36,0.386,0.182,-0.2043
229,71979.3,90,SweepArea,-0.19,-0.217,-0.191,0.0258
229,71983.8,90,SweepArea,-0.29,-0.191,-0.199,-0.0073
229,72028.8,144,Patrol,-0.80,-0.102,-0.309,-0.2065
229,72039.5,144,HideSpotCheck,0.14,-0.524,-0.307,0.2168
229,72050.0,144,HideSpotCheck,0.40,-0.307,-0.077,0.2294
229,72095.3,126,Patrol,-0.80,-0.296,-0.445,-0.1489
229,72100.3,144,HideSpotCheck,0.39,-0.077,0.084,0.1618
229,72102.1,144,HideSpotCheck,0.23,0.084,0.156,0.0711
229,72104.2,144,HideSpotCheck,0.23,0.156,0.220,0.0643
229,72106.1,144,HideSpotCheck,0.13,0.220,0.253,0.0331
229,72108.1,144,HideSpotCheck,0.03,0.253,0.254,0.0013
229,72124.5,144,SweepArea,-0.01,-0.743,-0.491,0.2517
229,72129.2,144,HideSpotCheck,0.20,0.254,0.299,0.0446
229,72129.5,144,HideSpotCheck,1.00,0.299,0.535,0.2357
229,72129.9,144,HideSpotCheck,-0.20,0.535,0.335,-0.2000
229,72144.1,56,HeatSweep,0.01,0.050,0.086,0.0354
229,72144.4,144,HideSpotCheck,-0.50,0.335,0.183,-0.1515
229,72144.7,144,HideSpotCheck,-0.50,0.183,0.032,-0.1508
229,72145.0,144,HideSpotCheck,-0.50,0.032,-0.098,-0.1304
229,72145.3,144,HideSpotCheck,-0.60,-0.098,-0.220,-0.1213
229,72145.6,144,HideSpotCheck,-0.70,-0.220,-0.334,-0.1149
229,72164.3,144,SweepArea,-0.17,-0.491,-0.388,0.1032
229,72179.5,128,AmbushHotChoke,-0.38,-0.401,-0.368,0.0330
229,72197.2,114,SweepArea,-0.33,0.182,0.038,-0.1444
229,72208.4,128,AmbushHotChoke,0.04,-0.368,-0.230,0.1386
229,72253.6,144,Patrol,-0.94,-0.309,-0.495,-0.1861
229,72253.9,144,HideSpotCheck,-0.50,-0.334,-0.355,-0.0204
229,72254.2,144,HideSpotCheck,-0.50,-0.355,-0.369,-0.0143
229,72254.5,144,HideSpotCheck,-0.50,-0.369,-0.388,-0.0184
229,72263.8,128,AmbushHotChoke,-0.24,-0.230,-0.215,0.0144
229,72264.1,144,HideSpotCheck,-0.50,-0.388,-0.392,-0.0045
229,72265.5,144,SweepArea,-0.16,-0.388,-0.294,0.0946
229,72266.9,144,SweepArea,-0.16,-0.294,-0.227,0.0667
229,72268.3,144,SweepArea,-0.16,-0.227,-0.181,0.0462
229,72269.9,144,SweepArea,-0.27,-0.181,-0.179,0.0020
229,72271.3,144,SweepArea,-0.36,-0.179,-0.207,-0.0282
229,72316.4,144,Patrol,-0.93,-0.495,-0.623,-0.1285
229,72324.1,144,SweepArea,-0.04,-0.207,-0.143,0.0639
229,72337.3,128,AmbushHotChoke,-0.28,-0.215,-0.221,-0.0052
229,72338.7,144,SweepArea,-0.16,-0.143,-0.122,0.0215
229,72340.1,144,SweepArea,-0.16,-0.122,-0.107,0.0145
229,72385.5,144,Patrol,-0.93,-0.623,-0.713,-0.0901
229,72393.8,144,SweepArea,-0.05,-0.107,-0.075,0.0316
229,72407.5,128,AmbushHotChoke,-0.29,-0.221,-0.226,-0.0054
229,72408.9,144,SweepArea,-0.16,-0.075,-0.074,0.0012
229,72410.4,144,SweepArea,-0.17,-0.074,-0.074,0.0001
229,72411.8,144,SweepArea,-0.16,-0.074,-0.074,0.0004
229,72413.3,144,SweepArea,-0.27,-0.074,-0.117,-0.0432
229,72422.7,145,AmbushHotChoke,-0.04,-0.558,-0.386,0.1721
229,72435.9,129,HideSpotCheck,0.12,-0.328,-0.180,0.1480
229,72446.5,129,HideSpotCheck,0.37,-0.180,0.001,0.1809
229,72457.1,129,HideSpotCheck,0.14,0.001,0.060,0.0589
229,72467.7,129,HideSpotCheck,0.27,0.060,0.139,0.0787
229,72478.4,129,HideSpotCheck,-0.06,0.139,0.104,-0.0343
229,72489.0,129,HideSpotCheck,0.07,0.104,0.112,0.0077
229,72499.4,129,HideSpotCheck,-0.85,0.112,-0.158,-0.2703
229,72510.1,129,HideSpotCheck,-0.88,-0.158,-0.359,-0.2009
229,72525.2,129,AmbushHotChoke,-0.65,-0.342,-0.422,-0.0800
229,72528.8,129,HideSpotCheck,0.40,-0.359,-0.109,0.2500
229,72530.7,129,HideSpotCheck,0.23,-0.109,0.018,0.1272
229,72532.5,129,HideSpotCheck,0.23,0.018,0.107,0.0894
229,72534.3,129,HideSpotCheck,0.13,0.107,0.144,0.0367
229,72536.1,129,HideSpotCheck,0.03,0.144,0.150,0.0057
229,72541.5,129,AmbushHotChoke,-0.20,-0.422,-0.322,0.0996
229,72545.6,129,HideSpotCheck,0.40,0.150,0.261,0.1109
229,72547.5,129,HideSpotCheck,0.23,0.261,0.323,0.0626
229,72549.4,129,HideSpotCheck,0.23,0.323,0.383,0.0602
229,72551.3,129,HideSpotCheck,0.13,0.383,0.411,0.0280
229,72567.6,129,SweepArea,-0.31,-0.817,-0.612,0.2050
229,72569.6,129,HideSpotCheck,0.38,0.411,0.514,0.1029
229,72575.6,129,HideSpotCheck,0.94,0.514,0.661,0.1471
229,72579.2,129,HideSpotCheck,-0.45,0.661,0.342,-0.3191
229,72584.1,105,InvestigateLastHeard,-0.02,0.086,0.069,-0.0167
229,72597.0,153,SweepArea,-0.28,-0.135,-0.169,-0.0338
229,72605.5,153,SweepArea,-0.24,-0.169,-0.177,-0.0087
229,72615.3,153,HideSpotCheck,0.30,-0.175,-0.021,0.1543
229,72619.0,153,HideSpotCheck,-5.00,-0.021,-1.515,-1.4937
230,72630.5,153,HideSpotCheck,-0.50,-1.515,-1.197,0.3174
230,72630.9,126,HideSpotCheck,-0.50,-0.425,-0.418,0.0065
230,72631.2,126,HideSpotCheck,-0.50,-0.418,-0.414,0.0046
230,72631.5,126,HideSpotCheck,-0.60,-0.414,-0.440,-0.0267
230,72631.9,126,HideSpotCheck,-0.70,-0.440,-0.489,-0.0488
231,72677.0,126,Patrol,-0.80,-0.445,-0.549,-0.1040
231,72690.1,144,SweepArea,10.00,-0.117,2.930,3.0470
232,72690.7,144,SweepArea,0.01,2.930,2.491,-0.4395
232,72715.8,144,SweepArea,-0.60,2.491,1.572,-0.9192
232,72723.1,126,HideSpotCheck,0.36,-0.489,-0.215,0.2747
232,72733.1,126,HideSpotCheck,0.15,-0.215,-0.087,0.1272
232,72742.8,126,HideSpotCheck,0.30,-0.087,0.048,0.1352
232,72752.5,126,HideSpotCheck,0.21,0.048,0.113,0.0654
232,72762.1,126,HideSpotCheck,-0.05,0.113,0.086,-0.0274
232,72772.0,126,HideSpotCheck,0.00,0.086,0.079,-0.0070
232,72782.0,126,HideSpotCheck,-0.85,0.079,-0.182,-0.2608
232,72791.7,126,HideSpotCheck,-1.10,-0.182,-0.439,-0.2565
232,72801.3,126,HideSpotCheck,-1.20,-0.439,-0.648,-0.2092
232,72831.3,126,Patrol,0.10,-0.549,-0.348,0.2011
232,72853.8,126,SweepArea,-0.21,-0.787,-0.603,0.1832
232,72883.0,126,Patrol,-0.19,-0.348,-0.294,0.0537
232,72927.8,126,Patrol,0.02,-0.294,-0.153,0.1413
232,72942.2,144,SweepArea,-0.29,1.572,1.026,-0.5454
232,72987.4,126,Patrol,-0.83,-0.153,-0.354,-0.2009
232,73000.4,130,AmbushHotChoke,0.29,0.089,0.179,0.0900
232,73015.4,122,HeatSweep,-0.50,0.185,-0.007,-0.1923
232,73029.4,146,HeatSweep,0.07,0.010,0.028,0.0188
232,73039.9,147,AmbushHotChoke,-0.09,-0.473,-0.345,0.1277
232,73045.2,137,AmbushHotChoke,-0.20,-0.034,-0.068,-0.0343
232,73059.2,137,HeatSweep,0.09,-0.050,0.005,0.0550
232,73068.4,131,HeatSweep,-0.24,-0.125,-0.157,-0.0322
232,73083.6,147,AmbushHotChoke,-0.44,-0.345,-0.363,-0.0178
232,73095.7,137,HeatSweep,-0.27,0.005,-0.076,-0.0806
232,73110.8,147,AmbushHotChoke,-0.65,-0.363,-0.440,-0.0767
232,73124.3,137,SweepArea,-0.28,-0.062,-0.118,-0.0561
232,73129.5,137,AmbushHotChoke,0.00,-0.068,-0.032,0.0362
232,73132.7,137,AmbushHotChoke,-0.18,-0.032,-0.059,-0.0269
232,73136.4,137,AmbushHotChoke,-0.19,-0.059,-0.080,-0.0206
232,73150.5,137,HeatSweep,-0.04,-0.076,-0.052,0.0240
232,73150.8,77,HideSpotCheck,-0.50,0.084,-0.066,-0.1494
232,73164.9,77,SweepArea,-0.29,0.070,-0.036,-0.1064
232,73180.1,147,AmbushHotChoke,-0.65,-0.440,-0.493,-0.0538
232,73194.2,137,HeatSweep,-0.29,-0.052,-0.087,-0.0352
232,73198.0,159,HideSpotCheck,0.39,0.252,0.354,0.1026
232,73239.1,159,Patrol,-0.31,0.057,-0.051,-0.1078
232,73241.9,137,AmbushHotChoke,-0.18,-0.080,-0.091,-0.0110
232,73255.9,137,HeatSweep,-0.06,-0.087,-0.066,0.0205
232,73270.2,131,SweepArea,-0.29,-0.137,-0.182,-0.0447
232,73285.4,147,AmbushHotChoke,-0.62,-0.493,-0.523,-0.0292
232,73300.5,137,HeatSweep,-0.50,-0.066,0.078,0.1446
232,73307.7,149,SweepArea,-5.00,1.988,-0.109,-2.0963
233,73309.7,149,SweepArea,0.06,-0.109,0.133,0.2415
233,73315.1,144,SweepArea,-0.20,1.026,0.890,-0.1358
233,73360.3,144,Patrol,-0.80,-0.713,-0.713,-0.0001
233,73373.6,144,SweepArea,-0.05,0.890,0.743,-0.1471
233,73390.0,144,SweepArea,-0.31,0.743,0.523,-0.2206
233,73406.1,144,SweepArea,-0.16,0.523,0.386,-0.1366
233,73431.3,144,SweepArea,-0.63,0.386,0.145,-0.2416
233,73433.7,152,HeatSweep,10.00,0.756,3.529,2.7733
234,73437.3,152,HeatSweep,0.09,3.529,2.513,-1.0160
234,73441.3,90,SweepArea,-0.19,-0.199,-0.161,0.0381
234,73445.1,144,SweepArea,-0.19,0.145,0.080,-0.0643
234,73449.3,144,SweepArea,-0.19,0.080,0.023,-0.0576
234,73451.2,144,HideSpotCheck,0.23,-0.392,-0.179,0.2135
234,73455.7,144,SweepArea,-0.19,0.023,-0.019,-0.0415
234,73459.2,144,SweepArea,-0.19,-0.019,-0.044,-0.0253
234,73462.7,144,SweepArea,-0.03,-0.044,-0.016,0.0283
234,73466.5,144,SweepArea,-0.14,-0.016,-0.028,-0.0118
234,73491.5,144,SweepArea,-0.80,-0.028,-0.251,-0.2238
234,73519.8,126,Patrol,0.22,-0.354,-0.176,0.1784
234,73564.2,126,Patrol,0.09,-0.176,-0.092,0.0832
234,73578.0,108,SweepArea,-0.29,-0.259,-0.254,0.0050
234,73594.3,108,SweepArea,-0.16,-0.254,-0.214,0.0400
234,73610.3,108,SweepArea,-0.31,-0.214,-0.230,-0.0163
234,73626.3,108,SweepArea,-0.41,-0.230,-0.272,-0.0418
234,73646.0,108,SweepArea,-0.55,-0.272,-0.344,-0.0717
234,73653.6,126,Patrol,1.07,-0.092,0.275,0.3675
234,73654.8,126,Patrol,-0.47,0.275,0.108,-0.1668
234,73659.2,74,InvestigateLastHeard,0.13,0.299,0.266,-0.0323
234,73674.4,128,AmbushHotChoke,-0.65,-0.226,-0.340,-0.1143
234,73686.3,144,HideSpotCheck,0.13,-0.179,-0.070,0.1090
234,73696.9,144,HideSpotCheck,0.33,-0.070,0.066,0.1357
234,73708.0,144,HideSpotCheck,0.14,0.066,0.105,0.0387
234,73718.5,144,HideSpotCheck,0.23,0.105,0.159,0.0545
234,73729.3,144,HideSpotCheck,-0.06,0.159,0.121,-0.0379
234,73739.8,144,HideSpotCheck,0.02,0.121,0.114,-0.0077
234,73750.7,144,HideSpotCheck,-0.86,0.114,-0.159,-0.2725
234,73761.3,144,HideSpotCheck,-0.93,-0.159,-0.372,-0.2132
234,73776.6,144,SweepArea,-0.30,-0.251,-0.253,-0.0019
234,73788.6,144,HideSpotCheck,0.31,-0.372,-0.151,0.2207
234,73799.2,144,HideSpotCheck,0.14,-0.151,-0.046,0.1058
234,73814.4,144,HideSpotCheck,-0.64,-0.046,-0.209,-0.1634
234,73829.7,144,HideSpotCheck,-0.75,-0.209,-0.358,-0.1494
234,73845.8,144,SweepArea,-0.31,-0.253,-0.258,-0.0043
234,73862.3,144,SweepArea,-0.16,-0.258,-0.217,0.0406
234,73878.6,144,SweepArea,-0.16,-0.217,-0.188,0.0296
234,73895.0,144,SweepArea,-0.41,-0.188,-0.243,-0.0553
234,73911.6,144,SweepArea,-0.36,-0.243,-0.266,-0.0237
234,73928.2,144,SweepArea,-0.62,-0.266,-0.359,-0.0923
234,73937.0,144,HideSpotCheck,0.34,-0.358,-0.129,0.2291
234,73937.6,144,HideSpotCheck,1.00,-0.129,0.236,0.3658
234,73940.5,144,HideSpotCheck,1.12,0.236,0.516,0.2797
234,73940.8,144,HideSpotCheck,0.86,0.516,0.636,0.1195
234,73941.2,144,HideSpotCheck,0.76,0.636,0.696,0.0605
234,73941.6,144,HideSpotCheck,0.65,0.696,0.707,0.0108
234,73941.9,144,HideSpotCheck,-0.05,0.707,0.503,-0.2037
234,73942.2,144,HideSpotCheck,-0.30,0.503,0.284,-0.2189
234,73942.5,144,HideSpotCheck,-0.55,0.284,0.055,-0.2295
234,73942.8,144,HideSpotCheck,-0.81,0.055,-0.182,-0.2368
234,73943.2,144,HideSpotCheck,-1.06,-0.182,-0.424,-0.2423
234,73943.5,144,HideSpotCheck,-1.31,-0.424,-0.670,-0.2459
234,73943.8,144,HideSpotCheck,-1.57,-0.670,-0.919,-0.2484
234,73944.1,144,HideSpotCheck,-1.82,-0.919,-1.169,-0.2501
234,73944.4,144,HideSpotCheck,-2.07,-1.169,-1.420,-0.2514
234,73944.7,144,HideSpotCheck,-2.33,-1.420,-1.672,-0.2523
234,73945.0,144,HideSpotCheck,-2.58,-1.672,-1.925,-0.2529
234,73945.4,144,HideSpotCheck,-2.83,-1.925,-2.178,-0.2533
234,73945.7,144,HideSpotCheck,-3.09,-2.178,-2.432,-0.2535
234,73946.0,144,HideSpotCheck,-3.34,-2.432,-2.686,-0.2537
234,73946.4,144,HideSpotCheck,-3.59,-2.686,-2.940,-0.2541
234,73946.7,144,HideSpotCheck,-3.85,-2.940,-3.194,-0.2541
234,73947.0,144,HideSpotCheck,-4.10,-3.194,-3.448,-0.2540
234,73947.3,144,HideSpotCheck,-4.15,-3.448,-3.642,-0.1941
234,73947.6,144,HideSpotCheck,-4.41,-3.642,-3.854,-0.2121
234,73947.9,144,HideSpotCheck,-4.66,-3.854,-4.078,-0.2246
234,73948.2,144,HideSpotCheck,-4.91,-4.078,-4.312,-0.2334
234,73948.5,144,HideSpotCheck,-5.17,-4.312,-4.551,-0.2396
234,73948.8,144,HideSpotCheck,-5.42,-4.551,-4.795,-0.2439
234,73949.1,144,HideSpotCheck,-5.67,-4.795,-5.042,-0.2468
234,73949.5,144,HideSpotCheck,-5.92,-5.042,-5.291,-0.2492
234,73949.8,144,HideSpotCheck,-6.18,-5.291,-5.542,-0.2506
234,73950.1,144,HideSpotCheck,-6.43,-5.542,-5.794,-0.2516
234,73950.4,144,HideSpotCheck,-6.68,-5.794,-6.046,-0.2522
234,73950.7,144,HideSpotCheck,-6.94,-6.046,-6.299,-0.2527
234,73951.0,144,HideSpotCheck,10.00,-6.299,-1.409,4.8896
235,73951.0,144,HideSpotCheck,-0.29,-1.409,-1.061,0.3481
235,73951.4,122,AmbushHotChoke,1.20,0.039,0.417,0.3782
235,73951.7,122,AmbushHotChoke,1.20,0.417,0.681,0.2632
235,73952.0,122,AmbushHotChoke,1.19,0.681,0.861,0.1807
235,73952.5,122,AmbushHotChoke,-0.46,0.861,0.484,-0.3776
235,73975.5,90,SweepArea,-0.08,-0.161,-0.126,0.0341
235,74004.6,126,Patrol,-0.19,0.108,0.026,-0.0825
235,74049.9,126,Patrol,-0.73,0.026,-0.199,-0.2249
235,74054.8,144,SweepArea,-0.01,-0.359,-0.232,0.1268
235,74071.4,144,SweepArea,-0.32,-0.232,-0.244,-0.0124
235,74100.6,126,Patrol,-0.19,-0.199,-0.190,0.0088
235,74145.5,126,Patrol,-0.13,-0.190,-0.169,0.0212
235,74160.5,144,SweepArea,-0.30,-0.244,-0.247,-0.0031
235,74189.6,126,Patrol,-0.19,-0.169,-0.169,0.0001
235,74234.8,126,Patrol,-0.88,-0.169,-0.380,-0.2112
235,74249.3,144,SweepArea,-0.29,-0.247,-0.248,-0.0002
235,74278.5,126,Patrol,-0.19,-0.380,-0.317,0.0632
235,74323.5,126,Patrol,-0.88,-0.317,-0.483,-0.1665
235,74329.4,144,SweepArea,-0.02,-0.248,-0.158,0.0899
235,74346.0,144,SweepArea,-0.32,-0.158,-0.193,-0.0348
235,74375.2,126,Patrol,-0.19,-0.483,-0.389,0.0940
235,74420.1,126,Patrol,-0.13,-0.389,-0.309,0.0808
235,74434.3,144,SweepArea,-0.29,-0.193,-0.212,-0.0196
235,74449.5,128,AmbushHotChoke,-0.51,-0.340,-0.382,-0.0420
235,74456.4,128,AmbushHotChoke,0.14,-0.382,-0.208,0.1745
235,74469.2,114,SweepArea,-0.28,0.038,-0.043,-0.0802
235,74492.8,108,SweepArea,-0.39,-0.344,-0.350,-0.0065
235,74516.9,128,Patrol,0.81,-0.764,-0.284,0.4805
235,74520.1,128,Patrol,-0.44,-0.284,-0.328,-0.0446
235,74523.2,67,HideSpotCheck,0.57,0.038,0.207,0.1689
235,74525.3,67,HideSpotCheck,0.58,0.207,0.331,0.1238
235,74541.9,121,SweepArea,-0.32,-0.029,-0.113,-0.0840
235,74557.0,147,AmbushHotChoke,-0.65,-0.523,-0.550,-0.0270
235,74572.2,131,HeatSweep,-0.50,-0.157,-0.249,-0.0917
235,74581.9,131,SweepArea,0.08,-0.182,-0.095,0.0873
235,74596.9,145,AmbushHotChoke,-0.57,-0.386,-0.416,-0.0299
235,74600.5,151,AmbushHotChoke,-0.03,0.187,0.167,-0.0193
235,74612.5,151,HeatSweep,0.18,-1.152,-0.744,0.4077
235,74633.3,153,SweepArea,-5.00,-0.177,-1.624,-1.4468
236,74634.3,153,SweepArea,-0.07,-1.624,-1.156,0.4681
236,74649.4,147,AmbushHotChoke,-0.50,-0.550,-0.521,0.0285
236,74654.4,144,SweepArea,-0.05,-0.212,-0.140,0.0724
236,74670.7,144,SweepArea,-0.31,-0.140,-0.179,-0.0393
236,74679.6,144,SweepArea,-0.09,-0.179,-0.133,0.0460
236,74688.5,144,SweepArea,-0.19,-0.133,-0.131,0.0024
236,74697.5,144,SweepArea,-0.44,-0.131,-0.205,-0.0739
236,74726.5,126,Patrol,0.11,-0.309,-0.177,0.1321
236,74771.2,126,Patrol,-0.13,-0.177,-0.159,0.0175
236,74786.2,144,SweepArea,-0.30,-0.205,-0.219,-0.0148
236,74814.9,126,Patrol,-0.19,-0.159,-0.161,-0.0015
237,74852.9,126,Patrol,0.02,-0.161,-0.102,0.0583
237,74866.9,144,SweepArea,0.01,-0.219,-0.136,0.0834
237,74896.1,126,Patrol,0.11,-0.102,-0.033,0.0696
237,74921.3,144,SweepArea,-0.45,-0.136,-0.222,-0.0860
237,74922.9,144,SweepArea,-0.01,-0.222,-0.132,0.0902
237,74924.4,144,SweepArea,-0.17,-0.132,-0.115,0.0172
237,74926.0,144,SweepArea,-0.27,-0.115,-0.132,-0.0178
237,74927.5,144,SweepArea,-0.37,-0.132,-0.175,-0.0428
237,74928.9,144,SweepArea,-0.46,-0.175,-0.234,-0.0591
237,74930.4,144,SweepArea,-1.17,-0.234,-0.486,-0.2518
237,74931.9,144,SweepArea,-1.41,-0.486,-0.737,-0.2511
237,74977.1,144,Patrol,-0.95,-0.713,-0.780,-0.0670
237,74985.9,144,SweepArea,-0.09,-0.737,-0.523,0.2143
237,75002.1,144,SweepArea,-0.31,-0.523,-0.447,0.0761
237,75031.3,126,Patrol,-0.19,-0.033,-0.074,-0.0410
237,75076.4,126,Patrol,-0.88,-0.074,-0.313,-0.2394
237,75090.8,144,SweepArea,-0.29,-0.447,-0.387,0.0597
237,75108.3,126,Patrol,1.04,-0.313,0.103,0.4160
237,75112.8,126,Patrol,-0.63,0.103,-0.075,-0.1783
237,75126.6,82,HeatSweep,0.01,0.414,0.304,-0.1100
237,75138.2,128,AmbushHotChoke,0.03,-0.208,-0.121,0.0872
237,75149.6,136,HeatSweep,0.23,0.046,0.115,0.0694
237,75159.3,124,AmbushHotChoke,0.10,0.093,0.312,0.2190
237,75172.7,142,SweepArea,-0.28,1.190,0.763,-0.4274
237,75217.9,143,Patrol,-0.92,0.098,-0.202,-0.3000
237,75221.8,149,SweepArea,-0.19,0.133,0.069,-0.0639
237,75226.1,149,SweepArea,-0.19,0.069,0.007,-0.0619
237,75240.5,149,HeatSweep,0.09,0.042,0.068,0.0265
237,75252.8,137,HeatSweep,-0.27,0.078,-0.016,-0.0942
237,75257.0,149,SweepArea,-0.19,0.007,-0.036,-0.0433
237,75271.5,149,HeatSweep,-0.06,0.068,0.040,-0.0279
237,75274.9,137,HeatSweep,-5.00,-0.016,-1.511,-1.4952
238,75286.7,137,HeatSweep,-0.50,-1.511,-1.195,0.3166
238,75309.5,144,SweepArea,-0.08,-0.387,-0.285,0.1019
238,75313.7,144,SweepArea,-0.04,-0.285,-0.188,0.0969
238,75318.1,144,SweepArea,-0.19,-0.188,-0.166,0.0220
238,75322.8,144,SweepArea,-0.15,-0.166,-0.136,0.0297
238,75347.8,144,SweepArea,-0.91,-0.136,-0.360,-0.2236
238,75360.7,144,SweepArea,-0.27,-0.360,-0.318,0.0424
238,75389.9,126,Patrol,0.11,-0.075,-0.014,0.0616
238,75412.4,144,SweepArea,-0.20,-0.318,-0.163,0.1547
238,75427.6,127,AmbushHotChoke,-0.37,1.263,0.948,-0.3145
238,75436.7,127,AmbushHotChoke,0.06,0.948,0.862,-0.0864
238,75439.9,127,AmbushHotChoke,-0.18,0.862,0.768,-0.0942
238,75442.8,127,AmbushHotChoke,-0.28,0.768,0.651,-0.1163
238,75446.3,127,AmbushHotChoke,-0.38,0.651,0.504,-0.1471
238,75450.4,127,AmbushHotChoke,-0.49,0.504,0.328,-0.1762
238,75453.9,127,AmbushHotChoke,-1.18,0.328,-0.043,-0.3712
238,75456.9,127,AmbushHotChoke,-1.43,-0.043,-0.440,-0.3973
238,75457.2,127,HideSpotCheck,-0.50,-0.102,-0.200,-0.0978
238,75457.5,127,HideSpotCheck,-0.50,-0.200,-0.268,-0.0684
238,75457.8,127,HideSpotCheck,-0.50,-0.268,-0.316,-0.0480
238,75458.1,127,HideSpotCheck,-0.60,-0.316,-0.380,-0.0635
238,75458.4,127,HideSpotCheck,-0.70,-0.380,-0.454,-0.0745
238,75462.6,127,AmbushHotChoke,-0.19,-0.440,-0.348,0.0920
238,75465.8,127,AmbushHotChoke,-0.18,-0.348,-0.280,0.0687
238,75470.1,127,AmbushHotChoke,-0.19,-0.280,-0.236,0.0437
238,75473.3,127,AmbushHotChoke,-0.28,-0.236,-0.231,0.0048
238,75476.5,127,AmbushHotChoke,-0.38,-0.231,-0.258,-0.0266
238,75478.9,127,AmbushHotChoke,-5.00,-0.258,-1.681,-1.4226
239,75480.2,127,AmbushHotChoke,0.11,-1.681,-1.124,0.5563
239,75480.5,127,HideSpotCheck,-0.35,-0.454,-0.394,0.0604
239,75482.1,144,SweepArea,-0.17,-0.163,-0.137,0.0265
239,75483.6,144,SweepArea,-0.16,-0.137,-0.118,0.0189
239,75485.1,144,SweepArea,-0.17,-0.118,-0.105,0.0130
239,75510.4,144,SweepArea,-0.64,-0.105,-0.257,-0.1528
239,75526.5,126,SweepArea,-0.20,-0.603,-0.471,0.1320
239,75536.5,108,SweepArea,-0.55,-0.350,-0.393,-0.0430
239,75546.2,108,SweepArea,-1.25,-0.393,-0.633,-0.2399
239,75555.0,114,SweepArea,-1.34,-0.043,-0.414,-0.3711
239,75562.0,114,HeatSweep,0.08,-0.241,-0.124,0.1168
239,75576.2,144,SweepArea,-0.09,-0.257,-0.194,0.0638
239,75587.1,114,SweepArea,0.05,-0.414,-0.235,0.1786
239,75587.5,98,HideSpotCheck,-0.35,0.225,0.120,-0.1051
239,75593.2,98,HideSpotCheck,0.19,0.120,0.702,0.5821
239,75599.0,152,AmbushHotChoke,-0.03,-0.115,-0.074,0.0415
239,75603.2,128,AmbushHotChoke,-0.19,-0.121,-0.125,-0.0044
239,75606.6,128,AmbushHotChoke,-0.18,-0.125,-0.119,0.0063
239,75615.5,146,HeatSweep,0.00,0.028,0.111,0.0829
239,75630.6,122,AmbushHotChoke,-0.50,0.484,0.213,-0.2708
239,75633.0,130,AmbushHotChoke,-0.17,0.179,0.121,-0.0586
239,75635.8,130,AmbushHotChoke,-0.18,0.121,0.063,-0.0580
239,75640.3,130,AmbushHotChoke,-0.30,0.063,-0.024,-0.0867
239,75644.1,130,AmbushHotChoke,-0.39,-0.024,-0.112,-0.0874
239,75651.5,130,AmbushHotChoke,-0.22,-0.112,-0.127,-0.0155
239,75654.7,130,AmbushHotChoke,-1.18,-0.127,-0.421,-0.2943
239,75668.5,130,HeatSweep,0.00,-0.163,-0.097,0.0656
239,75677.8,146,HeatSweep,-0.01,0.111,0.115,0.0043
239,75692.8,122,AmbushHotChoke,-0.65,0.213,-0.034,-0.2468
239,75704.7,130,HeatSweep,-0.06,-0.097,0.323,0.4199
239,75718.1,152,HeatSweep,-0.28,2.513,1.723,-0.7902
239,75733.2,130,HeatSweep,-0.50,0.323,0.092,-0.2310
239,75748.4,146,HeatSweep,-0.59,0.115,-0.085,-0.2000
239,75760.5,130,HeatSweep,-0.17,0.092,0.028,-0.0635
239,75772.7,146,HeatSweep,-0.15,-0.085,-0.044,0.0407
239,75773.1,82,HideSpotCheck,-0.50,0.381,0.230,-0.1507
239,75785.5,82,HeatSweep,-0.27,0.304,0.141,-0.1626
239,75805.7,134,SweepArea,10.00,-0.055,2.962,3.0165
240,75810.6,134,SweepArea,-0.60,2.962,1.901,-1.0606
240,75824.4,144,SweepArea,-0.05,-0.194,-0.137,0.0567
240,75840.6,108,SweepArea,-0.16,-0.633,-0.479,0.1538
240,75857.0,108,SweepArea,-0.41,-0.479,-0.447,0.0318
240,75872.9,108,SweepArea,-0.36,-0.447,-0.408,0.0393
240,75889.3,108,SweepArea,-0.61,-0.408,-0.458,-0.0496
240,75906.0,108,SweepArea,-1.17,-0.458,-0.658,-0.2009
240,75922.3,108,SweepArea,-1.41,-0.658,-0.872,-0.2134
240,75967.5,108,Patrol,-0.80,-0.808,-0.803,0.0048
240,76012.7,126,Patrol,-0.76,-0.014,-0.236,-0.2223
240,76058.0,126,Patrol,-0.80,-0.236,-0.403,-0.1669
240,76101.5,126,Patrol,-0.15,-0.403,-0.324,0.0792
240,76114.5,108,SweepArea,-0.28,-0.872,-0.691,0.1806
240,76159.6,109,Patrol,-0.95,-0.839,-0.870,-0.0314
240,76163.1,127,HideSpotCheck,0.21,-0.394,-0.193,0.2008
240,76165.1,127,HideSpotCheck,0.23,-0.193,-0.046,0.1467
240,76166.9,127,HideSpotCheck,0.23,-0.046,0.057,0.1033
240,76169.0,127,HideSpotCheck,0.13,0.057,0.099,0.0415
240,76171.0,127,HideSpotCheck,0.03,0.099,0.104,0.0058
240,76172.9,127,HideSpotCheck,-0.07,0.104,0.081,-0.0237
240,76174.9,127,HideSpotCheck,-0.77,0.081,-0.152,-0.2332
240,76177.7,127,HideSpotCheck,-1.03,-0.152,-0.396,-0.2437
240,76179.8,127,HideSpotCheck,-1.27,-0.396,-0.639,-0.2428
241,76225.0,127,Patrol,-0.80,-0.535,-0.613,-0.0773
241,76239.3,130,HeatSweep,0.08,0.028,0.060,0.0316
241,76253.9,136,HeatSweep,-0.30,0.115,0.004,-0.1111
241,76267.2,130,HeatSweep,0.09,0.060,0.083,0.0230
241,76275.1,130,HeatSweep,10.00,0.083,3.058,2.9756
242,76275.7,130,HeatSweep,1.06,3.058,2.478,-0.5804
242,76276.1,130,HeatSweep,0.91,2.478,2.024,-0.4537
242,76276.4,130,HeatSweep,-0.44,2.024,1.298,-0.7265
242,76278.0,90,SweepArea,-0.17,-0.126,-0.118,0.0083
242,76301.3,90,SweepArea,-0.08,-0.118,-0.099,0.0195
242,76318.1,144,SweepArea,-0.16,-0.137,-0.132,0.0050
242,76334.8,144,SweepArea,-0.42,-0.132,-0.205,-0.0728
242,76350.9,144,SweepArea,-0.51,-0.205,-0.284,-0.0790
242,76367.2,144,SweepArea,-0.61,-0.284,-0.370,-0.0858
242,76412.2,126,Patrol,-0.80,-0.324,-0.463,-0.1397
242,76416.3,144,SweepArea,-0.19,-0.370,-0.292,0.0775
242,76420.8,144,SweepArea,-0.20,-0.292,-0.240,0.0523
242,76425.3,144,SweepArea,10.00,-0.240,2.832,3.0719
243,76425.6,144,SweepArea,1.10,2.832,2.333,-0.4988
243,76425.9,144,SweepArea,-0.52,2.333,1.497,-0.8366
243,76441.1,56,HeatSweep,-0.50,0.086,0.116,0.0303
243,76444.7,144,SweepArea,-0.19,1.497,1.364,-0.1326
243,76448.9,144,SweepArea,-0.19,1.364,1.228,-0.1365
243,76453.0,144,SweepArea,-0.19,1.228,1.102,-0.1259
243,76457.0,144,SweepArea,-0.14,1.102,0.997,-0.1046
243,76460.6,144,SweepArea,-0.24,0.997,0.877,-0.1206
243,76469.8,144,SweepArea,0.87,0.877,0.892,0.0154
243,76470.4,144,SweepArea,-1.50,0.892,0.222,-0.6705
243,76475.7,74,InvestigateLastHeard,0.14,0.266,0.248,-0.0185
243,76484.0,114,HeatSweep,0.07,-0.124,0.071,0.1948
243,76484.3,98,HideSpotCheck,-0.35,0.702,0.595,-0.1075
243,76484.6,98,HideSpotCheck,-0.50,0.595,0.442,-0.1528
243,76484.9,98,HideSpotCheck,-0.50,0.442,0.290,-0.1520
243,76485.2,98,HideSpotCheck,-0.60,0.290,0.109,-0.1813
243,76485.5,98,HideSpotCheck,-0.70,0.109,-0.102,-0.2105
243,76529.7,98,Patrol,-0.04,0.084,0.053,-0.0310
243,76534.7,144,SweepArea,-0.01,0.222,0.204,-0.0180
243,76551.1,144,SweepArea,-0.01,0.204,0.147,-0.0562
243,76566.4,128,AmbushHotChoke,-0.36,-0.119,-0.181,-0.0620
243,76576.0,116,HeatSweep,10.00,-0.180,2.874,3.0541
244,76577.1,116,HeatSweep,0.04,2.874,2.034,-0.8402
244,76592.2,62,HeatSweep,-0.50,0.011,-0.122,-0.1335
244,76598.5,144,SweepArea,1.09,0.147,0.448,0.3007
244,76601.1,144,SweepArea,-0.31,0.448,0.312,-0.1356
244,76606.7,80,HeatSweep,0.09,0.480,0.792,0.3122
244,76620.6,134,SweepArea,0.01,1.901,1.380,-0.5209
244,76629.4,144,SweepArea,-0.09,0.312,0.252,-0.0602
244,76638.4,144,SweepArea,-0.09,0.252,0.198,-0.0546
244,76648.1,144,SweepArea,-0.20,0.198,0.115,-0.0823
244,76657.1,144,SweepArea,-0.29,0.115,0.016,-0.0995
244,76682.1,144,SweepArea,-0.90,0.016,-0.251,-0.2667
244,76707.3,144,SweepArea,-1.59,-0.251,-0.485,-0.2344
244,76718.3,116,HeatSweep,0.04,2.034,1.452,-0.5815
244,76732.5,146,HeatSweep,0.00,-0.044,0.178,0.2220
244,76736.7,116,HideSpotCheck,0.21,-0.207,0.268,0.4750
244,76751.5,116,HeatSweep,-0.30,1.452,0.952,-0.4998
244,76766.2,146,HeatSweep,-0.01,0.178,0.257,0.0789
244,76779.2,116,HeatSweep,0.02,0.952,0.711,-0.2410
244,76786.1,74,AmbushHotChoke,0.08,0.254,0.217,-0.0369
244,76789.9,128,AmbushHotChoke,-0.19,-0.181,-0.165,0.0154
244,76794.1,128,AmbushHotChoke,-0.19,-0.165,-0.156,0.0090
244,76806.8,128,SweepArea,-0.28,-0.539,-0.449,0.0895
244,76812.4,128,AmbushHotChoke,-0.01,-0.156,-0.035,0.1217
244,76825.9,129,HideSpotCheck,0.11,0.342,0.325,-0.0171
244,76836.8,129,HideSpotCheck,0.38,0.325,0.397,0.0714
244,76847.5,129,HideSpotCheck,0.14,0.397,0.389,-0.0073
244,76858.4,129,HideSpotCheck,0.28,0.389,0.423,0.0332
244,76869.0,129,HideSpotCheck,-0.06,0.423,0.353,-0.0699
244,76879.7,129,HideSpotCheck,0.08,0.353,0.331,-0.0213
244,76880.4,129,HideSpotCheck,0.00,0.331,0.255,-0.0762
244,76883.1,129,HideSpotCheck,-0.28,0.255,0.118,-0.1374
244,76883.5,129,HideSpotCheck,-0.39,0.118,-0.010,-0.1279
244,76883.9,129,HideSpotCheck,-0.79,-0.010,-0.221,-0.2109
244,76884.2,129,HideSpotCheck,-1.04,-0.221,-0.445,-0.2239
244,76884.5,129,HideSpotCheck,-1.30,-0.445,-0.678,-0.2331
244,76884.8,129,HideSpotCheck,-1.55,-0.678,-0.917,-0.2395
244,76885.1,129,HideSpotCheck,-1.80,-0.917,-1.161,-0.2439
244,76885.4,129,HideSpotCheck,-2.06,-1.161,-1.408,-0.2470
244,76885.7,129,HideSpotCheck,-2.31,-1.408,-1.657,-0.2492
244,76886.0,129,HideSpotCheck,-2.56,-1.657,-1.908,-0.2507
244,76886.3,129,HideSpotCheck,-2.82,-1.908,-2.160,-0.2517
244,76886.7,129,HideSpotCheck,-3.07,-2.160,-2.413,-0.2527
244,76887.1,129,HideSpotCheck,-3.32,-2.413,-2.666,-0.2535
244,76887.5,129,HideSpotCheck,-3.38,-2.666,-2.860,-0.1939
244,76887.9,129,HideSpotCheck,-3.63,-2.860,-3.072,-0.2122
244,76888.2,129,HideSpotCheck,-3.89,-3.072,-3.297,-0.2250
244,76888.6,129,HideSpotCheck,-4.14,-3.297,-3.531,-0.2340
244,76888.9,129,HideSpotCheck,-4.39,-3.531,-3.771,-0.2402
244,76889.3,129,HideSpotCheck,-4.65,-3.771,-4.016,-0.2445
244,76889.8,129,HideSpotCheck,-4.90,-4.016,-4.264,-0.2481
244,76890.2,129,HideSpotCheck,-5.15,-4.264,-4.514,-0.2502
244,76890.6,129,HideSpotCheck,-5.41,-4.514,-4.766,-0.2516
244,76891.0,129,HideSpotCheck,-5.66,-4.766,-5.018,-0.2527
244,76891.4,129,HideSpotCheck,-5.92,-5.018,-5.272,-0.2534
244,76891.8,129,HideSpotCheck,-6.17,-5.272,-5.526,-0.2540
244,76892.2,129,HideSpotCheck,-6.42,-5.526,-5.780,-0.2543
244,76892.6,129,HideSpotCheck,-6.68,-5.780,-6.035,-0.2545
244,76893.1,129,HideSpotCheck,-6.93,-6.035,-6.290,-0.2549
244,76894.6,129,HideSpotCheck,10.00,-6.290,-1.403,4.8869
245,76894.6,129,HideSpotCheck,-0.30,-1.403,-1.034,0.3690
245,76895.0,123,HideSpotCheck,1.20,0.271,0.578,0.3072
245,76895.4,123,HideSpotCheck,1.20,0.578,0.793,0.2145
245,76895.7,123,HideSpotCheck,1.09,0.793,0.909,0.1163
245,76896.3,123,HideSpotCheck,-0.57,0.909,0.486,-0.4229
245,76904.3,90,SweepArea,-0.23,-0.099,-0.118,-0.0195
245,76913.5,144,SweepArea,-0.24,-0.485,-0.394,0.0915
245,76922.5,144,SweepArea,-0.24,-0.394,-0.329,0.0649
245,76931.2,144,SweepArea,-0.34,-0.329,-0.313,0.0165
245,76939.7,144,SweepArea,-0.28,-0.313,-0.285,0.0277
245,76948.7,144,SweepArea,-0.39,-0.285,-0.297,-0.0126
245,76957.8,144,SweepArea,-1.24,-0.297,-0.562,-0.2646
245,76964.0,126,Patrol,1.13,-0.463,0.034,0.4975
245,76965.9,126,Patrol,-0.46,0.034,-0.098,-0.1323
245,76981.1,96,AmbushHotChoke,-0.50,0.079,-0.081,-0.1607
245,76994.5,144,SweepArea,-0.28,-0.562,-0.464,0.0983
245,77010.8,144,SweepArea,-0.16,-0.464,-0.360,0.1037
245,77027.0,144,SweepArea,-0.31,-0.360,-0.333,0.0271
245,77043.5,144,SweepArea,-0.26,-0.333,-0.299,0.0337
245,77059.3,144,SweepArea,-0.36,-0.299,-0.304,-0.0044
245,77075.7,144,SweepArea,-0.61,-0.304,-0.384,-0.0802
245,77092.2,144,SweepArea,-1.16,-0.384,-0.605,-0.2217
245,77108.7,144,SweepArea,-1.57,-0.605,-0.881,-0.2753
245,77153.7,144,Patrol,-0.80,-0.780,-0.783,-0.0030
245,77196.0,144,Patrol,0.19,-0.783,-0.423,0.3607
245,77210.0,150,HeatSweep,0.01,2.006,1.421,-0.5845
245,77253.9,144,Patrol,-0.34,-0.423,-0.389,0.0335
245,77266.6,146,HeatSweep,0.02,0.257,0.202,-0.0549
245,77301.3,144,Patrol,-0.03,-0.389,-0.282,0.1073
245,77305.1,147,AmbushHotChoke,-0.19,-0.521,-0.418,0.1035
245,77307.9,147,AmbushHotChoke,-0.18,-0.418,-0.342,0.0755
245,77310.5,147,AmbushHotChoke,-0.18,-0.342,-0.289,0.0533
245,77313.8,147,AmbushHotChoke,-0.28,-0.289,-0.283,0.0053
245,77316.4,147,AmbushHotChoke,-0.38,-0.283,-0.307,-0.0240
245,77320.2,147,AmbushHotChoke,-0.49,-0.307,-0.358,-0.0507
245,77324.4,147,AmbushHotChoke,-1.19,-0.358,-0.605,-0.2469
245,77327.9,147,AmbushHotChoke,-1.43,-0.605,-0.850,-0.2454
246,77373.1,147,Patrol,-0.80,-0.613,-0.667,-0.0539
246,77404.0,144,Patrol,0.09,-0.282,-0.164,0.1183
246,77449.0,126,Patrol,-0.83,-0.098,-0.315,-0.2171
246,77488.6,144,Patrol,-0.05,-0.164,-0.125,0.0382
246,77502.0,108,SweepArea,-0.28,-0.691,-0.555,0.1366
246,77518.6,108,SweepArea,-0.32,-0.555,-0.471,0.0835
246,77542.2,108,SweepArea,-0.39,-0.471,-0.437,0.0341
246,77587.4,126,Patrol,-0.88,-0.315,-0.483,-0.1677
246,77626.4,144,Patrol,0.01,-0.125,-0.082,0.0436
246,77639.7,108,SweepArea,-0.28,-0.437,-0.377,0.0605
246,77656.0,108,SweepArea,-0.16,-0.377,-0.300,0.0765
246,77672.1,108,SweepArea,-0.31,-0.300,-0.301,-0.0008
246,77717.2,109,Patrol,-0.80,-0.870,-0.847,0.0230
247,77762.3,127,Patrol,-0.80,-0.613,-0.666,-0.0535
248,77806.2,144,Patrol,-0.04,-0.082,-0.062,0.0201
248,77806.7,82,HideSpotCheck,-0.50,0.230,0.079,-0.1517
248,77821.7,82,HeatSweep,-0.50,0.141,-0.038,-0.1787
248,77866.7,144,Patrol,-0.80,-0.062,-0.280,-0.2186
248,77911.8,144,Patrol,-0.89,-0.280,-0.459,-0.1785
248,77956.9,144,Patrol,-0.78,-0.459,-0.551,-0.0922
248,77970.3,108,SweepArea,-0.28,-0.301,-0.282,0.0193
248,77986.7,108,SweepArea,-0.31,-0.282,-0.279,0.0023
248,78003.2,108,SweepArea,-0.31,-0.279,-0.277,0.0020
248,78019.2,126,SweepArea,-0.41,-0.471,-0.440,0.0315
248,78035.8,126,SweepArea,-0.37,-0.440,-0.405,0.0348
248,78060.8,126,SweepArea,-0.65,-0.405,-0.472,-0.0672
248,78069.3,108,SweepArea,-1.24,-0.277,-0.546,-0.2692
248,78074.7,108,SweepArea,10.00,-0.546,2.617,3.1639
249,78094.5,108,SweepArea,-0.60,2.617,1.660,-0.9574
249,78133.5,144,Patrol,0.01,-0.551,-0.378,0.1729
249,78178.8,144,Patrol,-0.80,-0.378,-0.501,-0.1229
249,78179.1,144,HideSpotCheck,-0.50,-1.061,-0.862,0.1986
249,78224.1,144,Patrol,-0.92,-0.501,-0.624,-0.1232
249,78246.6,144,Patrol,0.92,-0.624,-0.151,0.4728
249,78248.2,144,Patrol,-0.60,-0.151,-0.285,-0.1332
249,78261.4,60,SweepArea,0.02,-0.041,-0.008,0.0327
249,78290.7,144,Patrol,0.11,-0.285,-0.162,0.1224
249,78305.9,128,AmbushHotChoke,-0.64,-0.035,-0.202,-0.1678
249,78350.9,144,Patrol,-0.80,-0.162,-0.351,-0.1885
249,78381.6,144,Patrol,0.17,-0.351,-0.191,0.1597
249,78394.4,145,AmbushHotChoke,-0.28,-0.416,-0.367,0.0491
249,78398.1,145,AmbushHotChoke,-0.19,-0.367,-0.300,0.0666
249,78402.6,145,AmbushHotChoke,-0.19,-0.300,-0.256,0.0439
249,78406.0,145,AmbushHotChoke,-0.28,-0.256,-0.252,0.0045
249,78408.5,145,AmbushHotChoke,-0.38,-0.252,-0.275,-0.0235
249,78412.2,145,AmbushHotChoke,-0.49,-0.275,-0.326,-0.0506
249,78415.1,145,AmbushHotChoke,-1.18,-0.326,-0.569,-0.2430
249,78460.3,145,Patrol,-0.95,-0.561,-0.675,-0.1143
249,78471.1,145,AmbushHotChoke,-0.26,-0.569,-0.466,0.1023
249,78475.0,145,AmbushHotChoke,-0.19,-0.466,-0.371,0.0956
249,78477.8,145,AmbushHotChoke,-0.18,-0.371,-0.300,0.0711
249,78482.1,145,AmbushHotChoke,-0.29,-0.300,-0.285,0.0143
249,78485.0,145,AmbushHotChoke,-0.38,-0.285,-0.300,-0.0148
249,78488.1,145,AmbushHotChoke,-0.48,-0.300,-0.341,-0.0412
249,78490.7,145,AmbushHotChoke,-1.18,-0.341,-0.578,-0.2368
249,78493.7,145,AmbushHotChoke,-1.43,-0.578,-0.821,-0.2426
249,78509.0,145,SweepArea,-0.15,-0.673,-0.508,0.1650
249,78515.5,145,SweepArea,-0.22,-0.508,-0.409,0.0988
249,78521.7,145,SweepArea,-0.06,-0.409,-0.293,0.1162
249,78527.9,145,SweepArea,-0.31,-0.293,-0.288,0.0054
249,78534.1,145,SweepArea,-0.41,-0.288,-0.314,-0.0260
249,78557.2,145,SweepArea,-0.68,-0.314,-0.419,-0.1056
249,78573.3,145,SweepArea,-1.16,-0.419,-0.635,-0.2154
249,78588.3,145,HideSpotCheck,-0.64,-1.297,-1.092,0.2049
249,78602.6,145,SweepArea,-0.29,-0.635,-0.525,0.1101
249,78619.0,145,SweepArea,-0.31,-0.525,-0.455,0.0697
249,78642.9,145,SweepArea,-0.20,-0.455,-0.370,0.0850
249,78658.0,129,AmbushHotChoke,-0.63,-0.322,-0.409,-0.0863
249,78674.2,145,SweepArea,-0.31,-0.370,-0.346,0.0240
249,78690.7,145,SweepArea,-0.16,-0.346,-0.284,0.0614
249,78707.2,145,SweepArea,-0.16,-0.284,-0.242,0.0426
250,78752.3,145,Patrol,-0.80,-0.675,-0.710,-0.0349
250,78783.4,144,Patrol,0.09,-0.191,-0.101,0.0901
250,78806.3,126,SweepArea,-0.21,-0.472,-0.385,0.0877
250,78814.9,126,SweepArea,-0.08,-0.385,-0.276,0.1090
250,78823.5,126,SweepArea,-0.24,-0.276,-0.245,0.0310
250,78831.8,126,SweepArea,-0.18,-0.245,-0.206,0.0382
250,78860.7,126,Patrol,-0.19,-0.483,-0.388,0.0948
250,78883.7,126,SweepArea,-0.21,-0.206,-0.198,0.0082
250,78892.4,126,SweepArea,-0.24,-0.198,-0.191,0.0073
250,78901.3,126,SweepArea,-0.09,-0.191,-0.141,0.0499
250,78910.1,126,SweepArea,-0.19,-0.141,-0.136,0.0047
250,78918.7,126,SweepArea,-0.29,-0.136,-0.162,-0.0258
250,78927.6,126,SweepArea,-0.39,-0.162,-0.211,-0.0490
250,78936.8,126,SweepArea,-1.24,-0.211,-0.502,-0.2910
250,78965.7,126,Patrol,-0.19,-0.388,-0.322,0.0665
250,79010.7,126,Patrol,-0.63,-0.322,-0.413,-0.0916
250,79022.4,141,HeatSweep,0.08,0.077,0.094,0.0167
250,79037.5,89,HeatSweep,-0.50,0.061,-0.102,-0.1631
250,79048.8,149,HeatSweep,0.20,0.040,0.116,0.0752
250,79063.2,151,AmbushHotChoke,-0.29,0.167,0.042,-0.1254
250,79067.6,143,AmbushHotChoke,-0.19,0.091,0.027,-0.0638
250,79082.7,143,HeatSweep,-0.57,0.090,-0.096,-0.1856
250,79097.4,131,SweepArea,-0.30,-0.095,-0.139,-0.0444
250,79108.6,149,HeatSweep,-0.26,0.116,0.005,-0.1110
250,79127.3,147,SweepArea,-0.15,-0.621,-0.474,0.1470
250,79142.5,149,AmbushHotChoke,-0.48,0.038,-0.113,-0.1508
250,79156.1,143,SweepArea,-0.29,0.043,-0.043,-0.0864
250,79181.3,131,SweepArea,-0.73,-0.139,-0.312,-0.1727
250,79196.3,137,AmbushHotChoke,-0.65,-0.091,-0.253,-0.1626
250,79199.5,143,AmbushHotChoke,-0.18,0.027,-0.026,-0.0529
250,79212.5,143,HideSpotCheck,0.12,0.021,0.057,0.0357
250,79227.6,143,HideSpotCheck,-0.63,0.057,-0.140,-0.1966
250,79229.0,143,AmbushHotChoke,-5.00,-0.026,-1.518,-1.4923
251,79231.6,143,AmbushHotChoke,0.11,-1.518,-1.006,0.5123
251,79276.8,144,Patrol,-0.80,-0.101,-0.308,-0.2071
251,79322.0,144,Patrol,-0.92,-0.308,-0.488,-0.1796
251,79366.0,144,Patrol,-0.04,-0.488,-0.300,0.1875
251,79378.8,108,SweepArea,-0.28,1.660,1.094,-0.5664
251,79423.8,126,Patrol,-0.77,-0.413,-0.517,-0.1040
252,79465.9,144,Patrol,-0.02,-0.300,-0.213,0.0873
252,79471.1,126,SweepArea,-0.04,-0.502,-0.340,0.1624
252,79477.7,126,SweepArea,-0.07,-0.340,-0.236,0.1031
252,79484.7,126,SweepArea,-0.07,-0.236,-0.166,0.0704
252,79508.4,126,SweepArea,-0.12,-0.166,-0.055,0.1110
252,79524.3,108,SweepArea,-0.21,1.094,0.716,-0.3777
252,79569.4,144,Patrol,-0.90,-0.213,-0.415,-0.2026
252,79584.6,126,SweepArea,-0.30,-0.055,-0.116,-0.0607
252,79600.7,126,SweepArea,-0.16,-0.116,-0.115,0.0003
252,79616.9,126,SweepArea,-0.31,-0.115,-0.162,-0.0461
252,79633.2,126,SweepArea,-0.41,-0.162,-0.224,-0.0626
252,79643.4,126,SweepArea,-0.10,-0.224,-0.169,0.0552
252,79688.6,144,Patrol,-0.88,-0.415,-0.553,-0.1377
252,79729.4,144,Patrol,-0.01,-0.553,-0.365,0.1885
252,79742.7,108,SweepArea,-0.28,0.716,0.525,-0.1909
252,79759.0,108,SweepArea,-0.16,0.525,0.388,-0.1374
252,79774.9,108,SweepArea,-0.31,0.388,0.230,-0.1577
252,79792.5,108,SweepArea,-0.43,0.230,0.042,-0.1877
252,79807.7,127,HideSpotCheck,-0.65,-0.639,-0.633,0.0061
252,79817.8,127,AmbushHotChoke,0.14,-1.124,-0.732,0.3918
252,79818.1,127,HideSpotCheck,-0.50,-0.633,-0.571,0.0615
252,79818.5,127,HideSpotCheck,-0.50,-0.571,-0.529,0.0430
252,79818.7,127,HideSpotCheck,-0.50,-0.529,-0.498,0.0302
252,79819.0,127,HideSpotCheck,-0.60,-0.498,-0.507,-0.0089
252,79819.3,127,HideSpotCheck,-0.70,-0.507,-0.543,-0.0362
252,79819.6,127,HideSpotCheck,-0.80,-0.543,-0.599,-0.0554
252,79819.9,127,HideSpotCheck,-1.50,-0.599,-0.848,-0.2488
252,79838.0,127,SweepArea,-0.33,-0.699,-0.580,0.1193
252,79854.1,127,SweepArea,-0.31,-0.580,-0.490,0.0900
252,79870.2,127,SweepArea,-0.31,-0.490,-0.427,0.0633
252,79895.3,127,SweepArea,-0.46,-0.427,-0.434,-0.0070
252,79924.0,109,Patrol,0.11,-0.847,-0.554,0.2932
252,79946.9,127,SweepArea,-0.17,-0.434,-0.353,0.0802
252,79975.8,109,Patrol,-0.19,-0.554,-0.440,0.1145
252,79998.1,127,SweepArea,-0.37,-0.353,-0.354,-0.0010
252,80008.4,145,SweepArea,0.06,-0.242,-0.142,0.1001
252,80025.0,145,SweepArea,-0.32,-0.142,-0.188,-0.0459
252,80035.0,145,HideSpotCheck,0.30,-1.092,-0.665,0.4269
252,80038.0,145,SweepArea,-5.00,-0.188,-1.631,-1.4437
253,80054.8,145,SweepArea,-0.05,-1.631,-1.146,0.4859
253,80083.0,144,Patrol,0.12,-0.365,-0.213,0.1517
253,80088.2,126,SweepArea,1.15,-0.169,0.245,0.4141
253,80090.8,126,SweepArea,-0.37,0.245,0.220,-0.0248
253,80106.0,80,HeatSweep,-0.50,0.792,0.417,-0.3744
253,80151.1,144,Patrol,-0.87,-0.213,-0.409,-0.1963
253,80157.6,128,AmbushHotChoke,0.14,-0.202,0.052,0.2543
253,80163.4,116,HeatSweep,-0.21,0.711,0.744,0.0323
253,80177.5,134,SweepArea,-0.29,1.380,0.893,-0.4872
254,80222.7,144,Patrol,-0.80,-0.409,-0.524,-0.1146
254,80254.6,144,Patrol,0.08,-0.524,-0.337,0.1869
255,80299.7,144,Patrol,-0.80,-0.337,-0.473,-0.1361
255,80340.0,144,Patrol,0.08,-0.473,-0.305,0.1683
255,80352.7,144,HideSpotCheck,0.12,-0.862,-0.551,0.3112
255,80397.9,144,Patrol,-0.80,-0.305,-0.451,-0.1464
255,80443.0,144,Patrol,-0.78,-0.451,-0.546,-0.0947
255,80445.2,108,SweepArea,1.00,0.042,0.354,0.3115
255,80445.5,108,SweepArea,-0.52,0.354,0.097,-0.2564
255,80458.7,60,SweepArea,-0.28,-0.008,-0.077,-0.0685
255,80473.7,114,HeatSweep,-0.65,0.071,-0.132,-0.2026
255,80512.0,144,Patrol,0.02,-0.546,-0.374,0.1718
255,80525.6,128,AmbushHotChoke,-0.01,0.052,0.047,-0.0045
255,80538.2,114,HeatSweep,0.02,-0.132,-0.069,0.0623
255,80572.6,144,Patrol,0.03,-0.374,-0.247,0.1268
255,80586.0,108,SweepArea,-0.28,0.097,-0.002,-0.0997
255,80602.3,108,SweepArea,-0.31,-0.002,-0.083,-0.0811
255,80618.6,108,SweepArea,-0.16,-0.083,-0.095,-0.0118
255,80634.8,108,SweepArea,-0.41,-0.095,-0.178,-0.0827
255,80651.7,108,SweepArea,-0.52,-0.178,-0.268,-0.0906
255,80676.8,108,SweepArea,-0.90,-0.268,-0.440,-0.1718
255,80685.2,126,SweepArea,-1.08,0.220,-0.125,-0.3457
255,80694.0,126,SweepArea,-1.49,-0.125,-0.520,-0.3949
255,80702.9,127,SweepArea,-1.74,-0.354,-0.756,-0.4014
255,80731.5,127,Patrol,0.11,-0.666,-0.427,0.2391
255,80774.3,127,Patrol,0.04,-0.427,-0.285,0.1423
255,80780.3,129,HeatSweep,-0.21,-0.388,-0.324,0.0645
255,80811.1,145,Patrol,-0.21,-0.710,-0.554,0.1565
255,80814.6,129,HeatSweep,-0.18,-0.324,-0.259,0.0648
255,80818.1,129,HeatSweep,-0.19,-0.259,-0.214,0.0453
255,80818.4,129,HideSpotCheck,-0.50,-1.034,-0.846,0.1873
255,80818.8,129,HideSpotCheck,-0.50,-0.846,-0.715,0.1311
255,80822.2,129,HeatSweep,-0.18,-0.214,-0.182,0.0319
255,80825.7,129,HeatSweep,-0.18,-0.182,-0.159,0.0223
255,80829.2,129,HeatSweep,-0.18,-0.159,-0.144,0.0155
255,80832.7,129,HeatSweep,-0.29,-0.144,-0.163,-0.0192
255,80836.1,129,HeatSweep,-0.38,-0.163,-0.206,-0.0433
255,80839.6,129,HeatSweep,-0.49,-0.206,-0.267,-0.0606
255,80843.1,129,HeatSweep,-1.18,-0.267,-0.519,-0.2521
255,80858.3,129,AmbushHotChoke,-0.64,-0.409,-0.471,-0.0621
255,80903.5,145,Patrol,-0.80,-0.554,-0.627,-0.0729
255,80947.3,145,Patrol,-0.01,-0.627,-0.441,0.1853
255,80960.7,121,HeatSweep,0.02,-0.031,-0.004,0.0266
255,80961.1,131,HideSpotCheck,-0.50,-0.186,-0.256,-0.0692
255,80974.0,131,HeatSweep,-0.03,-0.249,-0.178,0.0713
255,80987.1,121,HeatSweep,-0.28,-0.004,-0.074,-0.0700
255,81000.0,131,HeatSweep,-0.03,-0.178,-0.125,0.0523
255,81006.9,121,HeatSweep,-5.00,-0.074,-1.552,-1.4777
256,81015.1,121,HeatSweep,-0.50,-1.552,-1.223,0.3290
256,81060.4,144,Patrol,-0.76,-0.247,-0.399,-0.1523
257,81105.6,144,Patrol,-0.80,-0.399,-0.517,-0.1179
257,81136.7,144,Patrol,0.09,-0.517,-0.329,0.1879
257,81161.3,126,Patrol,0.80,-0.517,-0.113,0.4037
258,81161.8,126,Patrol,-0.60,-0.113,-0.252,-0.1389
258,81176.9,114,HeatSweep,-0.50,-0.069,-0.185,-0.1158
258,81221.9,144,Patrol,-0.80,-0.329,-0.468,-0.1383
258,81267.1,144,Patrol,-0.80,-0.468,-0.565,-0.0972
258,81295.6,126,Patrol,0.23,-0.252,-0.100,0.1522
258,81340.3,126,Patrol,-0.45,-0.100,-0.201,-0.1010
258,81344.3,144,HideSpotCheck,0.40,-0.551,-0.242,0.3092
258,81346.3,144,HideSpotCheck,0.23,-0.242,-0.074,0.1679
258,81348.4,144,HideSpotCheck,0.23,-0.074,0.044,0.1178
258,81350.5,144,HideSpotCheck,0.13,0.044,0.096,0.0522
258,81352.4,144,HideSpotCheck,0.03,0.096,0.103,0.0072
258,81354.5,144,HideSpotCheck,-0.07,0.103,0.079,-0.0243
258,81356.3,144,HideSpotCheck,-0.77,0.079,-0.148,-0.2274
258,81358.4,144,HideSpotCheck,-1.02,-0.148,-0.383,-0.2350
258,81360.2,144,HideSpotCheck,-1.27,-0.383,-0.622,-0.2385
258,81402.1,144,Patrol,0.09,-0.565,-0.365,0.1996
258,81415.1,108,SweepArea,-0.28,-0.440,-0.381,0.0591
258,81423.8,127,HideSpotCheck,0.46,-0.848,-0.453,0.3947
258,81424.2,109,SweepArea,1.00,-1.207,-0.515,0.6918
258,81424.5,109,SweepArea,1.00,-0.515,-0.037,0.4778
258,81427.3,109,SweepArea,1.12,-0.037,0.324,0.3617
258,81427.6,109,SweepArea,0.86,0.324,0.501,0.1769
258,81428.0,109,SweepArea,0.76,0.501,0.602,0.1003
258,81428.4,109,SweepArea,0.65,0.602,0.640,0.0386
258,81428.7,109,SweepArea,-0.05,0.640,0.456,-0.1843
258,81429.1,109,SweepArea,-0.30,0.456,0.250,-0.2056
258,81429.4,109,SweepArea,-0.56,0.250,0.030,-0.2201
258,81429.7,109,SweepArea,-0.81,0.030,-0.200,-0.2303
258,81430.0,109,SweepArea,-1.06,-0.200,-0.438,-0.2376
258,81430.3,109,SweepArea,-1.32,-0.438,-0.680,-0.2425
258,81430.7,109,SweepArea,-1.57,-0.680,-0.926,-0.2460
258,81431.0,109,SweepArea,-1.82,-0.926,-1.175,-0.2488
258,81431.4,109,SweepArea,-2.08,-1.175,-1.426,-0.2504
258,81431.7,109,SweepArea,-2.33,-1.426,-1.677,-0.2515
258,81432.0,109,SweepArea,-2.58,-1.677,-1.929,-0.2524
258,81432.3,109,SweepArea,-2.83,-1.929,-2.182,-0.2529
258,81432.6,109,SweepArea,-3.09,-2.182,-2.436,-0.2533
258,81432.9,109,SweepArea,-3.34,-2.436,-2.689,-0.2535
258,81433.2,109,SweepArea,-3.59,-2.689,-2.943,-0.2536
258,81433.5,109,SweepArea,-3.85,-2.943,-3.196,-0.2537
258,81433.8,109,SweepArea,-3.90,-3.196,-3.390,-0.1938
258,81434.2,109,SweepArea,-4.15,-3.390,-3.602,-0.2122
258,81434.5,109,SweepArea,-4.41,-3.602,-3.827,-0.2248
258,81434.9,109,SweepArea,-4.66,-3.827,-4.061,-0.2335
258,81435.2,109,SweepArea,-4.91,-4.061,-4.300,-0.2397
258,81435.5,109,SweepArea,-5.17,-4.300,-4.544,-0.2439
258,81435.8,109,SweepArea,-5.42,-4.544,-4.791,-0.2469
258,81436.1,109,SweepArea,-5.67,-4.791,-5.040,-0.2490
258,81436.4,109,SweepArea,-5.93,-5.040,-5.291,-0.2504
258,81436.7,109,SweepArea,-6.18,-5.291,-5.542,-0.2515
258,81437.0,109,SweepArea,-6.43,-5.542,-5.794,-0.2523
258,81437.4,109,SweepArea,10.00,-5.794,-1.056,4.7383
259,81437.4,109,SweepArea,-0.29,-1.056,-0.818,0.2379
259,81437.8,121,HideSpotCheck,1.20,-0.108,0.313,0.4205
259,81438.1,121,HideSpotCheck,1.20,0.313,0.607,0.2939
259,81438.4,121,HideSpotCheck,1.20,0.607,0.812,0.2053
259,81438.7,121,HideSpotCheck,1.09,0.812,0.922,0.1095
259,81439.1,121,HideSpotCheck,-0.57,0.922,0.495,-0.4266
259,81440.5,90,SweepArea,-0.16,-0.118,-0.112,0.0066
259,81442.0,90,SweepArea,-0.16,-0.112,-0.107,0.0042
259,81443.3,90,SweepArea,-0.16,-0.107,-0.097,0.0107
259,81488.5,144,Patrol,-0.95,-0.365,-0.538,-0.1731
259,81530.0,144,Patrol,0.10,-0.538,-0.344,0.1944
259,81544.6,108,HideSpotCheck,0.10,-1.186,-0.785,0.4004
259,81559.1,108,SweepArea,-0.30,-0.381,-0.342,0.0390
259,81575.6,108,SweepArea,-0.16,-0.342,-0.277,0.0654
259,81620.8,108,Patrol,-0.80,-0.803,-0.800,0.0035
259,81665.8,126,Patrol,-0.90,-0.201,-0.409,-0.2081
259,81689.6,126,Patrol,0.91,-0.409,-0.005,0.4039
259,81690.4,126,Patrol,-0.70,-0.005,-0.212,-0.2070
259,81695.8,60,InvestigateLastHeard,0.14,-0.074,0.010,0.0840
259,81706.8,114,HeatSweep,-0.26,-0.185,-0.196,-0.0108
259,81709.7,128,AmbushHotChoke,-0.18,0.047,-0.002,-0.0495
259,81734.9,128,SweepArea,-0.65,-0.449,-0.504,-0.0543
259,81749.5,112,AmbushHotChoke,-0.30,0.067,-0.029,-0.0957
259,81762.3,148,HeatSweep,-0.28,0.005,-0.065,-0.0696
259,81807.5,144,Patrol,-0.86,-0.344,-0.497,-0.1533
259,81852.7,145,Patrol,-0.86,-0.441,-0.553,-0.1121
259,81853.0,123,HideSpotCheck,-0.50,0.486,0.335,-0.1514
259,81853.3,123,HideSpotCheck,-0.50,0.335,0.184,-0.1511
259,81858.8,123,HideSpotCheck,0.19,0.184,0.229,0.0449
259,81860.7,123,HideSpotCheck,0.13,0.229,0.262,0.0330
259,81862.8,123,HideSpotCheck,0.03,0.262,0.262,0.0007
259,81864.7,123,HideSpotCheck,-0.07,0.262,0.235,-0.0275
259,81866.5,123,HideSpotCheck,-0.77,0.235,-0.002,-0.2368
259,81868.5,123,HideSpotCheck,-1.02,-0.002,-0.288,-0.2865
259,81878.5,123,SweepArea,-5.00,-0.026,-1.518,-1.4922
260,81886.2,123,SweepArea,-0.03,-1.518,-1.059,0.4594
260,81914.2,126,Patrol,0.12,-0.212,-0.106,0.1068
260,81959.0,126,Patrol,0.02,-0.106,-0.065,0.0405
260,81998.3,144,Patrol,0.15,-0.497,-0.298,0.1995
260,82011.8,108,SweepArea,-0.29,-0.277,-0.265,0.0115
260,82020.3,108,SweepArea,0.07,-0.265,-0.147,0.1184
261,82055.6,144,Patrol,0.05,-0.298,-0.190,0.1082
261,82100.8,126,Patrol,-0.67,-0.065,-0.244,-0.1794
262,82146.0,144,Patrol,-0.80,-0.190,-0.370,-0.1807
262,82176.9,144,Patrol,0.09,-0.370,-0.226,0.1442
262,82209.1,126,Patrol,0.17,-0.244,-0.115,0.1296
262,82223.1,114,HeatSweep,0.01,-0.196,-0.124,0.0719
262,82231.0,128,AmbushHotChoke,0.07,-0.002,0.040,0.0417
262,82244.3,144,SweepArea,-0.28,-0.881,-0.686,0.1945
262,82289.3,144,Patrol,-0.80,-0.226,-0.395,-0.1693
262,82334.5,144,Patrol,-0.85,-0.395,-0.530,-0.1349
262,82379.5,144,Patrol,-0.95,-0.530,-0.653,-0.1230
262,82390.6,144,HideSpotCheck,0.14,-0.622,-0.377,0.2451
262,82405.8,144,HideSpotCheck,-0.64,-0.377,-0.442,-0.0653
262,82420.8,144,HideSpotCheck,-0.65,-0.442,-0.491,-0.0488
262,82431.5,144,HideSpotCheck,0.22,-0.491,-0.260,0.2315
262,82443.1,144,HideSpotCheck,-0.07,-0.260,-0.185,0.0744
262,82458.2,144,HideSpotCheck,-0.94,-0.185,-0.397,-0.2123
262,82473.3,144,HideSpotCheck,-1.65,-0.397,-0.760,-0.3624
262,82518.3,144,Patrol,-0.95,-0.653,-0.740,-0.0862
262,82522.4,144,SweepArea,-0.19,-0.686,-0.513,0.1730
262,82527.1,144,SweepArea,-0.20,-0.513,-0.395,0.1181
262,82531.4,144,SweepArea,-0.19,-0.395,-0.311,0.0844
262,82554.4,144,SweepArea,-0.08,-0.311,-0.233,0.0778
262,82561.2,144,SweepArea,-0.42,-0.233,-0.268,-0.0348
262,82568.0,144,SweepArea,-0.37,-0.268,-0.276,-0.0084
262,82575.0,144,SweepArea,-1.22,-0.276,-0.539,-0.2624
262,82581.8,144,SweepArea,-1.47,-0.539,-0.796,-0.2579
262,82626.8,144,Patrol,-0.95,-0.740,-0.800,-0.0603
262,82638.6,144,HideSpotCheck,0.13,-0.760,-0.476,0.2838
262,82653.7,144,HideSpotCheck,-0.50,-0.476,-0.475,0.0015
262,82669.0,110,HideSpotCheck,-0.65,-0.279,-0.363,-0.0845
262,82684.1,146,HeatSweep,-0.55,0.202,0.005,-0.1970
262,82693.2,146,HeatSweep,0.09,0.005,0.044,0.0388
262,82700.0,128,AmbushHotChoke,-0.02,0.040,0.178,0.1386
262,82713.1,116,HeatSweep,-0.28,0.744,0.573,-0.1710
262,82735.0,134,SweepArea,-0.19,0.893,0.578,-0.3150
262,82741.9,146,HeatSweep,0.10,0.044,0.098,0.0544
262,82748.4,128,AmbushHotChoke,-0.01,0.178,0.244,0.0656
262,82761.4,116,HeatSweep,0.87,0.573,0.670,0.0971
262,82761.7,116,HeatSweep,-0.57,0.670,0.361,-0.3091
262,82775.0,80,HeatSweep,-0.28,0.417,0.470,0.0527
262,82788.1,152,HeatSweep,-0.19,1.723,1.237,-0.4860
262,82809.8,134,SweepArea,-0.19,0.578,0.358,-0.2201
262,82817.1,146,HeatSweep,-0.05,0.098,0.104,0.0062
262,82823.5,128,AmbushHotChoke,-0.01,0.244,0.245,0.0008
262,82836.7,116,HeatSweep,-0.28,0.361,0.182,-0.1782
262,82841.4,83,InvestigateLastHeard,-0.01,0.096,0.080,-0.0162
262,82853.3,123,HeatSweep,-0.27,-0.100,-0.148,-0.0484
262,82867.4,147,SweepArea,-0.29,-0.474,-0.407,0.0672
262,82874.4,131,HeatSweep,-0.02,-0.125,-0.090,0.0357
262,82899.6,147,SweepArea,-0.46,-0.407,-0.418,-0.0113
262,82918.7,137,SweepArea,-0.34,-0.118,-0.177,-0.0588
262,82933.7,123,HeatSweep,-0.65,-0.148,-0.287,-0.1389
262,82939.3,131,HeatSweep,10.00,-0.090,2.937,3.0269
263,82942.5,131,HeatSweep,0.06,2.937,2.089,-0.8487
263,82947.5,90,SweepArea,-0.20,-0.097,-0.104,-0.0079
263,82949.5,144,HideSpotCheck,0.23,-0.475,-0.237,0.2380
263,82951.3,144,HideSpotCheck,0.23,-0.237,-0.069,0.1674
263,82953.3,144,HideSpotCheck,0.23,-0.069,0.047,0.1165
263,82955.4,144,HideSpotCheck,0.13,0.047,0.098,0.0510
263,82957.4,144,HideSpotCheck,0.03,0.098,0.105,0.0065
263,82998.6,144,Patrol,-0.01,-0.800,-0.560,0.2399
263,83043.7,126,Patrol,-0.80,-0.115,-0.318,-0.2027
263,83044.0,144,HideSpotCheck,-0.50,0.105,-0.044,-0.1493
263,83044.3,144,HideSpotCheck,-0.50,-0.044,-0.151,-0.1064
263,83044.6,144,HideSpotCheck,-0.50,-0.151,-0.226,-0.0746
263,83044.9,144,HideSpotCheck,-0.60,-0.226,-0.308,-0.0821
263,83045.2,144,HideSpotCheck,-0.70,-0.308,-0.395,-0.0875
263,83045.4,144,HideSpotCheck,-0.80,-0.395,-0.486,-0.0913
263,83045.7,144,HideSpotCheck,-1.50,-0.486,-0.760,-0.2739
263,83090.9,144,Patrol,-0.88,-0.560,-0.654,-0.0939
263,83131.9,144,Patrol,-0.31,-0.654,-0.547,0.1069
263,83177.0,126,Patrol,-0.95,-0.318,-0.505,-0.1872
263,83222.1,144,Patrol,-0.70,-0.547,-0.591,-0.0443
263,83222.4,126,HideSpotCheck,-0.50,-0.648,-0.573,0.0745
263,83250.5,126,Patrol,0.12,-0.505,-0.311,0.1942
263,83293.7,126,Patrol,-0.05,-0.311,-0.231,0.0796
263,83338.8,109,Patrol,-0.95,-0.440,-0.592,-0.1517
263,83384.0,145,Patrol,-1.05,-0.553,-0.701,-0.1480
263,83384.2,145,HideSpotCheck,-0.50,-0.665,-0.599,0.0656
263,83384.5,145,HideSpotCheck,-0.50,-0.599,-0.553,0.0459
263,83384.8,145,HideSpotCheck,-0.50,-0.553,-0.521,0.0322
263,83385.1,145,HideSpotCheck,-0.60,-0.521,-0.529,-0.0075
263,83391.4,145,AmbushHotChoke,0.00,-0.821,-0.564,0.2569
263,83395.6,145,HideSpotCheck,0.21,-0.529,-0.295,0.2332
263,83397.6,145,HideSpotCheck,0.23,-0.295,-0.124,0.1715
263,83399.5,145,HideSpotCheck,0.23,-0.124,-0.004,0.1204
263,83414.6,145,AmbushHotChoke,-0.55,-0.564,-0.558,0.0058
263,83459.8,109,Patrol,-0.95,-0.592,-0.698,-0.1066
263,83460.1,145,HideSpotCheck,-0.50,-0.004,-0.137,-0.1338
263,83460.4,145,HideSpotCheck,-0.50,-0.137,-0.231,-0.0936
263,83460.7,145,HideSpotCheck,-0.50,-0.231,-0.297,-0.0655
263,83461.0,145,HideSpotCheck,-0.60,-0.297,-0.372,-0.0759
263,83461.2,145,HideSpotCheck,-0.70,-0.372,-0.456,-0.0831
263,83461.5,145,HideSpotCheck,-0.80,-0.456,-0.544,-0.0882
263,83461.9,145,HideSpotCheck,-1.50,-0.544,-0.816,-0.2718
263,83474.1,145,AmbushHotChoke,-0.03,-0.558,-0.397,0.1607
264,83519.2,109,Patrol,-0.80,-0.698,-0.726,-0.0279
264,83550.2,126,Patrol,0.09,-0.231,-0.128,0.1026
264,83574.1,126,Patrol,1.12,-0.128,0.254,0.3825
264,83576.0,126,Patrol,-0.96,0.254,-0.096,-0.3503
264,83582.8,66,InvestigateLastHeard,-0.04,0.158,0.374,0.2155
264,83591.0,130,HeatSweep,0.07,1.298,1.185,-0.1131
264,83606.1,130,HeatSweep,-0.50,1.185,0.693,-0.4920
264,83606.4,144,HideSpotCheck,-0.50,-0.760,-0.653,0.1072
264,83651.7,144,Patrol,-0.88,-0.591,-0.676,-0.0847
264,83652.0,144,HideSpotCheck,-0.50,-0.653,-0.402,0.2512
264,83666.2,130,HeatSweep,0.01,0.693,0.502,-0.1911
264,83670.5,144,HideSpotCheck,0.21,-0.402,-0.195,0.2066
264,83672.3,144,HideSpotCheck,0.23,-0.195,-0.040,0.1549
264,83674.3,144,HideSpotCheck,0.23,-0.040,0.068,0.1081
264,83676.2,144,HideSpotCheck,0.13,0.068,0.113,0.0456
264,83678.3,144,HideSpotCheck,0.03,0.113,0.119,0.0055
264,83680.3,144,HideSpotCheck,-0.07,0.119,0.094,-0.0244
264,83682.1,144,HideSpotCheck,-0.77,0.094,-0.137,-0.2318
264,83684.0,144,HideSpotCheck,-1.02,-0.137,-0.375,-0.2379
264,83686.1,144,HideSpotCheck,-1.27,-0.375,-0.617,-0.2419
264,83687.9,144,HideSpotCheck,-1.52,-0.617,-0.860,-0.2434
264,83733.0,144,Patrol,-0.80,-0.676,-0.711,-0.0345
264,83778.1,144,Patrol,-0.86,-0.711,-0.752,-0.0412
264,83781.7,146,HeatSweep,-0.19,0.104,0.043,-0.0614
264,83785.0,146,HeatSweep,-0.18,0.043,-0.001,-0.0436
264,83788.6,146,HeatSweep,-0.19,-0.001,-0.032,-0.0315
264,83792.0,146,HeatSweep,-0.28,-0.032,-0.084,-0.0518
264,83795.4,146,HeatSweep,-0.38,-0.084,-0.150,-0.0657
264,83798.7,146,HeatSweep,-0.48,-0.150,-0.225,-0.0759
264,83806.6,146,SweepArea,-0.06,-0.192,-0.132,0.0602
264,83815.2,146,SweepArea,-0.09,-0.132,-0.116,0.0163
264,83844.3,147,Patrol,-0.19,-0.667,-0.383,0.2840
264,83847.6,131,HeatSweep,-0.18,2.089,1.935,-0.1533
264,83851.1,131,HeatSweep,-0.18,1.935,1.786,-0.1494
264,83854.5,131,HeatSweep,-0.18,1.786,1.645,-0.1409
264,83857.9,131,HeatSweep,-0.28,1.645,1.480,-0.1645
264,83861.3,131,HeatSweep,-0.38,1.480,1.294,-0.1862
264,83864.7,131,HeatSweep,-0.48,1.294,1.087,-0.2076
264,83868.2,131,HeatSweep,-1.18,1.087,0.678,-0.4087
264,83871.7,131,HeatSweep,-1.44,0.678,0.214,-0.4644
264,83875.0,131,HeatSweep,-1.68,0.214,-0.301,-0.5150
264,83875.3,131,HideSpotCheck,-0.50,-0.256,-0.304,-0.0484
264,83890.5,131,AmbushHotChoke,-0.64,-0.265,-0.370,-0.1045
264,83895.0,151,AmbushHotChoke,-0.19,0.042,-0.016,-0.0580
264,83899.1,151,AmbushHotChoke,-0.19,-0.016,-0.055,-0.0393
264,83901.6,151,AmbushHotChoke,-0.27,-0.055,-0.107,-0.0514
264,83914.6,151,HideSpotCheck,0.12,-0.096,-0.018,0.0786
264,83930.6,157,SweepArea,0.01,0.089,0.079,-0.0100
264,83935.9,117,AmbushHotChoke,-0.20,-0.091,-0.111,-0.0202
264,83939.7,153,AmbushHotChoke,-0.19,-0.273,-0.233,0.0402
264,83942.1,153,AmbushHotChoke,-0.17,-0.233,-0.200,0.0334
264,83945.8,153,AmbushHotChoke,-0.29,-0.200,-0.211,-0.0117
264,83949.8,153,AmbushHotChoke,-0.39,-0.211,-0.251,-0.0392
264,83952.3,153,AmbushHotChoke,-0.48,-0.251,-0.302,-0.0518
264,83953.1,153,HideSpotCheck,-5.00,-1.197,-2.338,-1.1408
265,83967.5,153,HideSpotCheck,-0.50,-2.338,-1.774,0.5646
265,84012.7,144,Patrol,-0.95,-0.752,-0.809,-0.0571
265,84021.7,144,SweepArea,0.06,-0.796,-0.521,0.2757
265,84038.1,144,SweepArea,0.01,-0.521,-0.350,0.1709
265,84067.2,126,Patrol,0.11,-0.096,-0.028,0.0683
265,84112.3,126,Patrol,-0.88,-0.028,-0.281,-0.2533
265,84126.8,144,SweepArea,-0.30,-0.350,-0.319,0.0304
265,84156.2,126,Patrol,-0.19,-0.281,-0.250,0.0310
265,84201.2,127,Patrol,-0.88,-0.285,-0.462,-0.1773
265,84216.2,145,AmbushHotChoke,-0.37,-0.397,-0.386,0.0114
265,84261.3,109,Patrol,-0.95,-0.726,-0.792,-0.0658
265,84272.7,145,AmbushHotChoke,-0.02,-0.386,-0.273,0.1125
265,84317.8,109,Patrol,-0.95,-0.792,-0.838,-0.0461
265,84322.5,145,AmbushHotChoke,-5.00,-0.273,-1.691,-1.4180
266,84333.0,145,AmbushHotChoke,-0.50,-1.691,-1.321,0.3703
266,84334.5,144,SweepArea,-0.16,-0.319,-0.245,0.0740
266,84336.0,144,SweepArea,-0.17,-0.245,-0.194,0.0512
266,84337.5,144,SweepArea,-0.16,-0.194,-0.158,0.0363
266,84339.0,144,SweepArea,-0.27,-0.158,-0.163,-0.0049
266,84384.1,144,Patrol,-0.95,-0.809,-0.849,-0.0397
266,84392.3,144,SweepArea,0.12,-0.163,-0.058,0.1048
266,84408.7,144,SweepArea,-0.01,-0.058,-0.032,0.0259
266,84437.8,126,Patrol,0.11,-0.250,-0.136,0.1147
266,84482.9,126,Patrol,-0.88,-0.136,-0.357,-0.2212
266,84497.3,144,SweepArea,-0.29,-0.032,-0.100,-0.0682
266,84507.2,127,HideSpotCheck,0.30,-0.453,-0.213,0.2394
266,84517.2,127,HideSpotCheck,0.30,-0.213,-0.045,0.1680
266,84527.1,127,HideSpotCheck,0.15,-0.045,0.027,0.0722
266,84536.5,127,HideSpotCheck,0.21,0.027,0.095,0.0679
266,84546.1,127,HideSpotCheck,-0.05,0.095,0.070,-0.0249
266,84555.8,127,HideSpotCheck,0.00,0.070,0.063,-0.0065
266,84565.9,127,HideSpotCheck,-0.70,0.063,-0.153,-0.2162
266,84575.9,127,HideSpotCheck,-1.10,-0.153,-0.424,-0.2710
266,84586.1,127,HideSpotCheck,-1.20,-0.424,-0.644,-0.2202
266,84598.4,127,Patrol,1.08,-0.462,0.011,0.4732
267,84598.8,127,Patrol,-0.48,0.011,-0.121,-0.1322
267,84603.6,129,AmbushHotChoke,0.10,-0.471,-0.282,0.1890
267,84611.2,90,SweepArea,-0.23,-0.104,-0.121,-0.0163
267,84620.3,144,SweepArea,-0.24,-0.100,-0.124,-0.0238
267,84629.4,144,SweepArea,-0.24,-0.124,-0.140,-0.0164
267,84638.0,144,SweepArea,-0.34,-0.140,-0.180,-0.0398
267,84647.0,144,SweepArea,-0.29,-0.180,-0.193,-0.0133
267,84656.2,144,SweepArea,-0.54,-0.193,-0.280,-0.0864
267,84664.7,144,SweepArea,-1.23,-0.280,-0.547,-0.2673
267,84694.6,126,Patrol,0.10,-0.357,-0.213,0.1438
267,84739.1,126,Patrol,0.02,-0.213,-0.140,0.0735
267,84753.5,144,SweepArea,-0.29,-0.547,-0.457,0.0901
267,84782.7,126,Patrol,-0.19,-0.140,-0.149,-0.0091
267,84806.8,126,Patrol,0.81,-0.149,0.147,0.2954
267,84809.5,126,Patrol,-0.64,0.147,-0.064,-0.2102
267,84812.9,67,HideSpotCheck,0.22,0.331,0.380,0.0490
267,84814.9,67,HideSpotCheck,0.23,0.380,0.469,0.0890
267,84817.0,121,HideSpotCheck,0.23,0.495,0.549,0.0541
267,84819.0,121,HideSpotCheck,0.13,0.549,0.572,0.0228
267,84820.8,121,HideSpotCheck,0.03,0.572,0.566,-0.0064
267,84823.0,121,HideSpotCheck,-0.07,0.566,0.527,-0.0390
267,84824.8,121,HideSpotCheck,-0.77,0.527,0.282,-0.2450
267,84826.9,121,HideSpotCheck,-1.02,0.282,-0.033,-0.3145
267,84829.0,121,HideSpotCheck,-1.27,-0.033,-0.392,-0.3591
267,84845.9,121,SweepArea,-0.32,-0.113,-0.169,-0.0553
267,84874.7,145,Patrol,-0.19,-0.701,-0.542,0.1597
267,84883.8,131,HeatSweep,-0.01,-0.301,-0.198,0.1038
267,84898.8,131,HeatSweep,-0.50,-0.198,-0.281,-0.0836
267,84943.9,145,Patrol,-0.88,-0.542,-0.643,-0.1011
268,84989.0,145,Patrol,-0.80,-0.643,-0.687,-0.0445
268,84990.3,144,SweepArea,-0.16,-0.457,-0.341,0.1158
268,84991.7,144,SweepArea,-0.16,-0.341,-0.260,0.0808
268,84993.2,144,SweepArea,-0.17,-0.260,-0.204,0.0560
268,84994.6,144,SweepArea,-0.26,-0.204,-0.195,0.0099
268,84996.1,144,SweepArea,-0.37,-0.195,-0.218,-0.0237
268,84997.7,144,SweepArea,-0.47,-0.218,-0.265,-0.0472
268,84999.3,144,SweepArea,-1.17,-0.265,-0.508,-0.2427
268,85000.7,144,SweepArea,-1.41,-0.508,-0.752,-0.2441
268,85002.1,144,SweepArea,-1.66,-0.752,-0.998,-0.2460
268,85047.2,144,Patrol,-0.85,-0.849,-0.845,0.0035
268,85088.9,144,Patrol,0.10,-0.845,-0.559,0.2862
268,85103.5,108,SweepArea,-0.30,-0.147,-0.178,-0.0313
268,85120.2,108,SweepArea,-0.17,-0.178,-0.163,0.0154
268,85136.2,108,SweepArea,-0.31,-0.163,-0.194,-0.0309
268,85181.3,126,Patrol,-0.64,-0.064,-0.234,-0.1700
268,85226.4,126,Patrol,-0.95,-0.234,-0.446,-0.2122
268,85271.6,126,Patrol,-0.80,-0.446,-0.550,-0.1039
268,85301.6,144,Patrol,0.12,-0.559,-0.347,0.2114
268,85346.6,144,Patrol,-0.55,-0.347,-0.406,-0.0585
268,85391.7,127,Patrol,-1.25,-0.121,-0.459,-0.3377
268,85436.7,145,Patrol,-1.88,-0.687,-1.044,-0.3563
268,85437.0,145,HideSpotCheck,-0.50,-0.816,-0.705,0.1108
268,85437.3,145,HideSpotCheck,-0.50,-0.705,-0.627,0.0776
268,85437.6,145,HideSpotCheck,-0.50,-0.627,-0.573,0.0542
268,85437.9,145,HideSpotCheck,-0.60,-0.573,-0.565,0.0080
268,85438.2,145,HideSpotCheck,-0.70,-0.565,-0.589,-0.0241
268,85438.5,145,HideSpotCheck,-0.80,-0.589,-0.636,-0.0472
268,85438.8,145,HideSpotCheck,-1.35,-0.636,-0.834,-0.1980
268,85439.1,145,HideSpotCheck,-1.75,-0.834,-1.093,-0.2586
268,85482.6,145,Patrol,-0.34,-1.044,-0.829,0.2148
268,85527.9,127,Patrol,-0.95,-0.459,-0.605,-0.1466
268,85573.1,145,Patrol,-0.72,-0.829,-0.794,0.0348
268,85609.5,145,Patrol,-0.06,-0.794,-0.569,0.2250
268,85623.4,115,HeatSweep,0.01,-0.183,-0.112,0.0707
268,85627.1,75,InvestigateLastHeard,-0.02,0.086,0.068,-0.0183
268,85630.0,97,HideSpotCheck,0.22,0.048,0.114,0.0658
268,85632.4,151,HideSpotCheck,0.40,-0.018,0.124,0.1416
268,85638.1,63,AmbushHotChoke,-0.21,0.048,-0.008,-0.0558
268,85641.1,117,AmbushHotChoke,-0.18,-0.111,-0.108,0.0036
268,85644.2,117,AmbushHotChoke,-0.18,-0.108,-0.106,0.0020
268,85647.8,117,AmbushHotChoke,-0.29,-0.106,-0.137,-0.0309
268,85651.8,117,AmbushHotChoke,-0.39,-0.137,-0.205,-0.0682
269,85697.0,135,Patrol,-0.80,-0.736,-0.753,-0.0169
269,85701.1,126,SweepArea,1.15,-0.520,0.003,0.5235
269,85702.1,126,SweepArea,-0.40,0.003,-0.062,-0.0649
269,85707.1,74,InvestigateLastHeard,0.13,0.248,0.235,-0.0130
269,85722.3,114,HeatSweep,-0.50,-0.124,-0.224,-0.0996
269,85767.3,144,Patrol,-0.90,-0.406,-0.552,-0.1462
269,85809.5,144,Patrol,-0.02,-0.552,-0.390,0.1625
270,85854.7,144,Patrol,-0.80,-0.390,-0.510,-0.1208
270,85899.7,144,Patrol,-0.80,-0.510,-0.595,-0.0841
270,85944.8,144,Patrol,-0.97,-0.595,-0.704,-0.1099
270,85987.8,144,Patrol,-0.27,-0.704,-0.572,0.1324
270,86004.5,108,SweepArea,-0.02,-0.194,-0.128,0.0658
270,86013.2,144,Patrol,1.11,-0.572,-0.051,0.5209
270,86013.5,144,Patrol,-0.52,-0.051,-0.147,-0.0961
270,86018.6,74,InvestigateLastHeard,0.14,0.235,0.227,-0.0076
270,86024.9,108,SweepArea,-0.21,-0.128,-0.132,-0.0040
270,86029.4,126,SweepArea,-0.04,-0.062,-0.033,0.0287
270,86033.8,126,SweepArea,-0.19,-0.033,-0.058,-0.0248
270,86038.2,126,SweepArea,-0.29,-0.058,-0.105,-0.0469
270,86042.9,126,SweepArea,-0.25,-0.105,-0.124,-0.0194
270,86047.3,126,SweepArea,-0.49,-0.124,-0.211,-0.0870
270,86051.7,126,SweepArea,-1.19,-0.211,-0.483,-0.2715
270,86056.5,126,SweepArea,-1.30,-0.483,-0.704,-0.2211
270,86101.7,126,Patrol,-0.91,-0.550,-0.654,-0.1045
270,86112.8,126,HideSpotCheck,0.14,-0.573,-0.343,0.2306
270,86121.4,126,HideSpotCheck,0.41,-0.343,-0.111,0.2316
270,86124.1,60,InvestigateLastHeard,-0.18,0.010,-0.033,-0.0425
270,86128.5,62,AmbushHotChoke,-0.19,0.001,0.007,0.0062
270,86141.8,116,SweepArea,-0.28,-1.957,-1.401,0.5564
270,86158.0,134,SweepArea,-0.31,0.358,0.189,-0.1692
270,86164.0,128,AmbushHotChoke,-0.01,0.245,0.223,-0.0217
270,86166.4,128,AmbushHotChoke,-0.17,0.223,0.163,-0.0597
270,86169.3,128,AmbushHotChoke,-0.18,0.163,0.103,-0.0607
270,86171.9,128,AmbushHotChoke,-0.28,0.103,0.013,-0.0892
270,86174.6,129,AmbushHotChoke,-0.38,-0.282,-0.287,-0.0048
270,86178.8,129,AmbushHotChoke,-0.49,-0.287,-0.326,-0.0393
270,86183.0,129,AmbushHotChoke,-1.19,-0.326,-0.563,-0.2372
270,86228.1,129,Patrol,-0.95,-0.479,-0.619,-0.1403
270,86273.3,145,Patrol,-0.93,-0.569,-0.675,-0.1057
271,86318.5,145,Patrol,-0.80,-0.675,-0.710,-0.0354
271,86333.5,129,HeatSweep,-0.50,-0.519,-0.500,0.0192
271,86333.8,126,HideSpotCheck,-0.50,-0.111,-0.199,-0.0875
271,86334.1,126,HideSpotCheck,-0.50,-0.199,-0.260,-0.0612
271,86334.4,126,HideSpotCheck,-0.50,-0.260,-0.303,-0.0429
271,86334.7,126,HideSpotCheck,-0.60,-0.303,-0.363,-0.0600
271,86335.0,126,HideSpotCheck,-0.70,-0.363,-0.435,-0.0722
271,86335.3,126,HideSpotCheck,-0.80,-0.435,-0.515,-0.0804
271,86335.6,126,HideSpotCheck,-1.50,-0.515,-0.781,-0.2663
271,86380.6,126,Patrol,0.30,-0.654,-0.364,0.2903
271,86394.6,108,SweepArea,0.01,-0.132,-0.075,0.0568
271,86423.5,126,Patrol,-0.19,-0.364,-0.304,0.0593
271,86468.5,126,Patrol,-0.88,-0.304,-0.474,-0.1700
271,86491.1,144,Patrol,0.94,-0.147,0.186,0.3332
271,86496.5,144,Patrol,-0.63,0.186,-0.053,-0.2389
271,86496.9,82,HideSpotCheck,-0.50,0.079,-0.070,-0.1490
271,86501.4,82,InvestigateLastHeard,-0.01,0.036,0.042,0.0063
271,86508.3,136,AmbushHotChoke,-0.22,0.044,-0.016,-0.0599
271,86521.4,136,HideSpotCheck,0.12,0.036,0.074,0.0385
271,86530.1,136,HideSpotCheck,0.50,0.074,0.210,0.1356
271,86530.7,82,InvestigateLastHeard,1.00,0.042,0.357,0.3152
271,86533.9,82,InvestigateLastHeard,0.96,0.357,0.562,0.2047
271,86534.3,82,InvestigateLastHeard,0.96,0.562,0.704,0.1416
271,86534.7,82,InvestigateLastHeard,0.85,0.704,0.771,0.0678
271,86535.0,82,InvestigateLastHeard,0.75,0.771,0.788,0.0162
271,86535.3,82,InvestigateLastHeard,0.65,0.788,0.768,-0.0200
271,86535.6,82,InvestigateLastHeard,-0.05,0.768,0.543,-0.2252
271,86535.9,82,InvestigateLastHeard,-0.31,0.543,0.309,-0.2339
271,86536.2,82,InvestigateLastHeard,-0.56,0.309,0.069,-0.2400
271,86536.5,82,InvestigateLastHeard,-0.81,0.069,-0.176,-0.2443
271,86536.8,82,InvestigateLastHeard,-1.07,-0.176,-0.423,-0.2473
271,86537.1,82,InvestigateLastHeard,-1.32,-0.423,-0.672,-0.2493
271,86537.5,82,InvestigateLastHeard,-1.57,-0.672,-0.923,-0.2510
271,86537.8,82,InvestigateLastHeard,-1.83,-0.923,-1.175,-0.2519
271,86538.1,82,InvestigateLastHeard,-2.08,-1.175,-1.428,-0.2525
271,86538.4,82,InvestigateLastHeard,-2.33,-1.428,-1.681,-0.2530
271,86538.7,82,InvestigateLastHeard,-2.59,-1.681,-1.934,-0.2533
271,86539.0,82,InvestigateLastHeard,-2.64,-1.934,-2.127,-0.1935
271,86539.4,82,InvestigateLastHeard,-2.89,-2.127,-2.339,-0.2119
271,86539.7,82,InvestigateLastHeard,-3.15,-2.339,-2.564,-0.2245
271,86540.0,82,InvestigateLastHeard,-3.40,-2.564,-2.797,-0.2333
271,86540.3,82,InvestigateLastHeard,-3.65,-2.797,-3.037,-0.2395
271,86540.7,82,InvestigateLastHeard,-3.91,-3.037,-3.281,-0.2441
271,86541.0,82,InvestigateLastHeard,-4.16,-3.281,-3.528,-0.2471
271,86541.3,82,InvestigateLastHeard,-4.41,-3.528,-3.777,-0.2492
271,86541.6,82,InvestigateLastHeard,-4.66,-3.777,-4.028,-0.2506
271,86541.9,82,InvestigateLastHeard,-4.92,-4.028,-4.279,-0.2515
271,86542.2,82,InvestigateLastHeard,-5.17,-4.279,-4.531,-0.2523
271,86542.5,82,InvestigateLastHeard,-5.42,-4.531,-4.784,-0.2528
271,86542.8,82,InvestigateLastHeard,-5.68,-4.784,-5.037,-0.2531
271,86543.1,82,InvestigateLastHeard,-5.93,-5.037,-5.291,-0.2533
271,86543.5,82,InvestigateLastHeard,-6.18,-5.291,-5.544,-0.2535
271,86543.9,82,InvestigateLastHeard,-6.44,-5.544,-5.798,-0.2540
271,86544.2,82,InvestigateLastHeard,-6.69,-5.798,-6.052,-0.2541
271,86544.6,82,InvestigateLastHeard,-6.94,-6.052,-6.306,-0.2541
271,86544.9,82,InvestigateLastHeard,-7.20,-6.306,-6.560,-0.2540
271,86545.2,82,InvestigateLastHeard,-7.45,-6.560,-6.814,-0.2539
271,86545.5,82,InvestigateLastHeard,-7.70,-6.814,-7.068,-0.2539
271,86545.8,82,InvestigateLastHeard,10.00,-7.068,-1.948,5.1204
272,86545.8,82,InvestigateLastHeard,-0.31,-1.948,-1.413,0.5341
272,86546.2,124,AmbushHotChoke,1.20,0.312,0.606,0.2942
272,86546.5,124,AmbushHotChoke,1.20,0.606,0.812,0.2055
272,86546.9,124,AmbushHotChoke,1.19,0.812,0.952,0.1399
272,86547.3,124,AmbushHotChoke,-0.47,0.952,0.547,-0.4049
272,86592.4,90,Patrol,-0.80,-0.259,-0.419,-0.1596
272,86637.5,126,Patrol,-0.80,-0.474,-0.569,-0.0950
272,86667.4,144,Patrol,0.22,-0.053,0.037,0.0897
272,86685.7,144,Patrol,0.96,0.037,0.323,0.2861
272,86686.3,144,Patrol,-0.73,0.323,0.032,-0.2914
272,86690.8,74,InvestigateLastHeard,0.13,0.227,0.206,-0.0215
272,86693.2,60,InvestigateLastHeard,-0.17,-0.033,-0.051,-0.0187
272,86704.1,114,HeatSweep,-0.26,-0.224,-0.222,0.0016
272,86711.1,128,AmbushHotChoke,-0.22,0.013,-0.036,-0.0496
272,86755.0,144,Patrol,-0.34,0.032,-0.076,-0.1079
272,86800.1,144,Patrol,-0.80,-0.076,-0.291,-0.2144
272,86845.2,144,Patrol,-0.84,-0.291,-0.453,-0.1622
272,86850.6,128,AmbushHotChoke,-0.01,-0.036,-0.007,0.0291
272,86863.9,114,HeatSweep,-0.28,-0.222,-0.230,-0.0076
272,86877.0,128,AmbushHotChoke,-0.03,-0.007,0.001,0.0081
272,86890.2,114,HeatSweep,-0.28,-0.230,-0.235,-0.0051
272,86904.3,128,AmbushHotChoke,-0.04,0.001,0.003,0.0018
272,86917.8,114,HeatSweep,-0.28,-0.235,-0.239,-0.0043
272,86931.3,128,AmbushHotChoke,-0.03,0.003,0.005,0.0026
272,86953.8,114,SweepArea,10.00,-0.235,2.835,3.0706
273,86956.5,114,SweepArea,-0.60,2.835,1.812,-1.0231
274,86986.2,144,Patrol,0.10,-0.453,-0.280,0.1734
274,87017.3,144,Patrol,0.09,-0.280,-0.163,0.1164
274,87062.4,126,Patrol,-0.68,-0.569,-0.599,-0.0294
274,87101.3,144,Patrol,-0.07,-0.163,-0.130,0.0329
274,87114.8,108,SweepArea,-0.28,-0.075,-0.124,-0.0488
274,87131.0,108,SweepArea,-0.16,-0.124,-0.123,0.0010
274,87147.2,108,SweepArea,-0.16,-0.123,-0.122,0.0011
274,87157.3,108,SweepArea,-0.05,-0.122,-0.083,0.0387
274,87202.5,144,Patrol,-0.95,-0.130,-0.374,-0.2436
274,87243.4,144,Patrol,-0.31,-0.374,-0.351,0.0230
274,87256.5,126,Patrol,1.16,-0.599,-0.059,0.5403
274,87256.8,126,Patrol,-0.69,-0.059,-0.215,-0.1560
274,87266.1,74,AmbushHotChoke,-0.09,0.217,0.462,0.2450
274,87279.6,114,SweepArea,-0.28,1.812,1.456,-0.3568
274,87296.0,114,SweepArea,-0.31,1.456,0.937,-0.5187
274,87312.3,108,SweepArea,-0.16,-0.083,-0.095,-0.0118
274,87327.0,108,SweepArea,-0.10,-0.095,-0.081,0.0134
274,87372.2,144,Patrol,-0.92,-0.351,-0.520,-0.1689
274,87417.4,144,Patrol,-0.80,-0.520,-0.603,-0.0833
274,87446.1,145,Patrol,0.15,-0.710,-0.446,0.2638
274,87489.7,127,Patrol,-0.15,-0.605,-0.468,0.1374
274,87502.2,109,SweepArea,-5.00,-0.818,-2.073,-1.2545
275,87503.1,109,SweepArea,0.02,-2.073,-1.443,0.6294
275,87548.2,109,Patrol,-0.80,-0.838,-0.824,0.0139
275,87593.3,126,Patrol,-0.80,-0.215,-0.387,-0.1729
275,87632.6,144,Patrol,-0.08,-0.603,-0.443,0.1595
275,87677.7,144,Patrol,-0.89,-0.443,-0.575,-0.1319
275,87722.8,144,Patrol,-1.15,-0.575,-0.745,-0.1696
275,87766.2,144,Patrol,-0.38,-0.745,-0.633,0.1120
275,87779.4,108,SweepArea,-0.28,-0.081,-0.127,-0.0457
275,87796.2,108,SweepArea,-0.32,-0.127,-0.173,-0.0454
275,87812.1,108,SweepArea,-0.16,-0.173,-0.155,0.0175
275,87828.1,108,SweepArea,-0.41,-0.155,-0.229,-0.0739
275,87873.3,109,Patrol,-0.80,-0.824,-0.815,0.0087
275,87917.8,127,Patrol,-0.09,-0.468,-0.353,0.1151
275,87928.4,115,HeatSweep,0.04,-0.112,-0.056,0.0559
276,87963.3,145,Patrol,0.05,-0.446,-0.292,0.1542
276,88008.3,144,Patrol,-0.79,-0.633,-0.677,-0.0444
276,88053.4,144,Patrol,-1.05,-0.677,-0.787,-0.1092
276,88095.8,144,Patrol,-0.21,-0.787,-0.611,0.1752
276,88109.1,108,SweepArea,-0.28,-0.229,-0.231,-0.0018
276,88154.1,108,Patrol,-0.80,-0.800,-0.797,0.0027
276,88199.2,126,Patrol,-0.86,-0.387,-0.529,-0.1411
276,88202.4,60,InvestigateLastHeard,-0.02,-0.051,0.197,0.2485
276,88217.2,114,SweepArea,-0.30,0.937,0.580,-0.3573
276,88233.7,108,SweepArea,-0.31,-0.231,-0.244,-0.0131
276,88250.3,108,SweepArea,-0.17,-0.244,-0.208,0.0356
276,88266.6,108,SweepArea,-0.26,-0.208,-0.212,-0.0039
276,88311.6,108,Patrol,-0.95,-0.797,-0.840,-0.0430
276,88356.7,126,Patrol,-0.90,-0.529,-0.637,-0.1086
276,88401.9,126,Patrol,-0.94,-0.637,-0.726,-0.0884
276,88418.8,108,SweepArea,-0.02,-0.212,-0.142,0.0704
276,88441.1,126,SweepArea,-0.06,-0.704,-0.500,0.2036
276,88449.9,126,SweepArea,-0.09,-0.500,-0.358,0.1425
276,88459.2,126,SweepArea,-0.19,-0.358,-0.294,0.0636
276,88488.4,127,Patrol,-0.19,-0.353,-0.300,0.0531
276,88518.4,127,Patrol,0.21,-0.300,-0.146,0.1538
276,88555.3,147,Patrol,-0.01,-0.383,-0.268,0.1151
276,88570.3,117,SweepArea,-0.30,-0.146,-0.188,-0.0422
277,88615.6,135,Patrol,-0.80,-0.753,-0.765,-0.0120
277,88628.8,126,SweepArea,-0.28,-0.294,-0.276,0.0184
277,88645.4,126,SweepArea,-0.32,-0.276,-0.275,0.0008
277,88661.6,126,SweepArea,-0.31,-0.275,-0.273,0.0018
277,88677.8,126,SweepArea,-0.41,-0.273,-0.302,-0.0291
277,88694.6,126,SweepArea,-0.52,-0.302,-0.354,-0.0519
277,88711.3,126,SweepArea,-0.47,-0.354,-0.375,-0.0214
277,88727.6,126,SweepArea,-1.31,-0.375,-0.644,-0.2683
277,88743.9,126,SweepArea,-1.23,-0.644,-0.746,-0.1023
277,88760.3,114,SweepArea,-1.62,0.580,-0.069,-0.6489
277,88777.1,108,SweepArea,-2.07,-0.142,-0.708,-0.5660
277,88793.6,108,SweepArea,-2.16,-0.708,-1.132,-0.4247
277,88802.1,108,HideSpotCheck,0.32,-0.785,-0.436,0.3494
277,88802.7,108,HideSpotCheck,1.00,-0.436,0.022,0.4576
277,88805.5,108,HideSpotCheck,1.12,0.022,0.373,0.3511
277,88805.8,108,HideSpotCheck,0.86,0.373,0.542,0.1694
277,88806.2,108,HideSpotCheck,0.76,0.542,0.627,0.0843
277,88806.6,108,HideSpotCheck,0.66,0.627,0.654,0.0274
277,88806.9,108,HideSpotCheck,-0.05,0.654,0.462,-0.1921
277,88807.2,108,HideSpotCheck,-0.30,0.462,0.251,-0.2107
277,88807.5,108,HideSpotCheck,-0.55,0.251,0.028,-0.2237
277,88807.8,108,HideSpotCheck,-0.81,0.028,-0.205,-0.2327
277,88808.1,108,HideSpotCheck,-1.06,-0.205,-0.444,-0.2390
277,88808.4,108,HideSpotCheck,-1.31,-0.444,-0.687,-0.2435
277,88808.7,108,HideSpotCheck,-1.57,-0.687,-0.934,-0.2466
277,88809.0,108,HideSpotCheck,-1.82,-0.934,-1.183,-0.2488
277,88809.3,108,HideSpotCheck,-2.07,-1.183,-1.433,-0.2503
277,88809.7,108,HideSpotCheck,-2.33,-1.433,-1.685,-0.2517
277,88810.0,108,HideSpotCheck,-2.58,-1.685,-1.937,-0.2524
277,88810.3,108,HideSpotCheck,-2.83,-1.937,-2.190,-0.2528
277,88810.6,108,HideSpotCheck,-3.09,-2.190,-2.443,-0.2531
277,88810.9,108,HideSpotCheck,-3.34,-2.443,-2.697,-0.2533
277,88811.2,108,HideSpotCheck,-3.59,-2.697,-2.950,-0.2535
277,88811.5,108,HideSpotCheck,-3.84,-2.950,-3.204,-0.2536
277,88811.8,108,HideSpotCheck,-4.10,-3.204,-3.457,-0.2537
277,88812.1,108,HideSpotCheck,-4.15,-3.457,-3.651,-0.1937
277,88812.4,108,HideSpotCheck,-4.40,-3.651,-3.863,-0.2117
277,88812.8,108,HideSpotCheck,-4.66,-3.863,-4.087,-0.2246
277,88813.1,108,HideSpotCheck,-4.91,-4.087,-4.321,-0.2333
277,88813.4,108,HideSpotCheck,-5.16,-4.321,-4.560,-0.2395
277,88813.7,108,HideSpotCheck,-5.42,-4.560,-4.804,-0.2438
277,88814.0,108,HideSpotCheck,-5.67,-4.804,-5.051,-0.2467
277,88814.3,108,HideSpotCheck,-5.92,-5.051,-5.300,-0.2488
277,88814.6,108,HideSpotCheck,-6.18,-5.300,-5.550,-0.2503
277,88814.9,108,HideSpotCheck,-6.43,-5.550,-5.801,-0.2513
277,88815.2,108,HideSpotCheck,10.00,-5.801,-1.061,4.7403
278,88815.2,108,HideSpotCheck,-0.28,-1.061,-0.729,0.3323
278,88815.6,120,Patrol,1.20,0.645,0.835,0.1899
278,88816.0,120,Patrol,1.20,0.835,0.967,0.1325
278,88816.3,120,Patrol,1.19,0.967,1.056,0.0892
278,88816.7,120,Patrol,-0.46,1.056,0.620,-0.4359
278,88821.6,90,SweepArea,-0.20,-0.121,-0.121,-0.0004
278,88839.5,144,Patrol,0.82,-0.611,-0.171,0.4400
278,88841.3,144,Patrol,-0.50,-0.171,-0.218,-0.0465
278,88856.4,80,HeatSweep,-0.50,0.470,0.188,-0.2817
278,88901.5,128,Patrol,-0.77,-0.328,-0.458,-0.1295
278,88929.3,144,Patrol,0.17,-0.218,-0.089,0.1286
278,88934.8,134,SweepArea,-0.21,0.189,0.086,-0.1023
278,88947.6,128,AmbushHotChoke,-0.28,0.005,-0.064,-0.0695
278,88960.5,144,HideSpotCheck,0.12,-0.860,-0.551,0.3094
278,89005.7,144,Patrol,-0.80,-0.089,-0.300,-0.2107
278,89042.4,144,Patrol,0.07,-0.300,-0.171,0.1293
278,89044.7,66,InvestigateLastHeard,-0.17,0.374,0.377,0.0029
278,89046.7,120,HideSpotCheck,0.23,0.629,0.680,0.0515
278,89049.1,120,HideSpotCheck,0.38,0.680,0.641,-0.0389
278,89051.6,68,InvestigateLastHeard,-0.17,0.195,0.135,-0.0595
278,89054.1,68,InvestigateLastHeard,-0.18,0.135,0.211,0.0757
278,89056.1,120,HideSpotCheck,0.23,0.641,0.692,0.0508
278,89058.0,120,HideSpotCheck,0.23,0.692,0.742,0.0494
278,89060.0,120,HideSpotCheck,0.23,0.742,0.790,0.0480
278,89062.0,120,HideSpotCheck,0.13,0.790,0.805,0.0158
278,89063.8,120,HideSpotCheck,0.03,0.805,0.793,-0.0120
278,89065.6,120,HideSpotCheck,-0.07,0.793,0.752,-0.0419
278,89067.6,120,HideSpotCheck,-0.77,0.752,0.500,-0.2518
278,89108.7,120,Patrol,-0.31,0.620,0.344,-0.2761
278,89122.0,146,HeatSweep,0.12,-0.225,-0.046,0.1797
278,89128.3,130,HeatSweep,0.94,0.502,0.651,0.1491
278,89128.6,130,HeatSweep,-0.49,0.651,0.325,-0.3253
278,89144.7,76,SweepArea,-0.31,0.079,0.005,-0.0746
278,89159.9,130,HeatSweep,-0.55,0.325,0.107,-0.2185
278,89172.0,130,HeatSweep,-0.27,0.107,0.011,-0.0960
278,89184.6,130,HeatSweep,0.08,0.011,0.045,0.0341
278,89197.4,130,HeatSweep,-0.38,0.045,-0.068,-0.1134
278,89201.6,130,AmbushHotChoke,-0.19,-0.421,-0.331,0.0901
278,89214.1,130,HeatSweep,-0.07,-0.068,-0.056,0.0127
278,89226.9,130,HeatSweep,-0.28,-0.056,-0.109,-0.0531
278,89239.3,130,HeatSweep,-0.07,-0.109,-0.083,0.0255
278,89251.8,130,HeatSweep,-0.37,-0.083,-0.157,-0.0741
278,89264.4,131,HeatSweep,-0.27,-0.281,-0.265,0.0164
278,89277.1,131,HeatSweep,-0.58,-0.265,-0.346,-0.0806
278,89281.1,131,HideSpotCheck,0.39,-0.304,-0.076,0.2278
278,89281.7,131,HideSpotCheck,1.00,-0.076,0.276,0.3519
278,89284.5,131,HideSpotCheck,0.97,0.276,0.499,0.2232
278,89284.8,131,HideSpotCheck,0.86,0.499,0.624,0.1251
278,89285.1,131,HideSpotCheck,0.76,0.624,0.680,0.0562
278,89285.5,131,HideSpotCheck,0.66,0.680,0.688,0.0081
278,89285.8,131,HideSpotCheck,-0.05,0.688,0.483,-0.2058
278,89286.1,131,HideSpotCheck,-0.30,0.483,0.262,-0.2202
278,89286.5,131,HideSpotCheck,-0.55,0.262,0.032,-0.2303
278,89286.7,131,HideSpotCheck,-0.81,0.032,-0.205,-0.2373
278,89287.0,131,HideSpotCheck,-1.06,-0.205,-0.447,-0.2422
278,89287.3,131,HideSpotCheck,-1.31,-0.447,-0.693,-0.2457
278,89287.6,131,HideSpotCheck,-1.57,-0.693,-0.941,-0.2481
278,89288.0,131,HideSpotCheck,-1.82,-0.941,-1.191,-0.2498
278,89288.3,131,HideSpotCheck,-2.07,-1.191,-1.442,-0.2510
278,89288.6,131,HideSpotCheck,10.00,-1.442,1.991,3.4326
279,89288.6,131,HideSpotCheck,-0.43,1.991,1.284,-0.7066
279,89289.0,125,HideSpotCheck,1.00,-0.820,-0.255,0.5649
279,89289.3,125,HideSpotCheck,1.20,-0.255,0.200,0.4552
279,89289.6,125,HideSpotCheck,1.10,0.200,0.488,0.2883
279,89289.9,125,HideSpotCheck,0.99,0.488,0.656,0.1677
279,89290.3,125,HideSpotCheck,-0.67,0.656,0.279,-0.3768
279,89291.9,90,SweepArea,-0.17,-0.121,-0.115,0.0065
279,89293.4,90,SweepArea,-0.16,-0.115,-0.109,0.0051
279,89295.0,90,SweepArea,-0.17,-0.109,-0.099,0.0103
279,89340.2,144,Patrol,-0.95,-0.171,-0.402,-0.2313
279,89381.7,144,Patrol,-0.01,-0.402,-0.281,0.1214
279,89401.7,126,Patrol,0.80,-0.726,-0.259,0.4669
279,89403.5,126,Patrol,-0.68,-0.259,-0.379,-0.1206
279,89407.7,62,AmbushHotChoke,-0.19,0.007,-0.040,-0.0469
279,89413.8,62,InvestigateLastHeard,-0.01,-0.013,0.046,0.0596
279,89415.7,116,HideSpotCheck,0.23,0.268,0.330,0.0620
279,89430.8,116,HideSpotCheck,-0.65,0.330,0.081,-0.2486
279,89446.0,116,HeatSweep,-0.50,0.182,-0.009,-0.1918
279,89491.1,144,Patrol,-0.80,-0.281,-0.434,-0.1534
279,89505.6,146,HeatSweep,0.07,-0.046,0.000,0.0457
279,89512.7,128,AmbushHotChoke,-0.02,-0.064,-0.032,0.0316
279,89525.9,116,HideSpotCheck,0.12,0.081,0.105,0.0235
279,89540.9,116,HideSpotCheck,-0.63,0.105,-0.099,-0.2044
279,89556.0,116,HeatSweep,-0.65,-0.009,-0.188,-0.1789
279,89601.0,144,Patrol,-0.95,-0.434,-0.588,-0.1544
279,89639.7,147,Patrol,0.03,-0.268,-0.174,0.0935
279,89649.1,129,HeatSweep,0.06,-0.500,-0.324,0.1762
280,89694.2,145,Patrol,-0.80,-0.292,-0.442,-0.1499
280,89694.5,144,HideSpotCheck,-0.50,-0.551,-0.507,0.0445
280,89739.7,144,Patrol,-0.95,-0.588,-0.694,-0.1061
280,89740.0,144,HideSpotCheck,-0.50,-0.507,-0.475,0.0316
280,89740.3,144,HideSpotCheck,-0.35,-0.475,-0.408,0.0671
280,89740.6,144,HideSpotCheck,-0.50,-0.408,-0.406,0.0019
280,89740.9,144,HideSpotCheck,-0.60,-0.406,-0.435,-0.0287
280,89741.2,144,HideSpotCheck,-0.55,-0.435,-0.440,-0.0051
280,89745.8,144,HideSpotCheck,0.10,-0.440,-0.254,0.1861
280,89747.8,144,HideSpotCheck,-0.77,-0.254,-0.382,-0.1282
280,89749.9,144,HideSpotCheck,-1.02,-0.382,-0.547,-0.1651
280,89751.8,144,HideSpotCheck,-1.27,-0.547,-0.737,-0.1897
280,89792.9,144,Patrol,0.01,-0.694,-0.479,0.2159
280,89799.3,130,HeatSweep,0.09,-0.157,-0.069,0.0881
280,89806.8,128,AmbushHotChoke,-0.22,-0.032,-0.072,-0.0396
280,89812.8,130,HeatSweep,-0.21,-0.069,-0.091,-0.0214
280,89828.0,146,HeatSweep,-0.50,0.000,-0.138,-0.1375
280,89832.2,146,SweepArea,-0.04,-0.116,-0.070,0.0452
280,89836.6,146,SweepArea,-0.19,-0.070,-0.085,-0.0143
280,89840.9,146,SweepArea,-0.19,-0.085,-0.094,-0.0095
280,89845.2,146,SweepArea,-0.14,-0.094,-0.086,0.0084
280,89847.2,146,HideSpotCheck,0.38,-0.293,-0.065,0.2280
280,89849.0,146,HideSpotCheck,0.23,-0.065,0.050,0.1153
280,89850.8,146,HideSpotCheck,0.23,0.050,0.131,0.0805
280,89852.8,146,HideSpotCheck,0.13,0.131,0.166,0.0354
280,89854.7,146,HideSpotCheck,0.03,0.166,0.171,0.0047
280,89856.7,146,HideSpotCheck,-0.07,0.171,0.144,-0.0263
280,89858.7,146,HideSpotCheck,-0.77,0.144,-0.091,-0.2352
280,89863.7,146,SweepArea,-0.20,-0.086,-0.098,-0.0120
280,89865.6,146,HideSpotCheck,0.23,-0.091,0.032,0.1226
280,89867.5,146,HideSpotCheck,0.23,0.032,0.117,0.0856
280,89869.4,146,HideSpotCheck,0.23,0.117,0.184,0.0664
280,89871.2,146,HideSpotCheck,0.13,0.184,0.218,0.0343
280,89873.2,146,HideSpotCheck,0.03,0.218,0.221,0.0027
280,89875.1,146,HideSpotCheck,-0.07,0.221,0.194,-0.0265
280,89876.9,146,HideSpotCheck,-0.77,0.194,-0.042,-0.2360
280,89878.9,146,HideSpotCheck,-1.02,-0.042,-0.309,-0.2673
280,89892.5,146,AmbushHotChoke,-0.12,-0.306,-0.236,0.0701
280,89907.6,130,HeatSweep,-0.65,-0.091,-0.245,-0.1544
280,89944.4,144,Patrol,0.03,-0.479,-0.325,0.1537
280,89983.5,147,Patrol,-0.03,-0.174,-0.130,0.0438
281,90028.6,147,Patrol,-0.80,-0.130,-0.328,-0.1983
281,90068.1,126,Patrol,0.17,-0.379,-0.210,0.1694
281,90113.2,126,Patrol,-0.90,-0.210,-0.414,-0.2044
281,90158.3,126,Patrol,-1.00,-0.414,-0.587,-0.1731
281,90188.7,144,Patrol,-0.08,-0.325,-0.246,0.0793
281,90233.8,144,Patrol,-1.95,-0.246,-0.754,-0.5085
281,90278.9,126,Patrol,-2.05,-0.587,-1.024,-0.4362
281,90279.2,144,HideSpotCheck,-0.50,-0.737,-0.635,0.1012
281,90279.5,144,HideSpotCheck,-0.50,-0.635,-0.565,0.0709
281,90279.8,144,HideSpotCheck,-0.50,-0.565,-0.515,0.0496
281,90280.1,144,HideSpotCheck,-0.60,-0.515,-0.510,0.0047
281,90280.3,144,HideSpotCheck,-0.70,-0.510,-0.537,-0.0267
281,90280.6,144,HideSpotCheck,-0.80,-0.537,-0.586,-0.0487
281,90280.9,144,HideSpotCheck,-1.50,-0.586,-0.830,-0.2441
281,90326.0,144,Patrol,-0.88,-0.754,-0.789,-0.0353
281,90367.3,144,Patrol,-0.02,-0.789,-0.557,0.2321
281,90412.4,109,Patrol,-0.95,-0.815,-0.855,-0.0392
281,90457.4,145,Patrol,-1.05,-0.442,-0.623,-0.1809
281,90469.3,145,AmbushHotChoke,-0.01,-1.321,-0.924,0.3965
282,90514.4,109,Patrol,-0.80,-0.855,-0.836,0.0191
282,90559.6,144,Patrol,-0.94,-0.557,-0.670,-0.1129
282,90601.2,144,Patrol,0.00,-0.670,-0.467,0.2032
282,90614.0,108,HideSpotCheck,0.12,-0.729,-0.459,0.2698
282,90629.2,108,HideSpotCheck,-0.63,-0.459,-0.496,-0.0376
282,90644.3,108,HideSpotCheck,-0.65,-0.496,-0.530,-0.0335
282,90654.9,108,HideSpotCheck,0.20,-0.530,-0.294,0.2354
282,90670.1,108,HideSpotCheck,-0.83,-0.294,-0.442,-0.1478
282,90672.6,108,HideSpotCheck,-0.08,-0.442,-0.307,0.1348
282,90673.2,108,HideSpotCheck,0.00,-0.307,-0.188,0.1192
282,90676.1,108,HideSpotCheck,-0.13,-0.188,-0.149,0.0389
282,90676.4,108,HideSpotCheck,-0.54,-0.149,-0.243,-0.0941
282,90676.8,108,HideSpotCheck,-0.79,-0.243,-0.389,-0.1451
282,90677.1,108,HideSpotCheck,-1.04,-0.389,-0.566,-0.1779
282,90677.4,108,HideSpotCheck,-1.30,-0.566,-0.767,-0.2008
282,90677.7,108,HideSpotCheck,-1.55,-0.767,-0.984,-0.2167
282,90678.0,108,HideSpotCheck,-1.80,-0.984,-1.212,-0.2279
282,90678.3,108,HideSpotCheck,-2.06,-1.212,-1.448,-0.2357
282,90678.7,108,HideSpotCheck,-2.31,-1.448,-1.689,-0.2415
282,90679.0,108,HideSpotCheck,-2.56,-1.689,-1.934,-0.2452
282,90679.3,108,HideSpotCheck,-2.82,-1.934,-2.182,-0.2479
282,90679.6,108,HideSpotCheck,-3.07,-2.182,-2.432,-0.2497
282,90679.9,108,HideSpotCheck,-3.32,-2.432,-2.683,-0.2509
282,90680.2,108,HideSpotCheck,-3.58,-2.683,-2.935,-0.2518
282,90680.5,108,HideSpotCheck,-3.83,-2.935,-3.187,-0.2524
282,90680.8,108,HideSpotCheck,-4.08,-3.187,-3.440,-0.2529
282,90681.1,108,HideSpotCheck,-4.33,-3.440,-3.693,-0.2532
282,90681.5,108,HideSpotCheck,-4.59,-3.693,-3.946,-0.2534
282,90681.8,108,HideSpotCheck,-4.84,-3.946,-4.200,-0.2539
282,90682.2,108,HideSpotCheck,-5.10,-4.200,-4.454,-0.2539
282,90682.5,108,HideSpotCheck,-5.35,-4.454,-4.708,-0.2538
282,90682.8,108,HideSpotCheck,-5.60,-4.708,-4.962,-0.2538
282,90683.1,108,HideSpotCheck,-5.65,-4.962,-5.156,-0.1938
282,90683.4,108,HideSpotCheck,-5.91,-5.156,-5.367,-0.2118
282,90683.7,108,HideSpotCheck,-6.16,-5.367,-5.592,-0.2243
282,90684.0,108,HideSpotCheck,-6.41,-5.592,-5.825,-0.2332
282,90684.3,108,HideSpotCheck,-6.67,-5.825,-6.064,-0.2394
282,90684.6,108,HideSpotCheck,-6.92,-6.064,-6.308,-0.2437
282,90685.0,108,HideSpotCheck,-7.17,-6.308,-6.555,-0.2470
282,90685.3,108,HideSpotCheck,-7.43,-6.555,-6.804,-0.2490
282,90685.6,108,HideSpotCheck,-7.68,-6.804,-7.054,-0.2504
282,90685.9,108,HideSpotCheck,-7.93,-7.054,-7.306,-0.2514
282,90686.2,108,HideSpotCheck,-8.19,-7.306,-7.558,-0.2520
282,90686.5,108,HideSpotCheck,-8.44,-7.558,-7.810,-0.2525
282,90686.8,108,HideSpotCheck,-8.69,-7.810,-8.063,-0.2528
282,90687.1,108,HideSpotCheck,10.00,-8.063,-2.644,5.4189
283,90687.1,108,HideSpotCheck,-0.29,-2.644,-1.868,0.7764
283,90687.4,120,HideSpotCheck,1.20,0.500,0.733,0.2334
283,90687.7,120,HideSpotCheck,1.20,0.733,0.896,0.1630
283,90688.1,120,HideSpotCheck,1.09,0.896,0.977,0.0805
283,90688.5,120,HideSpotCheck,-0.56,0.977,0.535,-0.4419
283,90705.5,90,SweepArea,-0.02,-0.099,-0.063,0.0360
283,90750.4,144,Patrol,-0.05,-0.467,-0.338,0.1284
283,90789.6,144,Patrol,0.15,-0.338,-0.187,0.1516
283,90834.8,108,Patrol,-0.80,-0.840,-0.826,0.0143
283,90880.0,144,Patrol,-1.05,-0.187,-0.443,-0.2566
283,90880.3,144,HideSpotCheck,-0.50,-0.830,-0.702,0.1281
283,90880.6,144,HideSpotCheck,-0.50,-0.702,-0.612,0.0897
283,90923.5,144,Patrol,-0.07,-0.443,-0.327,0.1162
283,90925.0,108,Patrol,0.98,-0.826,-0.259,0.5668
284,90925.9,108,Patrol,-0.37,-0.259,-0.275,-0.0162
284,90929.5,128,AmbushHotChoke,-0.19,-0.072,-0.082,-0.0095
284,90974.5,144,Patrol,-0.67,-0.327,-0.428,-0.1005
284,91019.8,108,Patrol,-0.95,-0.275,-0.475,-0.2002
284,91062.6,144,Patrol,-0.07,-0.428,-0.318,0.1093
285,91096.8,108,Patrol,0.06,-0.475,-0.310,0.1652
285,91110.6,144,Patrol,1.01,-0.318,0.093,0.4117
285,91111.0,144,Patrol,-0.63,0.093,-0.057,-0.1498
285,91126.2,74,AmbushHotChoke,-0.50,0.462,0.182,-0.2796
285,91139.6,128,SweepArea,-0.28,-0.504,-0.427,0.0763
285,91145.8,128,AmbushHotChoke,-0.01,-0.082,-0.045,0.0364
285,91148.3,128,AmbushHotChoke,-0.18,-0.045,-0.066,-0.0204
285,91152.6,128,AmbushHotChoke,-0.19,-0.066,-0.087,-0.0211
285,91155.2,128,AmbushHotChoke,-0.28,-0.087,-0.125,-0.0382
285,91159.3,128,AmbushHotChoke,-0.39,-0.125,-0.188,-0.0627
285,91162.6,128,AmbushHotChoke,-0.48,-0.188,-0.259,-0.0709
285,91166.3,128,AmbushHotChoke,-1.19,-0.259,-0.519,-0.2608
285,91181.8,128,SweepArea,10.00,-0.427,2.701,3.1284
286,91191.4,128,SweepArea,-0.60,2.701,1.718,-0.9826
286,91206.1,144,Patrol,1.00,-0.057,0.273,0.3300
286,91207.8,144,Patrol,-0.61,0.273,0.058,-0.2154
286,91213.0,66,InvestigateLastHeard,-0.01,0.377,0.382,0.0055
286,91215.5,120,HideSpotCheck,0.22,0.535,0.582,0.0478
286,91217.4,120,HideSpotCheck,0.23,0.582,0.636,0.0531
286,91219.4,120,HideSpotCheck,0.23,0.636,0.686,0.0500
286,91221.5,120,HideSpotCheck,0.13,0.686,0.704,0.0187
286,91223.3,120,HideSpotCheck,0.03,0.704,0.694,-0.0102
286,91225.3,120,HideSpotCheck,-0.07,0.694,0.653,-0.0407
286,91227.1,120,HideSpotCheck,-0.77,0.653,0.406,-0.2478
286,91228.9,120,HideSpotCheck,-1.02,0.406,0.089,-0.3164
286,91270.1,120,Patrol,-0.01,0.344,0.241,-0.1033
286,91315.3,144,Patrol,-0.80,0.058,-0.197,-0.2549
286,91360.4,144,Patrol,-0.88,-0.197,-0.400,-0.2028
286,91403.6,144,Patrol,-0.43,-0.400,-0.406,-0.0064
287,91448.8,144,Patrol,-0.80,-0.406,-0.522,-0.1161
287,91488.3,144,Patrol,0.06,-0.522,-0.343,0.1792
287,91533.3,144,Patrol,-0.90,-0.343,-0.507,-0.1643
287,91560.1,144,Patrol,-0.01,-0.507,-0.352,0.1555
287,91565.7,126,SweepArea,-0.21,-0.746,-0.562,0.1843
287,91567.7,144,HideSpotCheck,0.23,-0.612,-0.333,0.2791
287,91569.6,144,HideSpotCheck,0.23,-0.333,-0.137,0.1961
287,91571.7,144,HideSpotCheck,0.23,-0.137,0.000,0.1363
287,91573.7,144,HideSpotCheck,0.13,0.000,0.065,0.0659
287,91575.6,144,HideSpotCheck,0.03,0.065,0.082,0.0166
287,91577.6,144,HideSpotCheck,-0.07,0.082,0.063,-0.0190
287,91579.7,144,HideSpotCheck,-0.77,0.063,-0.161,-0.2238
287,91581.6,144,HideSpotCheck,-1.02,-0.161,-0.391,-0.2305
287,91626.7,144,Patrol,-0.80,-0.352,-0.484,-0.1320
287,91631.9,144,HideSpotCheck,0.20,-0.391,-0.192,0.1996
287,91633.8,144,HideSpotCheck,0.23,-0.192,-0.038,0.1538
287,91635.6,144,HideSpotCheck,0.23,-0.038,0.070,0.1079
287,91637.5,144,HideSpotCheck,0.13,0.070,0.115,0.0450
287,91639.6,144,HideSpotCheck,0.03,0.115,0.121,0.0055
287,91641.6,144,HideSpotCheck,-0.07,0.121,0.096,-0.0249
287,91643.5,144,HideSpotCheck,-0.77,0.096,-0.137,-0.2325
287,91645.5,144,HideSpotCheck,-1.02,-0.137,-0.375,-0.2379
287,91647.5,144,HideSpotCheck,-1.27,-0.375,-0.617,-0.2419
287,91692.6,144,Patrol,-0.76,-0.484,-0.563,-0.0788
287,91737.8,108,Patrol,-0.95,-0.310,-0.500,-0.1895
287,91774.9,144,Patrol,0.03,-0.563,-0.380,0.1822
287,91820.0,108,Patrol,-0.90,-0.500,-0.617,-0.1176
287,91865.2,144,Patrol,-1.15,-0.380,-0.610,-0.2300
287,91907.9,145,Patrol,-0.37,-0.623,-0.547,0.0760
288,91953.0,109,Patrol,-0.80,-0.836,-0.822,0.0133
288,91957.3,126,SweepArea,-0.01,-0.562,-0.373,0.1888
288,91963.0,126,SweepArea,-0.21,-0.373,-0.301,0.0718
288,91966.7,126,SweepArea,-0.04,-0.301,-0.197,0.1040
288,91991.9,126,SweepArea,-0.64,-0.197,-0.321,-0.1237
288,92006.4,126,SweepArea,-0.27,-0.321,-0.293,0.0283
288,92051.5,108,Patrol,-0.80,-0.617,-0.669,-0.0521
288,92090.5,144,Patrol,0.03,-0.610,-0.414,0.1966
288,92093.7,126,HideSpotCheck,0.22,-0.781,-0.457,0.3249
288,92098.6,126,SweepArea,-0.20,-0.293,-0.241,0.0512
288,92103.5,126,SweepArea,-0.05,-0.241,-0.160,0.0810
288,92108.5,126,SweepArea,-0.05,-0.160,-0.104,0.0563
288,92113.2,126,SweepArea,-0.30,-0.104,-0.139,-0.0349
288,92117.7,126,SweepArea,-0.24,-0.139,-0.147,-0.0080
288,92122.3,126,SweepArea,-0.35,-0.147,-0.183,-0.0363
288,92147.4,126,SweepArea,-1.60,-0.183,-0.600,-0.4172
288,92147.7,126,HideSpotCheck,-0.50,-0.457,-0.440,0.0161
288,92148.0,126,HideSpotCheck,-0.50,-0.440,-0.429,0.0113
288,92148.3,126,HideSpotCheck,-0.50,-0.429,-0.421,0.0079
288,92148.6,126,HideSpotCheck,-0.60,-0.421,-0.446,-0.0245
288,92148.9,126,HideSpotCheck,-0.70,-0.446,-0.493,-0.0471
288,92149.3,126,HideSpotCheck,-0.80,-0.493,-0.556,-0.0631
288,92149.5,126,HideSpotCheck,-1.50,-0.556,-0.810,-0.2540
288,92172.4,126,SweepArea,-0.06,-0.600,-0.428,0.1719
288,92181.5,126,SweepArea,-0.09,-0.428,-0.313,0.1150
288,92210.9,127,Patrol,-0.19,-0.146,-0.155,-0.0096
288,92255.5,127,Patrol,0.02,-0.155,-0.101,0.0549
288,92289.6,145,Patrol,-0.24,-0.547,-0.450,0.0966
288,92302.0,129,HeatSweep,0.03,-0.324,-0.211,0.1130
289,92347.0,145,Patrol,-0.80,-0.450,-0.552,-0.1020
289,92369.8,126,SweepArea,-0.08,-0.313,-0.233,0.0800
289,92378.3,126,SweepArea,-0.08,-0.233,-0.170,0.0638
289,92386.8,126,SweepArea,-0.08,-0.170,-0.125,0.0448
289,92412.0,126,SweepArea,-0.62,-0.125,-0.266,-0.1407
289,92445.1,144,Patrol,0.10,-0.414,-0.254,0.1593
289,92490.3,144,Patrol,-0.95,-0.254,-0.461,-0.2064
289,92531.8,144,Patrol,0.10,-0.461,-0.290,0.1708
289,92577.0,108,Patrol,-1.05,-0.669,-0.781,-0.1117
289,92622.2,144,Patrol,-1.15,-0.290,-0.547,-0.2571
289,92664.9,145,Patrol,-0.63,-0.552,-0.572,-0.0200
289,92710.2,127,Patrol,-1.95,-0.101,-0.655,-0.5541
289,92755.2,145,Patrol,-2.14,-0.572,-1.041,-0.4682
289,92762.4,145,AmbushHotChoke,0.15,-0.924,-0.591,0.3337
289,92777.5,145,AmbushHotChoke,-0.65,-0.591,-0.599,-0.0080
289,92791.4,127,HideSpotCheck,0.11,-0.644,-0.407,0.2373
289,92803.3,127,HideSpotCheck,-5.00,-0.407,-1.785,-1.3780
290,92806.6,127,HideSpotCheck,-0.50,-1.785,-1.386,0.3984
290,92851.7,144,Patrol,-0.64,-0.547,-0.571,-0.0242
290,92882.6,108,Patrol,0.09,-0.781,-0.513,0.2678
290,92905.4,126,SweepArea,-0.17,-0.266,-0.229,0.0362
290,92934.4,108,Patrol,-0.19,-0.513,-0.409,0.1038
290,92956.9,126,SweepArea,-0.38,-0.229,-0.264,-0.0345
290,92965.6,126,SweepArea,-0.09,-0.264,-0.192,0.0721
290,92974.4,126,SweepArea,0.02,-0.192,-0.108,0.0836
290,92982.9,126,SweepArea,-0.34,-0.108,-0.157,-0.0490
290,92992.3,126,SweepArea,-0.29,-0.157,-0.179,-0.0221
290,93001.2,126,SweepArea,-0.54,-0.179,-0.268,-0.0893
290,93026.3,126,SweepArea,-1.45,-0.268,-0.615,-0.3463
290,93042.6,126,SweepArea,-1.56,-0.615,-0.887,-0.2726
290,93087.7,108,Patrol,-0.80,-0.409,-0.524,-0.1143
290,93091.1,126,HideSpotCheck,0.22,-0.810,-0.478,0.3324
290,93136.2,126,Patrol,-0.86,-1.024,-0.971,0.0528
290,93181.3,108,Patrol,-0.80,-0.524,-0.604,-0.0804
290,93218.7,144,Patrol,0.03,-0.571,-0.391,0.1799
290,93264.0,109,Patrol,-0.90,-0.822,-0.845,-0.0227
290,93274.7,145,AmbushHotChoke,-0.02,-0.599,-0.423,0.1759
290,93319.8,109,Patrol,-0.95,-0.845,-0.875,-0.0301
290,93329.3,145,AmbushHotChoke,-5.00,-0.423,-1.796,-1.3732
291,93333.4,145,AmbushHotChoke,0.01,-1.796,-1.238,0.5576
291,93340.6,126,HideSpotCheck,0.47,-0.478,-0.173,0.3049
291,93350.2,126,HideSpotCheck,0.30,-0.173,-0.012,0.1611
291,93360.0,126,HideSpotCheck,0.41,-0.012,0.132,0.1432
291,93388.9,144,Patrol,0.11,-0.391,-0.232,0.1597
291,93389.2,126,HideSpotCheck,-0.50,0.132,-0.019,-0.1506
291,93389.5,126,HideSpotCheck,-0.50,-0.019,-0.134,-0.1151
291,93412.0,126,SweepArea,-0.21,-0.887,-0.674,0.2137
291,93422.1,126,HideSpotCheck,0.30,-0.134,0.014,0.1482
291,93432.3,126,HideSpotCheck,0.30,0.014,0.117,0.1029
291,93443.1,126,HideSpotCheck,0.14,0.117,0.144,0.0274
291,93453.2,126,HideSpotCheck,0.20,0.144,0.187,0.0427
291,93463.4,126,HideSpotCheck,-0.05,0.187,0.149,-0.0381
291,93473.2,126,HideSpotCheck,0.00,0.149,0.132,-0.0165
291,93483.3,126,HideSpotCheck,-0.85,0.132,-0.139,-0.2714
291,93493.5,126,HideSpotCheck,-0.95,-0.139,-0.365,-0.2266
291,93503.6,126,HideSpotCheck,-1.35,-0.365,-0.643,-0.2780
291,93513.6,126,HideSpotCheck,-1.45,-0.643,-0.867,-0.2238
291,93522.1,126,SweepArea,-0.24,-0.674,-0.523,0.1506
291,93531.0,126,SweepArea,-0.09,-0.523,-0.374,0.1494
291,93539.8,126,SweepArea,-0.09,-0.374,-0.269,0.1045
291,93548.4,126,SweepArea,-0.34,-0.269,-0.270,-0.0009
291,93556.9,126,SweepArea,-0.28,-0.270,-0.255,0.0152
291,93565.8,126,SweepArea,-0.39,-0.255,-0.276,-0.0212
291,93574.9,126,SweepArea,-1.09,-0.276,-0.506,-0.2299
291,93603.9,127,Patrol,-0.19,-0.655,-0.510,0.1443
291,93649.1,127,Patrol,-0.73,-0.510,-0.576,-0.0653
291,93688.3,145,Patrol,0.16,-1.041,-0.681,0.3595
291,93733.4,109,Patrol,-0.90,-0.875,-0.881,-0.0063
292,93778.4,145,Patrol,-0.80,-0.681,-0.714,-0.0328
292,93821.1,144,Patrol,0.12,-0.232,-0.124,0.1083
292,93836.8,114,SweepArea,-0.01,-0.069,0.179,0.2488
292,93853.2,128,SweepArea,-0.16,1.718,1.376,-0.3421
292,93869.7,128,SweepArea,-0.32,1.376,1.046,-0.3305
292,93886.1,128,SweepArea,-0.26,1.046,0.788,-0.2576
292,93902.3,128,SweepArea,-0.36,0.788,0.547,-0.2414
292,93918.2,128,SweepArea,-0.46,0.547,0.318,-0.2288
292,93934.0,128,SweepArea,-1.31,0.318,-0.128,-0.4456
292,93950.0,128,SweepArea,-1.41,-0.128,-0.502,-0.3747
292,93965.1,128,HideSpotCheck,-0.63,-0.439,-0.485,-0.0465
292,94010.2,128,Patrol,-0.88,-0.458,-0.579,-0.1214
292,94026.1,114,SweepArea,-0.31,0.179,0.043,-0.1370
292,94041.1,128,HideSpotCheck,-0.63,-0.485,-0.519,-0.0337
292,94055.4,128,SweepArea,-0.29,-0.502,-0.429,0.0730
292,94064.1,128,SweepArea,10.00,-0.429,2.700,3.1288
293,94080.5,128,SweepArea,-0.60,2.700,1.717,-0.9821
293,94124.4,144,Patrol,-0.04,-0.124,-0.095,0.0286
294,94169.4,144,Patrol,-0.80,-0.095,-0.304,-0.2088
294,94214.7,144,Patrol,-0.78,-0.304,-0.444,-0.1405
294,94233.9,126,SweepArea,-0.03,-0.506,-0.352,0.1539
294,94262.9,144,Patrol,0.11,-0.444,-0.272,0.1727
294,94285.8,126,SweepArea,-0.21,-0.352,-0.300,0.0524
294,94294.8,126,SweepArea,-0.24,-0.300,-0.263,0.0364
294,94319.9,126,SweepArea,-0.42,-0.263,-0.303,-0.0399
294,94365.1,108,Patrol,-0.95,-0.604,-0.707,-0.1027
294,94396.6,145,Patrol,-0.22,-0.714,-0.560,0.1540
294,94441.6,127,Patrol,-0.88,-0.576,-0.666,-0.0903
294,94445.6,145,HideSpotCheck,0.40,-1.093,-0.632,0.4605
295,94490.7,145,Patrol,-0.80,-0.560,-0.629,-0.0694
295,94498.4,126,SweepArea,-0.05,-0.303,-0.207,0.0969
295,94506.9,126,SweepArea,-0.08,-0.207,-0.151,0.0559
295,94515.3,126,SweepArea,-0.23,-0.151,-0.156,-0.0056
295,94523.7,126,SweepArea,-0.33,-0.156,-0.191,-0.0343
295,94532.8,126,SweepArea,-0.29,-0.191,-0.201,-0.0107
295,94561.8,126,Patrol,0.11,-0.971,-0.640,0.3310
295,94567.0,126,SweepArea,1.15,-0.201,0.225,0.4262
295,94569.7,126,SweepArea,-0.30,0.225,0.105,-0.1194
295,94584.9,80,HeatSweep,-0.50,0.188,-0.005,-0.1935
295,94624.7,144,Patrol,0.06,-0.272,-0.125,0.1469
295,94638.0,152,HeatSweep,0.02,1.237,1.132,-0.1054
295,94647.1,128,SweepArea,-0.24,1.717,1.454,-0.2633
295,94654.1,128,SweepArea,-0.07,1.454,1.302,-0.1521
295,94660.5,128,SweepArea,-0.06,1.302,1.172,-0.1296
295,94666.9,128,SweepArea,-0.31,1.172,0.980,-0.1927
295,94673.6,128,SweepArea,-0.26,0.980,0.815,-0.1645
295,94680.3,128,SweepArea,-0.52,0.815,0.589,-0.2266
295,94686.9,128,SweepArea,-1.07,0.589,0.218,-0.3702
295,94692.9,128,SweepArea,-1.31,0.218,-0.192,-0.4099
295,94699.2,128,SweepArea,-1.71,-0.192,-0.633,-0.4411
295,94701.2,128,HideSpotCheck,0.23,-0.519,-0.275,0.2438
295,94703.2,128,HideSpotCheck,0.23,-0.275,-0.105,0.1706
295,94705.1,128,HideSpotCheck,0.23,-0.105,0.015,0.1195
295,94707.1,128,HideSpotCheck,0.13,0.015,0.069,0.0536
295,94709.0,128,HideSpotCheck,0.03,0.069,0.077,0.0082
295,94711.0,128,HideSpotCheck,-0.07,0.077,0.053,-0.0235
295,94713.0,128,HideSpotCheck,-0.77,0.053,-0.175,-0.2279
295,94714.9,128,HideSpotCheck,-1.02,-0.175,-0.409,-0.2342
295,94717.0,128,HideSpotCheck,-1.27,-0.409,-0.648,-0.2393
295,94732.1,128,AmbushHotChoke,-0.61,-0.519,-0.535,-0.0155
295,94746.9,134,SweepArea,-0.14,0.086,0.176,0.0896
295,94753.9,152,HeatSweep,-0.02,1.132,0.804,-0.3281
295,94754.2,116,HideSpotCheck,-0.50,-0.099,-0.196,-0.0961
295,94762.8,116,HeatSweep,-0.24,-0.188,-0.048,0.1405
295,94771.8,152,HeatSweep,-0.01,0.804,0.576,-0.2278
295,94776.6,116,HeatSweep,10.00,-0.048,2.967,3.0144
296,94780.7,116,HeatSweep,0.06,2.967,2.114,-0.8528
296,94825.8,144,Patrol,-0.80,-0.125,-0.325,-0.2002
296,94865.2,144,Patrol,0.12,-0.325,-0.186,0.1391
296,94878.2,126,SweepArea,-0.28,0.105,0.006,-0.0991
296,94894.7,126,SweepArea,-0.16,0.006,-0.032,-0.0383
296,94910.6,126,SweepArea,-0.16,-0.032,-0.057,-0.0251
296,94927.0,126,SweepArea,-0.41,-0.057,-0.151,-0.0945
296,94935.7,126,HideSpotCheck,0.38,-0.867,-0.474,0.3937
296,94936.5,126,SweepArea,1.00,-0.151,0.221,0.3722
296,94939.2,126,SweepArea,0.97,0.221,0.467,0.2461
296,94939.6,126,SweepArea,1.11,0.467,0.683,0.2157
296,94939.9,126,SweepArea,0.86,0.683,0.754,0.0717
296,94940.2,126,SweepArea,0.75,0.754,0.773,0.0189
296,94940.6,126,SweepArea,0.65,0.773,0.755,-0.0180
296,94940.9,126,SweepArea,-0.05,0.755,0.531,-0.2238
296,94941.2,126,SweepArea,-0.30,0.531,0.299,-0.2329
296,94941.5,126,SweepArea,-0.56,0.299,0.059,-0.2392
296,94941.8,126,SweepArea,-0.81,0.059,-0.184,-0.2436
296,94942.1,126,SweepArea,-1.06,-0.184,-0.431,-0.2467
296,94942.4,126,SweepArea,-1.32,-0.431,-0.680,-0.2489
296,94942.8,126,SweepArea,-1.57,-0.680,-0.931,-0.2507
296,94943.1,126,SweepArea,-1.82,-0.931,-1.182,-0.2517
296,94943.4,126,SweepArea,-2.08,-1.182,-1.435,-0.2523
296,94943.7,126,SweepArea,-2.33,-1.435,-1.688,-0.2529
296,94944.0,126,SweepArea,-2.58,-1.688,-1.941,-0.2531
296,94944.3,126,SweepArea,-2.84,-1.941,-2.194,-0.2533
296,94944.6,126,SweepArea,-3.09,-2.194,-2.448,-0.2535
296,94944.9,126,SweepArea,-3.34,-2.448,-2.701,-0.2536
296,94945.2,126,SweepArea,-3.60,-2.701,-2.955,-0.2537
296,94945.5,126,SweepArea,-3.85,-2.955,-3.209,-0.2537
296,94945.9,126,SweepArea,-4.10,-3.209,-3.463,-0.2540
296,94946.2,126,SweepArea,-4.16,-3.463,-3.656,-0.1940
296,94946.5,126,SweepArea,-4.41,-3.656,-3.868,-0.2119
296,94946.8,126,SweepArea,-4.66,-3.868,-4.093,-0.2245
296,94947.1,126,SweepArea,-4.91,-4.093,-4.326,-0.2332
296,94947.4,126,SweepArea,-5.17,-4.326,-4.565,-0.2394
296,94947.7,126,SweepArea,-5.42,-4.565,-4.809,-0.2437
296,94948.1,126,SweepArea,-5.67,-4.809,-5.056,-0.2467
296,94948.4,126,SweepArea,-5.93,-5.056,-5.305,-0.2488
296,94948.7,126,SweepArea,10.00,-5.305,-0.713,4.5914
297,94948.7,126,SweepArea,-0.28,-0.713,-0.546,0.1672
297,94949.1,120,Patrol,1.20,0.241,0.552,0.3109
297,94949.5,120,Patrol,1.20,0.552,0.769,0.2172
297,94949.8,120,Patrol,1.19,0.769,0.917,0.1484
297,94950.1,120,Patrol,-0.46,0.917,0.523,-0.3944
297,94951.7,90,SweepArea,-0.17,-0.063,-0.074,-0.0104
297,94953.3,90,SweepArea,-0.17,-0.074,-0.081,-0.0077
297,94954.8,90,SweepArea,-0.16,-0.081,-0.079,0.0024
297,94994.0,144,Patrol,0.01,-0.186,-0.124,0.0619
297,95039.1,144,Patrol,-0.67,-0.124,-0.286,-0.1620
297,95049.9,126,HideSpotCheck,0.14,-0.474,-0.272,0.2018
297,95065.0,126,HideSpotCheck,-0.63,-0.272,-0.367,-0.0948
297,95080.1,126,HideSpotCheck,-0.65,-0.367,-0.438,-0.0716
297,95088.5,126,HideSpotCheck,0.30,-0.438,-0.198,0.2399
297,95088.8,126,HideSpotCheck,0.80,-0.198,0.127,0.3249
297,95089.1,126,HideSpotCheck,0.70,0.127,0.326,0.1989
297,95091.9,126,HideSpotCheck,-0.03,0.326,0.241,-0.0850
297,95092.2,126,HideSpotCheck,-0.29,0.241,0.105,-0.1358
297,95092.5,126,HideSpotCheck,-0.54,0.105,-0.069,-0.1743
297,95092.8,126,HideSpotCheck,-0.79,-0.069,-0.268,-0.1982
297,95093.1,126,HideSpotCheck,-1.05,-0.268,-0.483,-0.2150
297,95093.4,126,HideSpotCheck,-1.30,-0.483,-0.709,-0.2266
297,95093.7,126,HideSpotCheck,-1.55,-0.709,-0.944,-0.2349
297,95094.1,126,HideSpotCheck,-1.81,-0.944,-1.185,-0.2410
297,95094.5,126,HideSpotCheck,-2.06,-1.185,-1.430,-0.2450
297,95094.8,126,HideSpotCheck,-2.31,-1.430,-1.678,-0.2476
297,95095.0,126,HideSpotCheck,-2.57,-1.678,-1.927,-0.2494
297,95095.3,126,HideSpotCheck,-2.82,-1.927,-2.178,-0.2508
297,95095.6,126,HideSpotCheck,-3.07,-2.178,-2.430,-0.2516
297,95095.9,126,HideSpotCheck,-3.32,-2.430,-2.682,-0.2523
297,95096.2,126,HideSpotCheck,-3.58,-2.682,-2.935,-0.2527
297,95096.5,126,HideSpotCheck,-3.83,-2.935,-3.188,-0.2530
297,95096.8,126,HideSpotCheck,-4.08,-3.188,-3.441,-0.2532
297,95097.2,126,HideSpotCheck,-4.34,-3.441,-3.695,-0.2536
297,95097.5,126,HideSpotCheck,-4.59,-3.695,-3.948,-0.2537
297,95097.8,126,HideSpotCheck,-4.84,-3.948,-4.202,-0.2536
297,95098.1,126,HideSpotCheck,-5.10,-4.202,-4.456,-0.2537
297,95098.3,126,HideSpotCheck,-5.15,-4.456,-4.649,-0.1937
297,95098.6,126,HideSpotCheck,-5.40,-4.649,-4.861,-0.2117
297,95098.9,126,HideSpotCheck,-5.65,-4.861,-5.085,-0.2243
297,95099.2,126,HideSpotCheck,-5.91,-5.085,-5.318,-0.2330
297,95099.5,126,HideSpotCheck,-6.16,-5.318,-5.557,-0.2392
297,95099.8,126,HideSpotCheck,-6.41,-5.557,-5.801,-0.2436
297,95100.2,126,HideSpotCheck,-6.67,-5.801,-6.048,-0.2469
297,95100.5,126,HideSpotCheck,-6.92,-6.048,-6.297,-0.2491
297,95100.9,126,HideSpotCheck,10.00,-6.297,-1.408,4.8891
298,95100.9,126,HideSpotCheck,-0.27,-1.408,-0.985,0.4231
298,95101.2,120,Patrol,1.20,0.523,0.749,0.2264
298,95101.6,120,Patrol,1.20,0.749,0.908,0.1581
298,95101.9,120,Patrol,1.20,0.908,1.018,0.1103
298,95102.2,120,Patrol,1.09,1.018,1.061,0.0430
298,95102.5,120,Patrol,-0.57,1.061,0.593,-0.4682
298,95109.9,90,HideSpotCheck,0.18,-0.295,-0.134,0.1617
298,95138.8,144,Patrol,0.11,-0.286,-0.160,0.1259
298,95145.5,126,SweepArea,10.00,-0.546,2.621,3.1670
299,95154.2,126,SweepArea,0.00,2.621,1.847,-0.7740
299,95183.4,144,Patrol,0.13,-0.160,0.052,0.2123
299,95205.8,126,SweepArea,-0.21,1.847,1.406,-0.4408
299,95214.6,126,SweepArea,-0.09,1.406,1.228,-0.1786
299,95223.4,126,SweepArea,-0.09,1.228,1.067,-0.1603
299,95232.1,126,SweepArea,-0.19,1.067,0.895,-0.1719
299,95240.6,126,SweepArea,-0.43,0.895,0.671,-0.2247
299,95249.6,126,SweepArea,-0.39,0.671,0.480,-0.1912
299,95258.5,126,SweepArea,-0.97,0.480,0.134,-0.3452
299,95267.6,126,SweepArea,-1.49,0.134,-0.328,-0.4622
299,95277.0,126,SweepArea,-1.74,-0.328,-0.735,-0.4067
299,95306.1,126,Patrol,-0.19,-0.640,-0.498,0.1413
299,95350.7,126,Patrol,0.02,-0.498,-0.339,0.1591
299,95390.3,144,Patrol,0.15,0.052,0.085,0.0331
299,95435.4,108,Patrol,-0.90,-0.707,-0.762,-0.0552
299,95480.6,144,Patrol,-1.15,0.085,-0.283,-0.3683
299,95524.1,144,Patrol,-0.38,-0.283,-0.311,-0.0283
299,95569.2,109,Patrol,-1.95,-0.881,-1.201,-0.3196
299,95573.3,145,Patrol,-0.13,-0.629,-0.461,0.1681
299,95574.4,145,Patrol,-2.02,-0.461,-0.914,-0.4531
299,95579.6,75,InvestigateLastHeard,-0.01,0.068,0.061,-0.0061
299,95593.4,115,HeatSweep,0.01,-0.056,-0.022,0.0343
299,95608.0,129,HeatSweep,-0.02,-0.211,-0.142,0.0690
299,95621.7,115,HeatSweep,-0.29,-0.022,-0.088,-0.0659
299,95636.3,129,HeatSweep,-0.11,-0.142,-0.120,0.0221
299,95636.3,115,HeatSweep,-5.00,-0.088,-1.562,-1.4736
300,95651.3,115,HeatSweep,-0.50,-1.562,-1.229,0.3320
300,95696.5,144,Patrol,-0.80,-0.311,-0.455,-0.1441
300,95741.6,144,Patrol,-0.73,-0.455,-0.535,-0.0795
300,95769.6,126,Patrol,0.12,-0.339,-0.194,0.1449
300,95814.6,126,Patrol,-0.83,-0.194,-0.383,-0.1884
300,95853.7,144,Patrol,-0.04,-0.535,-0.384,0.1513
300,95898.7,108,Patrol,-1.25,-0.762,-0.905,-0.1436
300,95944.0,144,Patrol,-1.95,-0.384,-0.853,-0.4692
300,95944.3,145,HideSpotCheck,-0.50,-0.632,-0.578,0.0548
300,95944.6,145,HideSpotCheck,-0.50,-0.578,-0.539,0.0384
300,95944.8,145,HideSpotCheck,-0.50,-0.539,-0.512,0.0269
300,95945.1,145,HideSpotCheck,-0.60,-0.512,-0.523,-0.0112
300,95945.5,145,HideSpotCheck,-0.70,-0.523,-0.561,-0.0379
300,95945.8,145,HideSpotCheck,-0.80,-0.561,-0.618,-0.0565
300,95946.1,145,HideSpotCheck,-1.35,-0.618,-0.822,-0.2045
300,95964.8,145,SweepArea,-0.34,-1.146,-0.895,0.2508
300,95993.9,127,Patrol,-0.19,-0.666,-0.518,0.1475
300,96019.0,127,Patrol,0.11,-0.518,-0.326,0.1928
300,96022.9,145,HideSpotCheck,0.38,-0.822,-0.448,0.3747
300,96024.8,145,HideSpotCheck,0.23,-0.448,-0.230,0.2174
300,96026.9,145,HideSpotCheck,0.23,-0.230,-0.078,0.1516
300,96028.9,145,HideSpotCheck,0.13,-0.078,-0.002,0.0765
300,96069.9,145,Patrol,-0.31,-0.914,-0.731,0.1838
301,96115.1,127,Patrol,-0.80,-0.326,-0.465,-0.1398
301,96118.9,144,HideSpotCheck,0.39,-0.617,-0.291,0.3255
301,96120.9,144,HideSpotCheck,0.23,-0.291,-0.108,0.1832
301,96123.0,144,HideSpotCheck,0.23,-0.108,0.020,0.1278
301,96124.8,144,HideSpotCheck,0.13,0.020,0.080,0.0606
301,96126.8,144,HideSpotCheck,0.03,0.080,0.092,0.0116
301,96128.6,144,HideSpotCheck,-0.07,0.092,0.071,-0.0212
301,96130.5,144,HideSpotCheck,-0.77,0.071,-0.154,-0.2248
301,96132.5,144,HideSpotCheck,-1.02,-0.154,-0.387,-0.2330
301,96134.4,144,HideSpotCheck,-1.27,-0.387,-0.625,-0.2376
301,96136.4,144,HideSpotCheck,-1.52,-0.625,-0.867,-0.2419
302,96177.4,144,Patrol,-0.01,-0.853,-0.596,0.2564
302,96222.4,144,Patrol,-0.80,-0.596,-0.655,-0.0583
302,96267.5,144,Patrol,-0.80,-0.655,-0.695,-0.0403
302,96298.5,108,Patrol,-0.11,-0.905,-0.661,0.2446
302,96344.0,126,Patrol,-1.11,-0.383,-0.597,-0.2138
302,96383.0,144,Patrol,-1.05,-0.695,-0.797,-0.1016
302,96396.4,108,SweepArea,-0.28,-1.132,-0.864,0.2688
302,96437.0,108,Patrol,-0.10,-0.661,-0.490,0.1704
302,96452.7,114,SweepArea,-0.31,0.043,-0.050,-0.0928
302,96469.1,114,SweepArea,-0.16,-0.050,-0.072,-0.0214
302,96485.2,114,SweepArea,-0.31,-0.072,-0.132,-0.0603
302,96502.0,114,SweepArea,-0.42,-0.132,-0.206,-0.0738
302,96547.0,108,Patrol,-0.80,-0.490,-0.581,-0.0901
302,96586.0,144,Patrol,0.03,-0.797,-0.545,0.2519
303,96631.1,127,Patrol,-0.80,-0.465,-0.563,-0.0980
303,96675.2,126,Patrol,0.10,-0.597,-0.385,0.2115
303,96720.5,108,Patrol,-0.90,-0.581,-0.671,-0.0908
303,96725.4,60,InvestigateLastHeard,-0.01,0.197,0.157,-0.0405
303,96769.0,126,Patrol,-0.04,-0.385,-0.277,0.1078
303,96808.0,144,Patrol,-0.10,-0.545,-0.408,0.1362
304,96850.4,144,Patrol,-0.02,-0.408,-0.289,0.1189
304,96865.8,144,Patrol,1.00,-0.289,0.108,0.3972
305,96866.1,144,Patrol,-0.51,0.108,-0.067,-0.1751
305,96881.3,128,HeatSweep,-0.50,-0.521,-0.502,0.0196
305,96904.1,144,Patrol,0.92,-0.067,0.237,0.3046
305,96905.4,144,Patrol,-0.72,0.237,-0.042,-0.2795
305,96910.5,80,InvestigateLastHeard,-0.02,0.034,0.035,0.0014
305,96914.5,128,HeatSweep,10.00,-0.502,2.651,3.1532
306,96925.5,128,HeatSweep,-0.50,2.651,1.720,-0.9317
307,96960.4,144,Patrol,0.05,-0.042,-0.011,0.0316
307,96965.4,90,SweepArea,-0.20,-0.079,-0.092,-0.0133
307,96981.9,144,SweepArea,-0.01,-0.998,-0.691,0.3077
308,97027.0,144,Patrol,-0.80,-0.011,-0.245,-0.2340
308,97072.1,144,Patrol,-0.74,-0.245,-0.391,-0.1462
308,97117.2,144,Patrol,-0.88,-0.391,-0.536,-0.1452
308,97145.4,126,Patrol,-0.08,-0.277,-0.212,0.0657
308,97190.0,126,Patrol,-0.28,-0.212,-0.229,-0.0172
308,97204.3,144,SweepArea,-0.29,-0.691,-0.557,0.1337
308,97234.0,126,Patrol,-0.20,-0.229,-0.213,0.0161
308,97278.6,126,Patrol,0.62,-0.213,0.040,0.2529
308,97278.9,126,Patrol,-0.84,0.040,-0.222,-0.2621
308,97282.6,72,HideSpotCheck,0.21,0.034,0.107,0.0730
308,97284.6,72,HideSpotCheck,0.23,0.107,0.171,0.0633
308,97326.0,126,Patrol,-0.01,-0.222,-0.156,0.0660
308,97371.1,144,Patrol,-0.88,-0.536,-0.637,-0.1004
308,97372.5,114,SweepArea,0.00,-0.206,-0.118,0.0874
308,97373.9,114,SweepArea,-0.01,-0.118,-0.059,0.0591
308,97419.0,108,Patrol,-0.95,-0.671,-0.752,-0.0811
308,97461.3,108,Patrol,-0.32,-0.752,-0.620,0.1322
308,97474.4,144,SweepArea,-0.12,-0.557,-0.410,0.1465
308,97519.6,144,Patrol,-0.80,-0.637,-0.683,-0.0466
308,97564.6,144,Patrol,-0.87,-0.683,-0.738,-0.0549
308,97575.8,145,HideSpotCheck,0.33,-0.002,0.106,0.1076
308,97591.1,145,HideSpotCheck,-0.65,0.106,-0.107,-0.2129
308,97606.2,145,HideSpotCheck,-0.65,-0.107,-0.262,-0.1552
308,97621.2,145,HideSpotCheck,-0.75,-0.262,-0.402,-0.1392
308,97636.2,145,HideSpotCheck,-0.85,-0.402,-0.528,-0.1263
308,97646.6,145,HideSpotCheck,-0.15,-0.528,-0.407,0.1213
308,97662.3,145,SweepArea,-0.11,-0.895,-0.651,0.2435
308,97677.3,145,HideSpotCheck,-0.65,-0.407,-0.473,-0.0661
308,97692.1,145,HideSpotCheck,0.26,-0.473,-0.246,0.2263
308,97707.3,145,HideSpotCheck,-0.65,-0.246,-0.361,-0.1145
308,97722.3,145,HideSpotCheck,0.15,-0.361,-0.199,0.1616
308,97737.4,145,HideSpotCheck,-0.85,-0.199,-0.388,-0.1885
308,97748.5,145,HideSpotCheck,-5.00,-0.388,-1.771,-1.3836
309,97752.6,145,HideSpotCheck,-0.50,-1.771,-1.377,0.3945
309,97797.8,126,Patrol,-0.56,-0.156,-0.273,-0.1172
309,97802.5,144,SweepArea,-0.20,-0.410,-0.323,0.0870
309,97818.9,144,SweepArea,-0.01,-0.323,-0.218,0.1056
309,97827.6,144,SweepArea,-0.24,-0.218,-0.205,0.0132
309,97837.7,144,SweepArea,-0.14,-0.205,-0.167,0.0371
309,97853.9,144,SweepArea,-0.25,-0.167,-0.180,-0.0124
309,97862.9,144,SweepArea,-0.39,-0.180,-0.223,-0.0436
309,97871.8,144,SweepArea,-1.24,-0.223,-0.509,-0.2858
309,97880.2,144,SweepArea,-1.33,-0.509,-0.737,-0.2274
309,97889.7,144,SweepArea,-1.75,-0.737,-1.021,-0.2844
309,97919.0,144,Patrol,-0.19,-0.738,-0.568,0.1701
309,97964.0,126,Patrol,-0.81,-0.273,-0.431,-0.1582
309,98003.3,108,Patrol,0.01,-0.620,-0.428,0.1924
309,98048.4,144,Patrol,-1.05,-0.568,-0.662,-0.0942
309,98061.5,128,HeatSweep,0.12,1.720,1.253,-0.4662
309,98104.4,144,Patrol,-0.05,-0.662,-0.474,0.1877
309,98118.4,114,SweepArea,-0.29,-0.059,-0.115,-0.0561
309,98135.3,114,SweepArea,-0.32,-0.115,-0.165,-0.0496
309,98151.6,114,SweepArea,-0.31,-0.165,-0.198,-0.0330
309,98168.4,114,SweepArea,-0.27,-0.198,-0.206,-0.0084
309,98213.5,108,Patrol,-0.80,-0.428,-0.538,-0.1099
309,98258.6,127,Patrol,-0.90,-0.563,-0.663,-0.0995
309,98269.6,109,HideSpotCheck,0.14,-0.979,-0.640,0.3391
309,98280.4,109,HideSpotCheck,0.30,-0.640,-0.356,0.2840
309,98291.3,109,HideSpotCheck,0.14,-0.356,-0.204,0.1522
309,98306.5,109,HideSpotCheck,-0.73,-0.204,-0.358,-0.1541
309,98321.6,109,HideSpotCheck,-0.85,-0.358,-0.503,-0.1451
309,98336.6,109,HideSpotCheck,-0.92,-0.503,-0.627,-0.1239
309,98351.7,109,HideSpotCheck,-1.65,-0.627,-0.932,-0.3048
309,98357.0,109,AmbushHotChoke,0.00,-1.083,-0.753,0.3297
309,98360.8,109,AmbushHotChoke,-0.19,-0.753,-0.579,0.1743
309,98364.1,109,AmbushHotChoke,-0.18,-0.579,-0.455,0.1236
309,98367.9,109,AmbushHotChoke,-0.29,-0.455,-0.401,0.0548
309,98371.6,109,AmbushHotChoke,-0.39,-0.401,-0.392,0.0089
309,98375.6,109,AmbushHotChoke,-0.49,-0.392,-0.417,-0.0252
309,98378.7,109,AmbushHotChoke,-1.18,-0.417,-0.641,-0.2242
309,98382.3,109,AmbushHotChoke,-1.44,-0.641,-0.875,-0.2340
309,98385.3,109,AmbushHotChoke,-1.68,-0.875,-1.112,-0.2365
309,98398.6,109,HideSpotCheck,0.12,-0.932,-0.614,0.3176
309,98413.7,109,HideSpotCheck,-0.63,-0.614,-0.615,-0.0007
309,98424.7,109,HideSpotCheck,0.14,-0.615,-0.385,0.2297
309,98435.5,109,HideSpotCheck,0.04,-0.385,-0.254,0.1315
309,98450.6,109,HideSpotCheck,-0.82,-0.254,-0.422,-0.1685
309,98465.6,109,HideSpotCheck,-0.95,-0.422,-0.578,-0.1558
309,98480.6,109,HideSpotCheck,-1.62,-0.578,-0.888,-0.3105
309,98495.6,109,HideSpotCheck,-1.15,-0.888,-0.956,-0.0680
310,98540.7,127,Patrol,-0.80,-0.663,-0.701,-0.0386
310,98544.3,144,SweepArea,-0.01,-1.021,-0.694,0.3268
310,98589.4,144,Patrol,-0.64,-0.474,-0.521,-0.0464
310,98634.7,144,Patrol,-0.80,-0.521,-0.602,-0.0815
310,98662.8,144,Patrol,0.16,-0.602,-0.366,0.2362
310,98706.4,126,Patrol,0.00,-0.431,-0.299,0.1323
310,98751.7,108,Patrol,-1.15,-0.538,-0.719,-0.1814
310,98796.8,144,Patrol,-1.25,-0.366,-0.630,-0.2641
310,98806.6,145,SweepArea,0.05,-0.651,-0.431,0.2202
310,98823.1,145,SweepArea,-0.02,-0.431,-0.297,0.1341
311,98866.1,127,Patrol,-0.03,-0.701,-0.497,0.2046
311,98889.3,126,SweepArea,-0.02,-0.735,-0.513,0.2216
311,98918.3,108,Patrol,-0.19,-0.719,-0.554,0.1654
311,98963.0,126,Patrol,0.02,-0.299,-0.200,0.0994
311,99003.0,144,Patrol,0.14,-0.630,-0.395,0.2356
311,99016.5,114,SweepArea,-0.28,-0.206,-0.216,-0.0095
311,99061.7,108,Patrol,-0.80,-0.554,-0.626,-0.0724
311,99106.7,127,Patrol,-0.90,-0.497,-0.616,-0.1195
311,99118.3,109,HideSpotCheck,0.13,-0.956,-0.626,0.3305
311,99133.1,109,HideSpotCheck,-5.00,-0.626,-1.938,-1.3122
312,99133.4,109,HideSpotCheck,-0.50,-1.938,-1.505,0.4335
312,99148.5,109,AmbushHotChoke,-0.50,-1.112,-0.915,0.1970
312,99188.1,126,Patrol,0.13,-0.200,-0.098,0.1018
312,99233.0,144,Patrol,-0.05,-0.395,-0.227,0.1678
312,99246.2,116,SweepArea,-0.28,-1.401,-1.038,0.3625
312,99262.8,134,SweepArea,-0.32,0.176,0.051,-0.1250
312,99279.3,134,SweepArea,-0.32,0.051,-0.050,-0.1012
312,99296.0,134,SweepArea,-0.27,-0.050,-0.106,-0.0562
312,99311.1,134,HideSpotCheck,-0.63,-0.066,-0.226,-0.1593
312,99315.0,134,HeatSweep,10.00,-0.074,2.949,3.0221
313,99326.1,134,HeatSweep,-0.50,2.949,1.928,-1.0209
313,99371.2,144,Patrol,-0.80,-0.227,-0.396,-0.1695
313,99416.3,144,Patrol,-0.91,-0.396,-0.547,-0.1509
313,99440.5,144,Patrol,0.96,-0.547,-0.087,0.4598
313,99441.6,144,Patrol,-0.65,-0.087,-0.224,-0.1369
313,99446.8,66,InvestigateLastHeard,-0.01,0.382,0.285,-0.0976
313,99461.4,114,SweepArea,0.00,-0.216,-0.136,0.0798
313,99490.7,144,Patrol,0.11,-0.224,-0.041,0.1832
313,99504.2,128,HeatSweep,0.05,1.253,1.082,-0.1718
313,99517.1,128,HeatSweep,-0.02,1.082,0.764,-0.3181
313,99531.4,114,SweepArea,-0.29,-0.136,-0.169,-0.0328
313,99560.6,144,Patrol,-0.19,-0.041,-0.035,0.0059
313,99573.8,128,HeatSweep,-0.10,0.764,0.622,-0.1414
313,99619.0,128,Patrol,-0.95,-0.579,-0.690,-0.1104
313,99634.9,145,SweepArea,-0.14,-0.297,-0.234,0.0627
313,99649.9,151,HideSpotCheck,-0.65,0.124,-0.091,-0.2150
313,99660.7,151,HideSpotCheck,0.31,-0.091,0.039,0.1297
313,99671.9,151,HideSpotCheck,0.14,0.039,0.078,0.0391
313,99686.9,151,HideSpotCheck,-0.74,0.078,-0.156,-0.2333
313,99691.3,151,AmbushHotChoke,-0.02,-0.107,-0.069,0.0378
313,99694.9,151,AmbushHotChoke,-0.19,-0.069,-0.091,-0.0217
313,99696.2,151,AmbushHotChoke,-5.00,-0.091,-1.564,-1.4728
314,99698.5,151,AmbushHotChoke,0.11,-1.564,-1.035,0.5281
314,99735.1,126,Patrol,0.22,-0.098,0.002,0.0996
314,99739.1,130,SweepArea,10.00,-0.182,2.876,3.0576
315,99739.9,130,SweepArea,1.10,2.876,2.364,-0.5123
315,99740.5,130,SweepArea,-0.55,2.364,1.505,-0.8587
315,99754.2,90,SweepArea,-0.29,-0.092,-0.136,-0.0443
315,99799.2,108,Patrol,-0.80,-0.626,-0.676,-0.0494
315,99844.5,126,Patrol,-0.77,0.002,-0.225,-0.2271
315,99889.5,126,Patrol,-0.80,-0.225,-0.395,-0.1695
315,99933.2,126,Patrol,-0.15,-0.395,-0.318,0.0764
315,99978.4,108,Patrol,-1.00,-0.676,-0.771,-0.0951
315,100023.6,144,Patrol,-1.10,-0.035,-0.352,-0.3172
315,100052.6,126,Patrol,-0.94,-0.318,-0.499,-0.1809
315,100096.0,126,Patrol,-1.41,-0.499,-0.768,-0.2691
315,100107.9,126,SweepArea,-0.27,-0.513,-0.424,0.0891
315,100111.9,126,SweepArea,-0.19,-0.424,-0.330,0.0943
315,100137.0,126,SweepArea,-0.60,-0.330,-0.403,-0.0731
315,100182.1,144,Patrol,-0.90,-0.352,-0.516,-0.1641
315,100190.5,145,SweepArea,-0.23,-0.234,-0.224,0.0103
315,100194.5,145,SweepArea,-0.19,-0.224,-0.201,0.0225
315,100198.4,145,SweepArea,-0.19,-0.201,-0.185,0.0165
315,100202.3,145,SweepArea,-0.14,-0.185,-0.158,0.0270
315,100206.5,145,SweepArea,-0.39,-0.158,-0.215,-0.0576
315,100210.0,145,SweepArea,-0.34,-0.215,-0.239,-0.0231
315,100213.9,145,SweepArea,-1.19,-0.239,-0.511,-0.2724
315,100217.3,145,SweepArea,-1.28,-0.511,-0.730,-0.2187
315,100232.5,145,AmbushHotChoke,-0.54,-1.238,-1.026,0.2128
315,100236.0,109,AmbushHotChoke,-0.03,-0.915,-0.646,0.2689
315,100240.2,109,AmbushHotChoke,-0.19,-0.646,-0.505,0.1407
315,100242.9,109,AmbushHotChoke,-0.28,-0.505,-0.432,0.0733
315,100247.0,109,AmbushHotChoke,-0.39,-0.432,-0.415,0.0168
315,100250.7,109,AmbushHotChoke,-0.49,-0.415,-0.432,-0.0170
315,100253.7,109,AmbushHotChoke,-1.18,-0.432,-0.651,-0.2196
315,100257.5,109,AmbushHotChoke,-1.44,-0.651,-0.883,-0.2312
315,100269.3,109,SweepArea,-0.27,-1.443,-1.079,0.3645
315,100314.5,127,Patrol,-0.85,-0.616,-0.685,-0.0683
315,100318.5,57,AmbushHotChoke,-0.19,0.098,0.036,-0.0625
316,100363.6,57,Patrol,-0.80,0.042,-0.208,-0.2498
317,100408.6,144,Patrol,-0.80,-0.516,-0.599,-0.0823
317,100453.6,144,Patrol,-0.95,-0.599,-0.701,-0.1025
317,100462.0,144,SweepArea,0.12,-0.694,-0.430,0.2642
317,100478.6,144,SweepArea,0.04,-0.430,-0.277,0.1528
317,100507.3,108,Patrol,0.11,-0.771,-0.499,0.2719
317,100532.5,126,SweepArea,-0.67,-0.403,-0.434,-0.0314
317,100577.6,120,Patrol,-0.80,0.593,0.177,-0.4151
317,100597.7,144,SweepArea,-0.18,-0.277,-0.236,0.0410
317,100606.9,144,SweepArea,-0.24,-0.236,-0.219,0.0170
317,100615.4,144,SweepArea,-0.09,-0.219,-0.160,0.0593
317,100624.0,144,SweepArea,-0.19,-0.160,-0.148,0.0115
317,100628.7,144,HideSpotCheck,0.43,-0.867,-0.461,0.4056
317,100642.9,96,HeatSweep,0.01,0.076,0.069,-0.0070
317,100658.0,148,AmbushHotChoke,-0.50,0.002,-0.136,-0.1381
317,100671.9,146,SweepArea,-0.29,-0.098,-0.141,-0.0431
317,100686.9,146,HeatSweep,-0.01,-0.138,0.109,0.2464
317,100711.4,130,SweepArea,-0.40,1.505,0.944,-0.5609
317,100726.5,146,HeatSweep,-0.51,0.109,0.053,-0.0554
317,100745.5,130,SweepArea,-0.34,0.944,0.624,-0.3201
317,100756.6,152,HeatSweep,-0.08,0.576,0.485,-0.0908
317,100776.2,130,SweepArea,-0.35,0.624,0.386,-0.2377
317,100787.5,152,HeatSweep,-0.08,0.485,0.381,-0.1043
317,100805.8,130,SweepArea,-0.33,0.386,0.215,-0.1712
317,100817.0,152,HeatSweep,-0.08,0.381,0.279,-0.1016
317,100830.1,130,HeatSweep,-0.28,-0.245,-0.213,0.0316
317,100843.3,152,HeatSweep,-0.07,0.279,0.206,-0.0732
317,100860.6,130,SweepArea,0.98,0.215,0.455,0.2404
317,100861.2,130,SweepArea,10.00,0.455,3.319,2.8634
318,100861.2,130,SweepArea,-0.53,3.319,2.176,-1.1431
318,100876.4,146,HeatSweep,-0.50,0.053,-0.100,-0.1531
318,100878.0,144,SweepArea,-0.17,-0.148,-0.126,0.0222
318,100879.4,144,SweepArea,-0.16,-0.126,-0.110,0.0165
318,100880.8,144,SweepArea,-0.16,-0.110,-0.099,0.0110
318,100882.2,144,SweepArea,-0.26,-0.099,-0.121,-0.0217
318,100883.7,126,SweepArea,-0.37,-0.434,-0.386,0.0480
318,100885.1,126,SweepArea,-0.46,-0.386,-0.382,0.0043
318,100886.6,126,SweepArea,-1.17,-0.382,-0.590,-0.2078
318,100888.0,126,SweepArea,-1.41,-0.590,-0.809,-0.2196
318,100926.9,126,Patrol,0.13,-0.768,-0.494,0.2746
318,100947.6,144,SweepArea,-0.04,-0.121,-0.087,0.0337
318,100954.4,144,SweepArea,-0.22,-0.087,-0.105,-0.0186
318,100961.0,144,SweepArea,-0.06,-0.105,-0.072,0.0335
318,100967.7,144,SweepArea,-0.32,-0.072,-0.124,-0.0525
318,100974.6,144,SweepArea,-0.42,-0.124,-0.192,-0.0678
318,100981.8,144,SweepArea,-0.37,-0.192,-0.225,-0.0331
318,100988.1,144,SweepArea,-1.06,-0.225,-0.454,-0.2289
318,100994.4,144,SweepArea,-1.46,-0.454,-0.736,-0.2814
318,101001.4,144,SweepArea,-1.72,-0.736,-1.010,-0.2742
318,101003.3,144,HideSpotCheck,0.23,-0.461,-0.227,0.2343
318,101005.3,144,HideSpotCheck,0.23,-0.227,-0.063,0.1636
318,101007.2,144,HideSpotCheck,0.23,-0.063,0.052,0.1151
318,101009.0,144,HideSpotCheck,0.13,0.052,0.103,0.0508
318,101011.1,144,HideSpotCheck,0.03,0.103,0.109,0.0058
318,101013.1,144,HideSpotCheck,-0.07,0.109,0.084,-0.0243
318,101015.1,144,HideSpotCheck,-0.77,0.084,-0.145,-0.2296
318,101017.1,144,HideSpotCheck,-1.02,-0.145,-0.381,-0.2358
318,101018.9,144,HideSpotCheck,-1.27,-0.381,-0.620,-0.2393
318,101021.1,144,HideSpotCheck,-1.52,-0.620,-0.864,-0.2437
318,101066.2,144,Patrol,-0.95,-0.701,-0.773,-0.0720
318,101111.3,144,Patrol,-0.77,-0.773,-0.768,0.0052
318,101155.5,144,Patrol,0.18,-0.768,-0.481,0.2871
318,101186.9,108,Patrol,-0.01,-0.499,-0.348,0.1513
318,101190.8,126,Patrol,0.76,-0.494,-0.096,0.3978
318,101191.4,126,Patrol,-0.80,-0.096,-0.269,-0.1725
318,101196.6,60,InvestigateLastHeard,-0.01,0.157,0.126,-0.0307
318,101214.2,114,SweepArea,-0.33,-0.169,-0.204,-0.0350
318,101242.8,144,Patrol,-0.02,-0.481,-0.337,0.1441
318,101287.6,126,Patrol,-0.05,-0.269,-0.199,0.0694
318,101326.6,144,Patrol,0.01,-0.337,-0.229,0.1078
318,101371.8,126,Patrol,-0.86,-0.199,-0.395,-0.1960
318,101400.2,144,Patrol,-0.38,-0.229,-0.269,-0.0398
318,101443.7,126,Patrol,-0.64,-0.395,-0.465,-0.0697
318,101488.9,127,Patrol,-1.80,-0.685,-1.018,-0.3337
318,101498.1,145,SweepArea,0.06,-0.730,-0.484,0.2461
318,101502.2,145,SweepArea,-0.04,-0.484,-0.338,0.1452
318,101506.4,145,SweepArea,-0.19,-0.338,-0.282,0.0563
318,101510.1,145,SweepArea,-0.14,-0.282,-0.226,0.0565
318,101513.9,145,SweepArea,-0.39,-0.226,-0.261,-0.0359
318,101530.3,145,SweepArea,-5.00,-0.261,-1.683,-1.4216
319,101539.1,145,SweepArea,-0.60,-1.683,-1.351,0.3325
319,101584.2,144,Patrol,-0.80,-0.269,-0.425,-0.1568
319,101629.4,144,Patrol,-0.69,-0.425,-0.502,-0.0764
319,101657.0,144,Patrol,0.12,-0.502,-0.307,0.1948
319,101702.0,126,Patrol,-0.83,-0.465,-0.572,-0.1074
319,101741.2,144,Patrol,-0.05,-0.307,-0.225,0.0817
319,101786.4,108,Patrol,-1.10,-0.348,-0.571,-0.2233
319,101814.4,144,Patrol,-0.84,-0.225,-0.402,-0.1768
319,101855.0,126,Patrol,-1.27,-0.572,-0.779,-0.2066
319,101871.5,114,SweepArea,10.00,-0.204,2.857,3.0611
320,101880.3,114,SweepArea,-0.60,2.857,1.828,-1.0297
320,101919.7,144,Patrol,0.01,-0.402,-0.276,0.1260
320,101964.8,108,Patrol,-0.80,-0.571,-0.637,-0.0663
320,102010.0,144,Patrol,-0.95,-0.276,-0.476,-0.1999
320,102052.8,144,Patrol,-0.11,-0.476,-0.363,0.1125
320,102078.3,108,Patrol,0.70,-0.637,-0.230,0.4067
321,102078.7,108,Patrol,-0.61,-0.230,-0.294,-0.0639
321,102093.8,128,HeatSweep,-0.50,0.622,0.299,-0.3233
321,102139.0,144,Patrol,-0.95,-0.363,-0.537,-0.1738
321,102180.2,144,Patrol,-0.01,-0.537,-0.376,0.1609
321,102194.1,146,HeatSweep,0.10,-0.100,0.005,0.1045
321,102203.3,128,HeatSweep,0.06,0.299,0.494,0.1947
321,102212.2,150,HeatSweep,-0.05,1.421,1.075,-0.3462
321,102221.9,128,HeatSweep,-0.35,0.494,0.437,-0.0564
321,102230.8,150,HeatSweep,-0.24,1.075,0.762,-0.3128
321,102235.0,128,HeatSweep,10.00,0.437,3.306,2.8688
322,102245.9,128,HeatSweep,-0.50,3.306,2.177,-1.1286
322,102291.1,144,Patrol,-0.80,-0.376,-0.501,-0.1247
322,102336.2,144,Patrol,-0.82,-0.501,-0.595,-0.0937
322,102346.4,144,Patrol,1.08,-0.595,-0.076,0.5190
322,102347.0,144,Patrol,-0.67,-0.076,-0.242,-0.1662
322,102352.1,90,HideSpotCheck,0.20,-0.134,-0.011,0.1223
322,102393.2,144,Patrol,-0.31,-0.242,-0.183,0.0590
322,102405.8,128,HeatSweep,0.02,2.177,1.547,-0.6307
322,102435.8,144,Patrol,0.07,-0.183,-0.008,0.1749
322,102448.7,128,HeatSweep,0.02,1.547,1.105,-0.4423
322,102483.6,144,Patrol,-0.08,-0.008,0.024,0.0323
322,102496.0,128,HeatSweep,-0.27,1.105,0.707,-0.3976
322,102527.6,144,Patrol,0.05,0.024,0.075,0.0504
322,102539.9,128,HeatSweep,-0.27,0.707,0.429,-0.2781
322,102569.5,144,Patrol,0.07,0.075,0.102,0.0273
322,102581.9,128,HeatSweep,-0.27,0.429,0.234,-0.1945
322,102608.6,144,Patrol,0.33,0.102,0.331,0.2287
322,102623.8,116,HeatSweep,-0.65,2.114,1.330,-0.7841
322,102658.2,144,Patrol,0.03,0.331,0.309,-0.0217
322,102673.4,116,HeatSweep,-0.65,1.330,0.778,-0.5516
322,102710.7,144,Patrol,0.03,0.309,0.238,-0.0710
322,102749.8,144,Patrol,0.01,0.238,0.170,-0.0682
323,102795.0,147,Patrol,-0.80,-0.328,-0.468,-0.1391
323,102840.0,126,Patrol,-0.66,-0.779,-0.742,0.0372
323,102881.4,126,Patrol,-0.02,-0.742,-0.461,0.2809
323,102886.7,114,SweepArea,-0.20,1.828,1.638,-0.1898
323,102893.5,114,SweepArea,-0.07,1.638,1.473,-0.1649
323,102900.4,114,SweepArea,-0.22,1.473,1.274,-0.1986
323,102907.5,114,SweepArea,-0.17,1.274,0.861,-0.4133
324,102925.3,108,Patrol,0.97,-0.294,0.096,0.3903
325,102926.2,108,Patrol,-0.54,0.096,-0.067,-0.1626
325,102941.4,128,HeatSweep,-0.50,0.234,0.037,-0.1976
325,102986.5,144,Patrol,-0.80,0.170,-0.117,-0.2864
325,103026.6,144,Patrol,0.00,-0.117,-0.079,0.0373
325,103027.3,108,Patrol,1.00,-0.067,0.278,0.3449
325,103032.3,108,Patrol,-0.66,0.278,0.005,-0.2728
325,103047.7,82,SweepArea,-0.30,0.003,-0.073,-0.0754
325,103092.9,140,Patrol,-0.79,-0.179,-0.359,-0.1796
325,103096.3,146,HeatSweep,-0.03,0.005,0.017,0.0125
325,103099.8,146,HeatSweep,-0.19,0.017,-0.019,-0.0368
325,103103.3,146,HeatSweep,-0.18,-0.019,-0.045,-0.0254
325,103106.6,146,HeatSweep,-0.28,-0.045,-0.092,-0.0472
325,103110.0,146,HeatSweep,-0.38,-0.092,-0.156,-0.0637
325,103127.4,146,SweepArea,0.02,-0.141,-0.081,0.0598
326,103172.5,144,Patrol,-0.80,-0.079,-0.293,-0.2137
326,103217.9,144,Patrol,-0.95,-0.293,-0.488,-0.1956
326,103254.3,144,Patrol,0.76,-0.488,-0.110,0.3782
326,103259.5,144,Patrol,-1.11,-0.110,-0.404,-0.2934
326,103264.7,86,InvestigateLastHeard,10.00,0.200,3.140,2.9401
327,103265.4,86,InvestigateLastHeard,0.09,3.140,2.242,-0.8983
327,103267.9,76,InvestigateLastHeard,0.13,0.074,0.109,0.0345
327,103268.2,90,HideSpotCheck,-0.50,-0.011,-0.136,-0.1251
327,103268.5,90,HideSpotCheck,-0.50,-0.136,-0.224,-0.0875
327,103269.8,90,SweepArea,-0.16,-0.136,-0.124,0.0124
327,103271.3,90,SweepArea,-0.16,-0.124,-0.109,0.0152
327,103316.3,144,Patrol,-0.95,-0.404,-0.565,-0.1610
327,103357.8,144,Patrol,0.10,-0.565,-0.363,0.2020
327,103402.9,108,Patrol,-0.95,0.005,-0.279,-0.2841
327,103448.1,144,Patrol,-1.05,-0.363,-0.566,-0.2036
327,103491.7,144,Patrol,-0.28,-0.566,-0.479,0.0874
327,103536.8,108,Patrol,-1.25,-0.279,-0.568,-0.2888
327,103581.9,144,Patrol,-1.95,-0.479,-0.919,-0.4399
327,103625.5,145,Patrol,-1.33,-0.731,-0.910,-0.1798
327,103628.9,109,AmbushHotChoke,-0.18,-0.883,-0.668,0.2146
327,103631.8,109,AmbushHotChoke,-0.18,-0.668,-0.517,0.1514
327,103634.8,109,AmbushHotChoke,-0.18,-0.517,-0.411,0.1058
327,103638.5,109,AmbushHotChoke,-0.29,-0.411,-0.369,0.0418
327,103641.8,109,AmbushHotChoke,-0.38,-0.369,-0.368,0.0008
327,103644.6,109,AmbushHotChoke,-0.48,-0.368,-0.396,-0.0280
327,103648.4,109,AmbushHotChoke,-1.19,-0.396,-0.629,-0.2331
327,103651.0,109,AmbushHotChoke,-1.43,-0.629,-0.863,-0.2339
327,103653.8,109,AmbushHotChoke,-1.68,-0.863,-1.103,-0.2395
327,103669.5,109,SweepArea,-0.01,-1.079,-0.750,0.3283
328,103714.6,145,Patrol,-0.80,-0.910,-0.875,0.0356
328,103758.6,126,Patrol,0.10,-0.461,-0.290,0.1704
328,103760.0,108,Patrol,0.89,-0.568,-0.108,0.4599
328,103765.5,108,Patrol,-0.77,-0.108,-0.299,-0.1913
328,103772.1,82,AmbushHotChoke,-0.22,0.001,-0.038,-0.0387
328,103784.7,140,HideSpotCheck,0.12,0.123,0.143,0.0197
328,103799.9,140,HideSpotCheck,-0.53,0.143,-0.048,-0.1908
328,103815.0,122,HideSpotCheck,-0.65,-0.080,-0.239,-0.1598
328,103831.2,122,SweepArea,-0.31,-0.001,-0.084,-0.0822
328,103845.6,122,HeatSweep,0.01,-0.007,0.310,0.3174
328,103849.7,130,SweepArea,-0.19,2.176,1.993,-0.1823
328,103853.8,130,SweepArea,-0.19,1.993,1.822,-0.1714
328,103858.5,130,SweepArea,-0.20,1.822,1.647,-0.1749
328,103862.9,130,SweepArea,-0.29,1.647,1.458,-0.1887
328,103867.3,130,SweepArea,-0.24,1.458,1.297,-0.1616
328,103871.6,130,SweepArea,-0.49,1.297,1.073,-0.2238
328,103876.1,130,SweepArea,-1.20,1.073,0.648,-0.4251
328,103880.7,130,SweepArea,-1.45,0.648,0.173,-0.4746
328,103885.2,130,SweepArea,-1.69,0.173,-0.346,-0.5191
328,103899.6,130,HeatSweep,0.07,-0.213,-0.097,0.1161
328,103944.7,136,Patrol,-0.95,0.005,-0.276,-0.2806
328,103949.1,136,HideSpotCheck,0.37,0.210,0.309,0.0991
328,103951.1,136,HideSpotCheck,0.23,0.309,0.369,0.0602
328,103952.9,136,HideSpotCheck,0.23,0.369,0.429,0.0596
328,103954.8,136,HideSpotCheck,0.13,0.429,0.457,0.0281
328,103956.8,136,HideSpotCheck,0.03,0.457,0.453,-0.0044
328,103958.6,136,HideSpotCheck,-0.07,0.453,0.420,-0.0330
328,103960.7,136,HideSpotCheck,-0.77,0.420,0.175,-0.2443
328,103962.8,136,HideSpotCheck,-1.02,0.175,-0.136,-0.3116
328,103976.4,136,HeatSweep,0.07,0.004,0.038,0.0341
328,103990.3,136,HeatSweep,-0.29,0.038,-0.047,-0.0851
328,104000.1,136,AmbushHotChoke,0.03,-0.016,0.054,0.0708
328,104013.8,122,HeatSweep,0.01,0.310,0.236,-0.0744
328,104014.1,144,HideSpotCheck,-0.50,-0.864,-0.726,0.1384
328,104014.4,144,HideSpotCheck,-0.50,-0.726,-0.629,0.0969
328,104014.6,144,HideSpotCheck,-0.50,-0.629,-0.561,0.0678
328,104015.0,144,HideSpotCheck,-0.60,-0.561,-0.544,0.0173
328,104015.3,144,HideSpotCheck,-0.70,-0.544,-0.561,-0.0177
328,104015.6,144,HideSpotCheck,-0.80,-0.561,-0.604,-0.0424
328,104015.8,144,HideSpotCheck,-1.50,-0.604,-0.843,-0.2397
328,104016.1,144,HideSpotCheck,-1.75,-0.843,-1.086,-0.2428
328,104050.9,144,Patrol,0.03,-0.919,-0.631,0.2879
328,104054.5,123,AmbushHotChoke,-0.19,-0.190,-0.171,0.0185
328,104057.7,123,AmbushHotChoke,-0.18,-0.171,-0.157,0.0147
328,104061.5,123,AmbushHotChoke,-0.19,-0.157,-0.149,0.0083
328,104064.2,123,AmbushHotChoke,-0.28,-0.149,-0.169,-0.0203
328,104067.8,123,AmbushHotChoke,-0.39,-0.169,-0.216,-0.0474
328,104071.2,123,AmbushHotChoke,-0.48,-0.216,-0.279,-0.0629
328,104116.5,123,Patrol,-0.80,-0.218,-0.392,-0.1737
329,104161.5,145,Patrol,-0.80,-0.875,-0.849,0.0253
329,104200.8,144,Patrol,0.01,-0.631,-0.436,0.1951
329,104245.9,126,Patrol,-0.85,-0.290,-0.455,-0.1646
329,104290.9,144,Patrol,-1.15,-0.436,-0.647,-0.2115
329,104331.3,144,Patrol,-0.35,-0.647,-0.526,0.1212
329,104346.3,114,SweepArea,-0.30,0.861,0.526,-0.3355
329,104391.4,108,Patrol,-0.80,-0.299,-0.449,-0.1500
329,104395.6,147,SweepArea,-0.19,-0.418,-0.347,0.0713
329,104399.9,147,SweepArea,-0.19,-0.347,-0.297,0.0495
329,104404.8,147,SweepArea,-0.05,-0.297,-0.219,0.0781
329,104409.3,147,SweepArea,-0.14,-0.219,-0.194,0.0258
329,104416.3,147,SweepArea,-0.12,-0.194,-0.161,0.0330
329,104461.2,145,Patrol,-0.05,-0.849,-0.607,0.2428
329,104474.4,129,HeatSweep,0.14,-0.120,-0.033,0.0862
330,104519.6,145,Patrol,-0.80,-0.607,-0.662,-0.0557
330,104558.8,144,Patrol,0.03,-0.526,-0.355,0.1705
330,104604.0,126,Patrol,-0.84,-0.455,-0.569,-0.1137
330,104649.1,108,Patrol,-1.15,-0.449,-0.657,-0.2077
330,104694.1,126,Patrol,-0.95,-0.569,-0.682,-0.1130
330,104730.7,144,Patrol,-1.27,-0.355,-0.624,-0.2685
330,104775.8,126,Patrol,-2.05,-0.682,-1.089,-0.4079
330,104777.2,144,SweepArea,0.00,-1.010,-0.680,0.3303
330,104822.2,144,Patrol,-0.88,-0.624,-0.698,-0.0742
330,104830.8,144,SweepArea,-0.05,-0.680,-0.471,0.2089
330,104847.6,144,SweepArea,-0.02,-0.471,-0.322,0.1483
330,104856.6,126,SweepArea,-0.24,-0.809,-0.620,0.1895
330,104865.2,126,SweepArea,-0.19,-0.620,-0.470,0.1494
330,104873.5,126,SweepArea,-0.43,-0.470,-0.440,0.0303
330,104882.3,126,SweepArea,-0.54,-0.440,-0.450,-0.0103
330,104890.7,126,SweepArea,-1.08,-0.450,-0.621,-0.1710
330,104899.5,126,SweepArea,-1.34,-0.621,-0.817,-0.1952
330,104908.3,126,SweepArea,-1.59,-0.817,-1.029,-0.2127
330,104917.5,126,HideSpotCheck,0.31,-0.985,-0.578,0.4069
330,104927.6,126,HideSpotCheck,0.15,-0.578,-0.342,0.2358
330,104937.1,126,SweepArea,-0.09,-1.029,-0.731,0.2986
330,104947.3,126,HideSpotCheck,0.15,-0.342,-0.178,0.1644
330,104957.1,126,HideSpotCheck,0.30,-0.178,-0.015,0.1622
330,104967.1,126,HideSpotCheck,0.15,-0.015,0.052,0.0671
330,104976.9,126,HideSpotCheck,0.20,0.052,0.115,0.0632
330,104986.7,126,HideSpotCheck,0.10,0.115,0.125,0.0103
330,105000.2,127,AmbushHotChoke,0.21,-0.732,-0.436,0.2964
330,105044.4,113,Patrol,-0.34,0.096,-0.035,-0.1310
330,105059.7,147,SweepArea,0.00,-0.161,-0.109,0.0512
330,105074.8,147,HeatSweep,-0.31,-0.877,-0.699,0.1774
330,105077.3,69,InvestigateLastHeard,0.18,0.010,0.080,0.0694
330,105088.0,123,AmbushHotChoke,-0.26,-0.279,-0.257,0.0225
330,105103.1,129,HeatSweep,-0.65,-0.033,-0.041,-0.0074
330,105103.4,131,HideSpotCheck,-0.50,1.284,1.128,-0.1561
330,105103.7,131,HideSpotCheck,-0.50,1.128,0.973,-0.1551
330,105104.0,131,HideSpotCheck,-0.50,0.973,0.818,-0.1545
330,105104.3,131,HideSpotCheck,-0.60,0.818,0.635,-0.1836
330,105104.7,131,HideSpotCheck,-0.70,0.635,0.421,-0.2137
330,105105.0,131,HideSpotCheck,-0.80,0.421,0.179,-0.2420
330,105105.3,131,HideSpotCheck,-1.50,0.179,-0.272,-0.4508
330,105105.6,131,HideSpotCheck,-1.75,-0.272,-0.690,-0.4184
330,105107.1,131,SweepArea,-0.16,-0.312,-0.244,0.0675
330,105121.3,131,AmbushHotChoke,-0.02,-0.370,-0.261,0.1082
330,105126.4,147,SweepArea,-5.00,-0.109,-1.577,-1.4672
331,105146.5,147,SweepArea,-0.60,-1.577,-1.276,0.3006
331,105148.1,144,SweepArea,-0.17,-0.322,-0.248,0.0742
331,105149.6,144,SweepArea,-0.17,-0.248,-0.196,0.0523
331,105151.2,144,SweepArea,-0.06,-0.196,-0.128,0.0675
331,105152.7,144,SweepArea,-0.36,-0.128,-0.172,-0.0434
331,105154.3,144,SweepArea,-0.47,-0.172,-0.233,-0.0609
331,105155.7,144,SweepArea,-1.16,-0.233,-0.485,-0.2521
331,105157.4,144,SweepArea,-1.42,-0.485,-0.737,-0.2523
331,105202.4,144,Patrol,-0.94,-0.698,-0.768,-0.0700
331,105210.3,144,SweepArea,0.07,-0.737,-0.474,0.2632
331,105226.7,144,SweepArea,-0.01,-0.474,-0.320,0.1541
331,105236.5,126,HideSpotCheck,0.30,0.125,0.201,0.0762
331,105246.3,126,HideSpotCheck,0.30,0.201,0.268,0.0670
331,105256.5,126,HideSpotCheck,0.15,0.268,0.280,0.0120
331,105266.3,126,HideSpotCheck,0.20,0.280,0.307,0.0271
331,105276.0,126,HideSpotCheck,0.10,0.307,0.302,-0.0052
331,105285.7,126,HideSpotCheck,0.01,0.302,0.227,-0.0755
331,105300.8,127,AmbushHotChoke,-0.33,-0.436,-0.393,0.0427
331,105309.2,83,AmbushHotChoke,0.07,0.080,0.083,0.0033
331,105321.9,143,SweepArea,-0.28,-0.043,-0.107,-0.0642
331,105337.0,143,HeatSweep,-0.35,-0.096,-0.133,-0.0371
331,105343.0,125,HideSpotCheck,0.19,0.279,0.314,0.0346
331,105344.9,125,HideSpotCheck,0.23,0.314,0.374,0.0606
331,105346.9,125,HideSpotCheck,0.23,0.374,0.432,0.0584
331,105348.9,125,HideSpotCheck,0.13,0.432,0.459,0.0263
331,105350.8,125,HideSpotCheck,0.03,0.459,0.455,-0.0035
331,105352.9,125,HideSpotCheck,-0.07,0.455,0.420,-0.0350
331,105354.7,125,HideSpotCheck,-0.77,0.420,0.179,-0.2414
331,105356.6,125,HideSpotCheck,-1.02,0.179,-0.132,-0.3108
331,105363.5,125,SweepArea,-0.07,0.036,0.024,-0.0123
331,105408.6,125,Patrol,-0.95,0.027,-0.264,-0.2913
331,105422.2,137,SweepArea,-0.29,-0.177,-0.199,-0.0221
331,105467.3,137,Patrol,-0.80,-0.185,-0.370,-0.1842
332,105512.4,147,Patrol,-0.80,-0.468,-0.561,-0.0932
332,105519.6,126,HideSpotCheck,0.36,0.227,0.314,0.0875
332,105529.4,126,HideSpotCheck,0.15,0.314,0.323,0.0083
332,105539.0,126,HideSpotCheck,0.15,0.323,0.331,0.0082
332,105548.8,126,HideSpotCheck,0.20,0.331,0.352,0.0215
332,105558.7,126,HideSpotCheck,-0.05,0.352,0.296,-0.0563
332,105568.3,126,HideSpotCheck,0.11,0.296,0.258,-0.0384
332,105577.0,144,SweepArea,-0.24,-0.320,-0.276,0.0436
332,105586.1,144,SweepArea,-0.24,-0.276,-0.247,0.0293
332,105616.2,144,Patrol,0.10,-0.768,-0.491,0.2768
332,105616.5,126,HideSpotCheck,-0.50,0.258,0.106,-0.1514
332,105616.8,126,HideSpotCheck,-0.50,0.106,-0.044,-0.1505
332,105617.1,126,HideSpotCheck,-0.50,-0.044,-0.152,-0.1076
332,105617.6,126,HideSpotCheck,-0.60,-0.152,-0.257,-0.1055
332,105618.0,126,HideSpotCheck,-0.70,-0.257,-0.361,-0.1038
332,105618.4,126,HideSpotCheck,-0.80,-0.361,-0.464,-0.1027
332,105618.8,126,HideSpotCheck,-1.50,-0.464,-0.746,-0.2818
332,105641.9,126,SweepArea,-0.21,-0.731,-0.565,0.1656
332,105650.6,126,SweepArea,-0.24,-0.565,-0.448,0.1174
332,105659.4,126,SweepArea,-0.09,-0.448,-0.320,0.1272
332,105668.1,126,SweepArea,-0.34,-0.320,-0.307,0.0138
332,105676.8,126,SweepArea,-0.44,-0.307,-0.327,-0.0202
332,105685.8,126,SweepArea,-0.39,-0.327,-0.326,0.0004
332,105694.7,126,SweepArea,-1.09,-0.326,-0.541,-0.2142
332,105709.9,127,AmbushHotChoke,-0.36,-0.393,-0.382,0.0114
332,105726.4,109,SweepArea,-0.01,-0.750,-0.525,0.2250
332,105742.4,109,SweepArea,-0.16,-0.525,-0.413,0.1126
332,105758.9,109,SweepArea,-0.32,-0.413,-0.374,0.0385
332,105764.8,127,AmbushHotChoke,-0.01,-0.382,-0.254,0.1281
332,105769.1,127,AmbushHotChoke,-0.19,-0.254,-0.218,0.0358
332,105772.4,127,AmbushHotChoke,-0.18,-0.218,-0.189,0.0294
332,105776.8,127,AmbushHotChoke,-0.29,-0.189,-0.203,-0.0143
332,105779.4,127,AmbushHotChoke,-0.38,-0.203,-0.236,-0.0324
332,105792.7,127,HideSpotCheck,0.12,-1.386,-0.925,0.4618
332,105799.0,127,AmbushHotChoke,-0.01,-0.236,-0.153,0.0829
332,105801.6,127,AmbushHotChoke,-0.18,-0.153,-0.140,0.0123
332,105805.5,127,AmbushHotChoke,-0.19,-0.140,-0.137,0.0035
332,105808.2,127,AmbushHotChoke,-0.28,-0.137,-0.160,-0.0230
332,105811.9,127,AmbushHotChoke,-0.39,-0.160,-0.210,-0.0501
332,105815.0,127,AmbushHotChoke,-0.48,-0.210,-0.272,-0.0625
332,105819.2,127,AmbushHotChoke,-1.19,-0.272,-0.531,-0.2583
332,105822.6,127,AmbushHotChoke,-1.43,-0.531,-0.783,-0.2527
332,105828.6,127,SweepArea,-5.00,-0.756,-2.029,-1.2732
333,105847.8,127,SweepArea,-0.60,-2.029,-1.593,0.4365
333,105849.4,144,SweepArea,-0.17,-0.247,-0.195,0.0514
333,105851.0,144,SweepArea,-0.17,-0.195,-0.159,0.0362
333,105852.6,144,SweepArea,-0.27,-0.159,-0.164,-0.0047
333,105854.1,144,SweepArea,-0.37,-0.164,-0.197,-0.0331
333,105854.6,144,HideSpotCheck,-0.50,-1.086,-0.881,0.2047
333,105856.2,144,SweepArea,-0.17,-0.197,-0.160,0.0368
333,105857.6,144,SweepArea,-0.16,-0.160,-0.134,0.0266
333,105882.6,144,SweepArea,-0.44,-0.134,-0.160,-0.0269
333,105896.8,116,HeatSweep,0.01,0.778,0.557,-0.2208
333,105911.9,128,AmbushHotChoke,-0.51,-0.535,-0.450,0.0852
333,105925.6,116,HeatSweep,-0.29,0.557,0.314,-0.2431
333,105935.3,128,HeatSweep,0.05,0.037,0.055,0.0178
333,105944.4,128,HeatSweep,-0.01,0.055,0.050,-0.0051
333,105953.0,128,HeatSweep,-0.34,0.050,-0.053,-0.1024
333,105962.2,128,HeatSweep,-0.21,-0.053,-0.086,-0.0332
333,105971.1,128,HeatSweep,-0.54,-0.086,-0.209,-0.1225
333,105980.3,128,HeatSweep,-1.01,-0.209,-0.435,-0.2265
333,105989.0,128,HeatSweep,-1.49,-0.435,-0.737,-0.3022
333,106004.1,128,AmbushHotChoke,-0.35,-0.450,-0.412,0.0381
333,106012.1,128,AmbushHotChoke,0.00,-0.412,-0.226,0.1854
333,106016.8,116,HeatSweep,10.00,0.314,3.220,2.9058
334,106027.3,116,HeatSweep,-0.50,3.220,2.117,-1.1030
334,106032.2,144,SweepArea,-0.20,-0.160,-0.149,0.0116
334,106033.0,144,SweepArea,1.00,-0.149,0.221,0.3693
334,106033.6,144,SweepArea,10.00,0.221,3.166,2.9455
335,106033.6,144,SweepArea,-0.36,3.166,2.254,-0.9123
335,106058.6,114,SweepArea,-0.60,0.526,0.375,-0.1502
335,106062.4,144,SweepArea,-0.03,2.254,2.127,-0.1265
335,106066.0,144,SweepArea,-0.29,2.127,1.933,-0.1944
335,106070.1,144,SweepArea,-0.39,1.933,1.706,-0.2265
335,106074.1,144,SweepArea,-0.49,1.706,1.463,-0.2429
335,106078.0,144,SweepArea,-1.19,1.463,1.029,-0.4348
335,106081.8,144,SweepArea,-1.28,1.029,0.588,-0.4405
335,106085.6,144,SweepArea,-1.69,0.588,0.050,-0.5381
335,106089.3,144,SweepArea,-1.94,0.050,-0.522,-0.5716
335,106134.4,144,Patrol,-0.78,-0.491,-0.574,-0.0823
335,106142.8,144,SweepArea,-0.23,-0.522,-0.416,0.1058
335,106156.1,144,SweepArea,10.00,-0.416,2.709,3.1248
336,106168.0,144,SweepArea,-0.60,2.709,1.733,-0.9761
336,106172.6,68,InvestigateLastHeard,-0.02,0.211,0.644,0.4325
336,106174.7,116,HeatSweep,10.00,2.117,4.493,2.3765
337,106179.0,116,HeatSweep,0.09,4.493,3.187,-1.3063
337,106182.9,90,SweepArea,-0.19,-0.109,0.293,0.4016
337,106186.8,144,SweepArea,-0.19,1.733,1.582,-0.1507
337,106190.4,144,SweepArea,-0.19,1.582,1.447,-0.1355
337,106194.2,144,SweepArea,-0.29,1.447,1.282,-0.1647
337,106198.7,144,SweepArea,-0.39,1.282,1.085,-0.1968
337,106202.3,144,SweepArea,-0.49,1.085,0.638,-0.4469
337,106206.2,126,SweepArea,-1.19,-0.541,-0.711,-0.1703
337,106231.3,126,SweepArea,-1.78,-0.711,-1.024,-0.3132
337,106246.4,126,HideSpotCheck,-0.60,-0.746,-0.615,0.1308
337,106263.1,144,SweepArea,-0.17,0.638,0.478,-0.1600
337,106282.9,144,SweepArea,-0.05,0.478,0.372,-0.1061
337,106284.3,144,SweepArea,0.01,0.372,0.369,-0.0034
337,106285.9,144,SweepArea,-0.27,0.369,0.281,-0.0883
337,106286.2,144,HideSpotCheck,-0.50,-0.881,-0.684,0.1973
337,106287.8,144,SweepArea,-0.17,0.281,0.224,-0.0566
337,106289.5,144,SweepArea,-0.17,0.224,0.168,-0.0555
337,106290.9,144,SweepArea,-0.16,0.168,0.116,-0.0525
337,106292.5,144,SweepArea,-0.27,0.116,0.033,-0.0827
337,106294.0,144,SweepArea,-0.37,0.033,-0.059,-0.0920
337,106295.6,144,SweepArea,-0.47,-0.059,-0.154,-0.0949
337,106297.2,144,SweepArea,-1.17,-0.154,-0.430,-0.2763
337,106298.7,144,SweepArea,-1.42,-0.430,-0.698,-0.2681
337,106343.7,144,Patrol,-0.79,-0.574,-0.634,-0.0605
337,106374.8,144,Patrol,0.09,-0.634,-0.410,0.2244
337,106375.1,126,HideSpotCheck,-0.50,-0.615,-0.551,0.0636
337,106375.4,126,HideSpotCheck,-0.50,-0.551,-0.507,0.0446
337,106375.6,126,HideSpotCheck,-0.50,-0.507,-0.475,0.0312
337,106375.9,126,HideSpotCheck,-0.60,-0.475,-0.484,-0.0082
337,106376.2,126,HideSpotCheck,-0.70,-0.484,-0.519,-0.0357
337,106376.5,126,HideSpotCheck,-0.80,-0.519,-0.574,-0.0550
337,106376.9,126,HideSpotCheck,-1.50,-0.574,-0.823,-0.2486
337,106377.1,126,HideSpotCheck,-1.75,-0.823,-1.072,-0.2489
337,106400.5,126,SweepArea,0.04,-1.024,-0.695,0.3293
337,106445.5,144,Patrol,-0.95,-0.410,-0.569,-0.1592
337,106455.9,144,Patrol,1.05,-0.569,-0.069,0.4997
337,106457.0,144,Patrol,-0.45,-0.069,-0.151,-0.0812
337,106460.2,74,InvestigateLastHeard,-0.02,0.206,0.171,-0.0346
337,106462.5,60,InvestigateLastHeard,-0.17,0.126,0.136,0.0097
337,106471.5,114,SweepArea,-0.24,0.375,0.262,-0.1136
337,106481.0,114,SweepArea,-0.24,0.262,0.131,-0.1305
337,106485.5,56,HeatSweep,-0.19,0.116,0.054,-0.0619
337,106493.1,114,SweepArea,-0.05,0.131,0.103,-0.0280
337,106501.7,114,SweepArea,-0.24,0.103,0.021,-0.0818
337,106511.1,114,SweepArea,-0.24,0.021,-0.042,-0.0631
337,106520.3,114,SweepArea,-0.34,-0.042,-0.115,-0.0734
337,106529.4,114,SweepArea,-0.29,-0.115,-0.150,-0.0347
337,106558.5,108,Patrol,-0.19,-0.657,-0.511,0.1461
337,106581.7,126,SweepArea,-0.17,-0.695,-0.537,0.1580
337,106590.4,109,SweepArea,-0.24,-0.374,-0.330,0.0449
337,106598.9,109,SweepArea,-0.24,-0.330,-0.287,0.0424
337,106614.0,127,AmbushHotChoke,-0.36,-0.783,-0.647,0.1361
337,106621.0,127,AmbushHotChoke,-0.01,-0.647,-0.453,0.1947
337,106633.8,109,SweepArea,-0.28,-0.287,-0.273,0.0141
337,106639.0,127,AmbushHotChoke,-0.01,-0.453,-0.304,0.1483
337,106642.0,127,AmbushHotChoke,-0.18,-0.304,-0.248,0.0562
337,106644.9,127,AmbushHotChoke,-0.18,-0.248,-0.209,0.0395
337,106648.5,127,AmbushHotChoke,-0.29,-0.209,-0.214,-0.0049
337,106651.3,127,AmbushHotChoke,-0.38,-0.214,-0.244,-0.0301
337,106654.4,127,AmbushHotChoke,-0.48,-0.244,-0.296,-0.0528
337,106656.8,127,AmbushHotChoke,-1.17,-0.296,-0.540,-0.2436
337,106659.7,127,AmbushHotChoke,-1.43,-0.540,-0.788,-0.2479
337,106663.5,127,AmbushHotChoke,-1.69,-0.788,-1.040,-0.2519
337,106677.0,127,HideSpotCheck,0.12,-0.925,-0.602,0.3229
337,106692.1,127,HideSpotCheck,-0.64,-0.602,-0.602,-0.0005
337,106707.3,127,HideSpotCheck,-0.65,-0.602,-0.607,-0.0046
337,106722.4,127,HideSpotCheck,-0.74,-0.607,-0.637,-0.0306
337,106737.5,127,HideSpotCheck,-0.85,-0.637,-0.691,-0.0541
337,106747.9,127,HideSpotCheck,0.05,-0.691,-0.456,0.2355
337,106757.5,127,HideSpotCheck,-5.00,-0.456,-1.819,-1.3632
338,106758.8,127,HideSpotCheck,0.44,-1.819,-1.124,0.6947
338,106798.0,144,Patrol,0.01,-0.151,-0.099,0.0517
338,106843.2,144,Patrol,-0.80,-0.099,-0.305,-0.2066
338,106888.2,144,Patrol,-0.92,-0.305,-0.486,-0.1808
338,106931.7,144,Patrol,-0.18,-0.486,-0.391,0.0954
338,106976.9,108,Patrol,-1.15,-0.511,-0.700,-0.1896
338,107021.9,144,Patrol,-1.25,-0.391,-0.647,-0.2563
338,107064.6,145,Patrol,-1.07,-0.662,-0.783,-0.1211
338,107084.5,109,SweepArea,-0.35,-0.273,-0.290,-0.0174
339,107129.6,145,Patrol,-0.80,-0.783,-0.786,-0.0022
339,107174.8,144,Patrol,-0.80,-0.647,-0.691,-0.0436
339,107182.1,144,HideSpotCheck,0.41,-0.684,-0.337,0.3475
339,107191.2,126,SweepArea,-0.24,-0.537,-0.430,0.1073
339,107200.0,126,SweepArea,-0.24,-0.430,-0.353,0.0763
339,107208.8,126,SweepArea,-0.09,-0.353,-0.255,0.0986
339,107217.4,126,SweepArea,-0.18,-0.255,-0.215,0.0400
339,107226.4,126,SweepArea,-0.44,-0.215,-0.264,-0.0488
339,107235.3,126,SweepArea,-0.39,-0.264,-0.282,-0.0186
339,107243.6,126,SweepArea,-1.23,-0.282,-0.548,-0.2657
339,107252.2,126,SweepArea,-1.34,-0.548,-0.765,-0.2172
339,107260.9,126,SweepArea,-1.59,-0.765,-0.997,-0.2320
339,107289.8,127,Patrol,0.11,-1.018,-0.674,0.3438
339,107334.6,127,Patrol,0.02,-0.674,-0.465,0.2097
339,107374.1,145,Patrol,0.05,-0.786,-0.533,0.2525
339,107419.2,127,Patrol,-0.88,-0.465,-0.587,-0.1222
339,107464.3,145,Patrol,-1.00,-0.533,-0.671,-0.1375
339,107473.4,129,HeatSweep,0.15,-0.041,0.025,0.0657
339,107516.0,145,Patrol,-0.11,-0.671,-0.500,0.1709
340,107561.2,145,Patrol,-0.80,-0.500,-0.588,-0.0879
340,107606.4,108,Patrol,-0.80,-0.700,-0.728,-0.0274
340,107606.7,144,HideSpotCheck,-0.50,-0.337,-0.356,-0.0196
340,107606.9,144,HideSpotCheck,-0.50,-0.356,-0.370,-0.0138
340,107607.2,144,HideSpotCheck,-0.50,-0.370,-0.380,-0.0097
340,107607.5,144,HideSpotCheck,-0.60,-0.380,-0.417,-0.0368
340,107607.8,144,HideSpotCheck,-0.70,-0.417,-0.472,-0.0559
340,107608.1,144,HideSpotCheck,-0.80,-0.472,-0.542,-0.0691
340,107608.4,144,HideSpotCheck,-1.50,-0.542,-0.800,-0.2584
340,107653.5,144,Patrol,-0.80,-0.691,-0.721,-0.0301
340,107670.9,144,SweepArea,-0.02,-0.698,-0.487,0.2107
340,107686.1,128,AmbushHotChoke,-0.36,-0.226,-0.258,-0.0319
340,107692.6,128,AmbushHotChoke,-0.01,-0.258,-0.164,0.0940
340,107706.2,114,SweepArea,-0.29,-0.150,-0.177,-0.0270
340,107751.3,108,Patrol,-0.80,-0.728,-0.747,-0.0192
340,107752.9,144,SweepArea,-0.01,-0.487,-0.318,0.1692
340,107754.5,144,SweepArea,-0.17,-0.318,-0.245,0.0731
340,107756.0,144,SweepArea,-0.16,-0.245,-0.194,0.0516
340,107757.5,144,SweepArea,-0.27,-0.194,-0.188,0.0059
340,107759.0,144,SweepArea,-0.36,-0.188,-0.213,-0.0256
340,107769.3,144,SweepArea,-0.24,-0.213,-0.203,0.0103
340,107773.1,144,SweepArea,-1.04,-0.203,-0.429,-0.2260
340,107776.9,144,SweepArea,-1.44,-0.429,-0.707,-0.2782
340,107780.7,144,SweepArea,-1.69,-0.707,-0.977,-0.2699
340,107825.8,144,Patrol,-0.92,-0.721,-0.778,-0.0570
340,107871.2,144,Patrol,-0.80,-0.778,-0.784,-0.0064
340,107899.7,145,Patrol,0.15,-0.588,-0.361,0.2270
340,107943.5,127,Patrol,-0.15,-0.587,-0.456,0.1315
340,107957.4,109,SweepArea,-0.29,-0.290,-0.287,0.0030
340,107964.6,109,SweepArea,10.00,-0.287,2.799,3.0862
341,107978.7,109,SweepArea,-0.06,2.799,1.950,-0.8486
341,107993.9,144,HideSpotCheck,-0.65,-0.800,-0.742,0.0582
341,108004.7,144,HideSpotCheck,0.33,-0.742,-0.406,0.3362
341,108005.1,108,Patrol,1.00,-0.747,-0.197,0.5502
341,108005.4,108,Patrol,1.00,-0.197,0.189,0.3858
341,108008.0,108,Patrol,0.97,0.189,0.446,0.2566
341,108008.3,108,Patrol,1.01,0.446,0.639,0.1933
341,108008.6,108,Patrol,0.76,0.639,0.695,0.0560
341,108008.9,108,Patrol,0.66,0.695,0.703,0.0079
341,108009.3,108,Patrol,-0.05,0.703,0.497,-0.2057
341,108009.6,108,Patrol,-0.30,0.497,0.277,-0.2202
341,108009.9,108,Patrol,-0.55,0.277,0.047,-0.2304
341,108010.3,108,Patrol,-0.81,0.047,-0.191,-0.2377
341,108010.6,108,Patrol,-1.06,-0.191,-0.434,-0.2427
341,108010.9,108,Patrol,-1.31,-0.434,-0.680,-0.2461
341,108011.2,108,Patrol,-1.56,-0.680,-0.928,-0.2484
341,108011.5,108,Patrol,-1.82,-0.928,-1.178,-0.2501
341,108011.8,108,Patrol,-2.07,-1.178,-1.429,-0.2512
341,108012.1,108,Patrol,-2.32,-1.429,-1.681,-0.2520
341,108012.4,108,Patrol,-2.58,-1.681,-1.934,-0.2525
341,108012.7,108,Patrol,-2.83,-1.934,-2.187,-0.2530
341,108013.0,108,Patrol,-3.08,-2.187,-2.440,-0.2532
341,108013.4,108,Patrol,-3.34,-2.440,-2.694,-0.2537
341,108013.7,108,Patrol,-3.59,-2.694,-2.948,-0.2538
341,108014.0,108,Patrol,-3.84,-2.948,-3.201,-0.2538
341,108014.3,108,Patrol,-3.90,-3.201,-3.395,-0.1939
341,108014.6,108,Patrol,-4.15,-3.395,-3.607,-0.2118
341,108014.9,108,Patrol,-4.40,-3.607,-3.831,-0.2244
341,108015.2,108,Patrol,-4.66,-3.831,-4.065,-0.2332
341,108015.5,108,Patrol,-4.91,-4.065,-4.304,-0.2394
341,108015.8,108,Patrol,-5.16,-4.304,-4.548,-0.2437
341,108016.1,108,Patrol,-5.41,-4.548,-4.794,-0.2467
341,108016.5,108,Patrol,-5.67,-4.794,-5.044,-0.2491
341,108016.9,108,Patrol,-5.92,-5.044,-5.294,-0.2506
341,108017.2,108,Patrol,-6.17,-5.294,-5.546,-0.2515
342,108017.5,108,Patrol,-0.28,-5.546,-3.938,1.6081
342,108017.8,120,Patrol,1.20,0.177,0.508,0.3301
342,108018.1,120,Patrol,1.10,0.508,0.708,0.2007
342,108018.5,120,Patrol,1.00,0.708,0.818,0.1101
342,108018.8,120,Patrol,0.89,0.818,0.861,0.0428
342,108019.1,120,Patrol,-1.37,0.861,0.274,-0.5875
342,108020.7,90,SweepArea,-0.17,0.293,0.236,-0.0566
342,108022.2,90,SweepArea,-0.17,0.236,0.181,-0.0548
342,108023.9,90,SweepArea,-0.17,0.181,0.104,-0.0772
342,108024.2,144,HideSpotCheck,-0.50,-0.406,-0.405,0.0009
342,108024.5,144,HideSpotCheck,-0.50,-0.405,-0.404,0.0006
342,108024.7,144,HideSpotCheck,-0.50,-0.404,-0.404,0.0004
342,108025.0,144,HideSpotCheck,-0.60,-0.404,-0.433,-0.0297
342,108026.3,144,SweepArea,-0.16,-0.977,-0.705,0.2718
342,108026.6,144,HideSpotCheck,-0.50,-0.433,-0.424,0.0092
342,108026.9,144,HideSpotCheck,-0.50,-0.424,-0.418,0.0065
342,108027.2,144,HideSpotCheck,-0.50,-0.418,-0.413,0.0045
342,108027.4,144,HideSpotCheck,-0.60,-0.413,-0.440,-0.0268
342,108027.7,144,HideSpotCheck,-0.70,-0.440,-0.489,-0.0488
342,108028.0,144,HideSpotCheck,-0.80,-0.489,-0.553,-0.0642
342,108028.3,144,HideSpotCheck,-1.50,-0.553,-0.808,-0.2549
342,108029.8,144,SweepArea,-0.17,-0.705,-0.516,0.1892
342,108074.9,144,Patrol,-0.95,-0.784,-0.831,-0.0470
342,108083.0,144,SweepArea,0.10,-0.516,-0.313,0.2029
342,108099.4,144,SweepArea,-0.01,-0.313,-0.210,0.1025
342,108114.4,144,SweepArea,0.13,-0.210,-0.095,0.1156
342,108121.4,126,SweepArea,-0.32,-0.997,-0.774,0.2235
342,108128.3,126,SweepArea,-0.27,-0.774,-0.601,0.1723
342,108136.6,126,SweepArea,-0.53,-0.601,-0.561,0.0400
342,108143.8,126,SweepArea,-1.22,-0.561,-0.739,-0.1778
342,108150.9,126,SweepArea,-1.47,-0.739,-0.938,-0.1991
342,108157.3,126,SweepArea,-1.71,-0.938,-1.150,-0.2116
342,108159.2,126,HideSpotCheck,0.38,-1.072,-0.609,0.4632
342,108161.2,126,HideSpotCheck,0.23,-0.609,-0.330,0.2784
342,108163.3,126,HideSpotCheck,0.23,-0.330,-0.136,0.1944
342,108165.1,126,HideSpotCheck,0.13,-0.136,-0.028,0.1074
342,108167.1,126,HideSpotCheck,0.03,-0.028,0.016,0.0441
342,108169.0,126,HideSpotCheck,-0.07,0.016,0.017,0.0018
342,108176.1,126,SweepArea,-0.07,-1.150,-0.806,0.3441
342,108178.0,126,HideSpotCheck,0.23,0.017,0.108,0.0911
342,108179.9,126,HideSpotCheck,0.23,0.108,0.175,0.0664
342,108181.7,126,HideSpotCheck,0.23,0.175,0.239,0.0646
342,108183.6,126,HideSpotCheck,0.13,0.239,0.272,0.0327
342,108185.7,126,HideSpotCheck,0.03,0.272,0.272,0.0002
342,108187.9,126,HideSpotCheck,-0.07,0.272,0.243,-0.0298
342,108189.8,126,HideSpotCheck,-0.77,0.243,0.005,-0.2377
342,108191.6,126,HideSpotCheck,-1.02,0.005,-0.275,-0.2801
342,108193.8,126,HideSpotCheck,-1.27,-0.275,-0.548,-0.2723
342,108195.7,126,HideSpotCheck,-1.52,-0.548,-0.812,-0.2647
342,108202.6,126,SweepArea,-0.07,-0.806,-0.563,0.2426
342,108247.8,126,Patrol,-0.71,-1.089,-0.919,0.1706
342,108261.4,109,SweepArea,-0.29,1.950,1.571,-0.3790
342,108283.1,109,SweepArea,-0.37,1.571,0.995,-0.5765
343,108328.1,145,Patrol,-0.80,-0.361,-0.490,-0.1289
343,108351.5,126,SweepArea,-0.08,-0.563,-0.410,0.1527
343,108360.6,144,SweepArea,-0.04,-0.095,-0.061,0.0337
343,108369.5,126,SweepArea,-0.24,-0.410,-0.340,0.0701
343,108378.3,126,SweepArea,-0.34,-0.340,-0.321,0.0194
343,108387.1,126,SweepArea,-0.29,-0.321,-0.292,0.0291
343,108396.1,126,SweepArea,-0.39,-0.292,-0.302,-0.0099
343,108406.0,126,SweepArea,-1.25,-0.302,-0.568,-0.2663
343,108415.2,126,SweepArea,-1.49,-0.568,-0.831,-0.2635
343,108444.2,127,Patrol,-0.19,-0.456,-0.371,0.0847
343,108489.0,127,Patrol,0.02,-0.371,-0.252,0.1185
343,108527.7,145,Patrol,0.01,-0.490,-0.336,0.1536
344,108556.5,127,Patrol,0.86,-0.252,0.089,0.3410
344,108556.9,127,Patrol,-0.70,0.089,-0.143,-0.2319
344,108564.8,57,SweepArea,0.07,0.041,0.069,0.0287
344,108573.4,144,SweepArea,-0.24,-0.061,-0.094,-0.0332
344,108581.8,144,SweepArea,-0.23,-0.094,-0.117,-0.0226
344,108590.3,144,SweepArea,-0.34,-0.117,-0.163,-0.0464
344,108599.2,144,SweepArea,-0.29,-0.163,-0.182,-0.0188
344,108602.4,144,SweepArea,0.85,-0.182,0.150,0.3319
344,108604.4,144,SweepArea,-1.55,0.150,-0.328,-0.4773
344,108609.3,60,InvestigateLastHeard,-0.01,0.136,0.112,-0.0238
344,108625.5,114,SweepArea,-0.31,-0.177,-0.205,-0.0278
344,108634.6,144,SweepArea,-0.24,-0.328,-0.283,0.0446
344,108643.3,144,SweepArea,-0.24,-0.283,-0.250,0.0325
344,108668.4,144,SweepArea,-0.70,-0.250,-0.377,-0.1268
344,108673.1,144,SweepArea,-0.10,-0.377,-0.270,0.1072
344,108678.3,144,SweepArea,-0.50,-0.270,-0.317,-0.0468
344,108682.4,144,SweepArea,-1.19,-0.317,-0.555,-0.2380
344,108686.2,144,SweepArea,-1.29,-0.555,-0.750,-0.1952
344,108691.0,144,SweepArea,-1.55,-0.750,-0.966,-0.2159
344,108693.0,144,HideSpotCheck,0.23,-0.808,-0.470,0.3379
344,108695.0,144,HideSpotCheck,0.23,-0.470,-0.233,0.2369
344,108697.3,144,HideSpotCheck,0.23,-0.233,-0.069,0.1644
344,108699.5,144,HideSpotCheck,0.13,-0.069,0.017,0.0853
344,108702.4,144,HideSpotCheck,0.02,0.017,0.044,0.0270
344,108704.6,144,HideSpotCheck,-0.07,0.044,0.036,-0.0081
344,108706.7,144,HideSpotCheck,-0.77,0.036,-0.180,-0.2153
344,108751.8,144,Patrol,-0.73,-0.831,-0.798,0.0329
344,108752.1,144,HideSpotCheck,-0.50,-0.180,-0.245,-0.0657
344,108752.4,144,HideSpotCheck,-0.50,-0.245,-0.292,-0.0462
344,108752.7,144,HideSpotCheck,-0.50,-0.292,-0.324,-0.0323
344,108753.0,144,HideSpotCheck,-0.60,-0.324,-0.377,-0.0526
344,108753.3,144,HideSpotCheck,-0.70,-0.377,-0.443,-0.0670
344,108753.6,144,HideSpotCheck,-0.80,-0.443,-0.520,-0.0769
344,108753.8,144,HideSpotCheck,-1.50,-0.520,-0.784,-0.2637
344,108754.1,144,HideSpotCheck,-1.75,-0.784,-1.044,-0.2598
344,108799.3,144,Patrol,-0.88,-0.798,-0.820,-0.0216
344,108841.2,144,Patrol,-0.02,-0.820,-0.576,0.2437
345,108886.2,144,Patrol,-0.80,-0.576,-0.638,-0.0618
345,108890.0,74,AmbushHotChoke,0.11,0.182,0.179,-0.0038
345,108894.3,128,AmbushHotChoke,-0.19,-0.164,-0.156,0.0085
345,108898.5,128,AmbushHotChoke,-0.19,-0.156,-0.149,0.0061
345,108902.6,128,AmbushHotChoke,-0.29,-0.149,-0.175,-0.0255
345,108909.2,128,AmbushHotChoke,-0.12,-0.175,-0.136,0.0386
346,108954.5,144,Patrol,-0.80,-0.638,-0.684,-0.0464
346,108998.0,144,Patrol,-0.04,-0.684,-0.487,0.1978
346,109011.2,108,SweepArea,-0.28,-0.864,-0.675,0.1888
346,109028.4,108,SweepArea,-0.17,-0.675,-0.512,0.1625
346,109044.4,108,SweepArea,-0.31,-0.512,-0.440,0.0728
346,109061.1,108,SweepArea,-0.27,-0.440,-0.375,0.0643
346,109076.0,108,SweepArea,-0.20,-0.375,-0.308,0.0668
346,109121.0,144,Patrol,-0.77,-0.487,-0.570,-0.0830
346,109166.1,144,Patrol,-0.80,-0.570,-0.636,-0.0665
346,109166.4,126,HideSpotCheck,-0.50,-0.812,-0.689,0.1228
346,109166.7,126,HideSpotCheck,-0.35,-0.689,-0.558,0.1310
346,109176.7,126,HideSpotCheck,0.15,-0.558,-0.328,0.2303
346,109177.0,126,HideSpotCheck,0.90,-0.328,0.066,0.3938
346,109177.3,126,HideSpotCheck,-0.50,0.066,-0.085,-0.1502
346,109184.4,56,HeatSweep,0.08,0.054,0.082,0.0274
346,109198.5,146,SweepArea,-0.29,-0.081,-0.134,-0.0527
346,109204.8,128,AmbushHotChoke,0.99,-0.136,0.223,0.3590
346,109205.2,128,AmbushHotChoke,10.00,0.223,3.156,2.9332
347,109205.2,128,AmbushHotChoke,-0.42,3.156,2.755,-0.4009
347,109220.2,128,AmbushHotChoke,-0.50,2.755,1.792,-0.9628
347,109265.5,144,Patrol,-0.95,-0.636,-0.728,-0.0920
347,109306.8,144,Patrol,-0.01,-0.728,-0.509,0.2192
347,109319.7,126,HideSpotCheck,0.12,-0.085,-0.008,0.0769
347,109334.7,126,HideSpotCheck,-0.62,-0.008,-0.179,-0.1712
347,109349.8,126,HideSpotCheck,-0.54,-0.179,-0.274,-0.0951
347,109366.0,108,SweepArea,-0.31,-0.308,-0.297,0.0117
347,109376.7,126,HideSpotCheck,0.44,-0.274,-0.044,0.2296
347,109391.7,108,SweepArea,-0.30,-0.297,-0.284,0.0128
347,109406.8,126,HideSpotCheck,-0.64,-0.044,-0.211,-0.1666
347,109421.7,126,HideSpotCheck,0.10,-0.211,-0.104,0.1073
347,109437.0,126,HideSpotCheck,-0.65,-0.104,-0.253,-0.1493
347,109452.0,126,HideSpotCheck,-0.73,-0.253,-0.382,-0.1290
347,109467.1,108,SweepArea,0.00,-0.284,-0.185,0.0985
347,109512.2,144,Patrol,-0.92,-0.509,-0.631,-0.1217
347,109557.3,144,Patrol,-0.80,-0.631,-0.679,-0.0482
347,109585.4,144,Patrol,0.17,-0.679,-0.420,0.2592
347,109595.3,127,Patrol,0.95,-0.143,0.203,0.3459
348,109596.1,127,Patrol,-0.46,0.203,0.019,-0.1840
348,109611.2,115,HideSpotCheck,-0.50,-0.509,-0.493,0.0161
348,109656.4,144,Patrol,-0.80,-0.420,-0.531,-0.1118
348,109695.3,144,Patrol,0.02,-0.531,-0.363,0.1684
348,109740.5,144,Patrol,-0.71,-0.363,-0.465,-0.1019
348,109745.9,144,Patrol,0.90,-0.465,-0.035,0.4296
349,109747.0,144,Patrol,-0.42,-0.035,-0.130,-0.0947
349,109762.2,114,AmbushHotChoke,-0.50,-0.403,-0.419,-0.0164
349,109807.4,144,Patrol,-0.80,-0.130,-0.329,-0.1985
349,109852.4,144,Patrol,-0.95,-0.329,-0.512,-0.1837
349,109880.7,126,Patrol,0.12,-0.919,-0.601,0.3177
349,109881.0,126,HideSpotCheck,-0.50,-0.382,-0.388,-0.0063
349,109881.4,126,HideSpotCheck,-0.50,-0.388,-0.393,-0.0044
349,109881.7,126,HideSpotCheck,-0.50,-0.393,-0.396,-0.0030
349,109882.0,126,HideSpotCheck,-0.60,-0.396,-0.428,-0.0321
349,109905.8,126,SweepArea,-0.22,-0.831,-0.638,0.1931
349,109915.9,126,HideSpotCheck,0.15,-0.428,-0.237,0.1909
349,109925.6,126,HideSpotCheck,0.30,-0.237,-0.057,0.1801
349,109935.5,126,HideSpotCheck,0.15,-0.057,0.024,0.0804
349,109942.4,126,HideSpotCheck,0.08,0.024,0.062,0.0380
349,109949.4,126,HideSpotCheck,0.18,0.062,0.118,0.0564
349,109958.2,126,SweepArea,-0.24,-0.638,-0.496,0.1426
349,109968.0,126,HideSpotCheck,0.30,0.118,0.195,0.0775
349,109977.5,126,HideSpotCheck,0.16,0.195,0.197,0.0013
349,110006.2,127,Patrol,-0.19,0.019,-0.038,-0.0564
349,110028.8,127,Patrol,0.28,-0.038,0.064,0.1014
349,110068.2,145,Patrol,0.01,-0.336,-0.231,0.1055
349,110113.4,127,Patrol,-1.05,0.064,-0.270,-0.3332
349,110158.5,145,Patrol,-1.11,-0.231,-0.493,-0.2622
349,110201.1,145,Patrol,-0.46,-0.493,-0.481,0.0118
349,110204.8,129,AmbushHotChoke,-0.19,-0.563,-0.428,0.1354
349,110217.6,129,HeatSweep,0.04,0.025,0.036,0.0116
350,110262.8,145,Patrol,-0.80,-0.481,-0.574,-0.0935
350,110307.9,144,Patrol,-0.75,-0.512,-0.582,-0.0695
350,110353.1,144,Patrol,-0.90,-0.582,-0.672,-0.0902
350,110362.9,126,HideSpotCheck,0.15,0.197,0.219,0.0224
350,110372.6,126,HideSpotCheck,0.15,0.219,0.239,0.0199
350,110379.4,126,HideSpotCheck,0.18,0.239,0.273,0.0335
350,110386.2,126,HideSpotCheck,0.28,0.273,0.334,0.0611
350,110396.1,126,HideSpotCheck,0.10,0.334,0.324,-0.0093
350,110406.1,126,HideSpotCheck,0.00,0.324,0.285,-0.0390
350,110416.1,126,HideSpotCheck,-0.85,0.285,-0.042,-0.3275
350,110445.3,127,Patrol,0.11,-0.270,-0.151,0.1181
350,110490.5,127,Patrol,-0.73,-0.151,-0.324,-0.1723
351,110535.5,145,Patrol,-0.80,-0.574,-0.639,-0.0648
351,110535.8,126,HideSpotCheck,-0.50,-0.042,-0.150,-0.1082
351,110536.1,126,HideSpotCheck,-0.50,-0.150,-0.226,-0.0757
351,110536.4,126,HideSpotCheck,-0.50,-0.226,-0.279,-0.0530
351,110536.7,126,HideSpotCheck,-0.60,-0.279,-0.346,-0.0671
351,110537.0,126,HideSpotCheck,-0.70,-0.346,-0.423,-0.0770
351,110537.2,126,HideSpotCheck,-0.80,-0.423,-0.507,-0.0839
351,110538.8,126,SweepArea,-0.17,-0.496,-0.370,0.1262
351,110540.4,126,SweepArea,-0.17,-0.370,-0.281,0.0887
351,110540.8,126,HideSpotCheck,-0.50,-0.507,-0.476,0.0311
351,110542.3,126,SweepArea,-0.17,-0.281,-0.219,0.0621
351,110543.6,126,SweepArea,-0.16,-0.219,-0.175,0.0441
351,110543.9,126,HideSpotCheck,-0.50,-0.476,-0.454,0.0219
351,110545.4,126,SweepArea,-0.16,-0.175,-0.144,0.0303
351,110546.8,126,SweepArea,-0.16,-0.144,-0.123,0.0218
351,110548.3,126,SweepArea,-0.16,-0.123,-0.108,0.0147
351,110549.6,126,SweepArea,-0.26,-0.108,-0.127,-0.0192
351,110551.1,126,SweepArea,-0.11,-0.127,-0.095,0.0319
351,110590.2,144,Patrol,0.07,-0.672,-0.444,0.2279
351,110594.6,126,SweepArea,-0.19,-0.095,-0.101,-0.0061
351,110599.1,126,SweepArea,-0.20,-0.101,-0.106,-0.0049
351,110603.6,126,SweepArea,-0.20,-0.106,-0.109,-0.0033
351,110626.7,126,SweepArea,-0.16,-0.109,-0.116,-0.0065
351,110633.1,126,SweepArea,-0.26,-0.116,-0.139,-0.0233
351,110640.0,126,SweepArea,-0.52,-0.139,-0.232,-0.0931
351,110646.3,126,SweepArea,-1.06,-0.232,-0.460,-0.2274
351,110648.3,126,HideSpotCheck,0.23,-0.454,-0.222,0.2315
351,110650.2,126,HideSpotCheck,0.23,-0.222,-0.059,0.1631
351,110652.0,126,HideSpotCheck,0.23,-0.059,0.055,0.1144
351,110654.0,126,HideSpotCheck,0.13,0.055,0.104,0.0491
351,110655.9,126,HideSpotCheck,0.03,0.104,0.111,0.0067
351,110658.0,126,HideSpotCheck,-0.07,0.111,0.086,-0.0246
351,110659.8,126,HideSpotCheck,-0.77,0.086,-0.143,-0.2296
351,110661.6,126,HideSpotCheck,-1.02,-0.143,-0.379,-0.2355
351,110663.6,126,HideSpotCheck,-1.27,-0.379,-0.620,-0.2406
351,110670.6,126,SweepArea,-0.22,-0.460,-0.367,0.0929
351,110678.4,126,SweepArea,-0.23,-0.367,-0.305,0.0614
351,110684.9,126,SweepArea,-0.22,-0.305,-0.257,0.0483
351,110691.2,126,SweepArea,-0.16,-0.257,-0.207,0.0503
351,110716.3,126,SweepArea,-0.73,-0.207,-0.100,0.1070
351,110727.0,116,HeatSweep,0.04,3.187,2.554,-0.6335
351,110742.9,128,AmbushHotChoke,-0.36,1.792,1.447,-0.3457
351,110746.3,86,InvestigateLastHeard,10.00,2.242,4.569,2.3275
352,110758.1,86,InvestigateLastHeard,-0.50,4.569,3.061,-1.5078
352,110803.3,144,Patrol,-0.80,-0.444,-0.549,-0.1046
352,110819.2,126,SweepArea,-0.31,-0.100,-0.150,-0.0498
352,110835.8,126,SweepArea,-0.17,-0.150,-0.142,0.0078
352,110852.1,126,SweepArea,-0.16,-0.142,-0.135,0.0071
352,110868.1,126,SweepArea,-0.26,-0.135,-0.159,-0.0246
352,110884.0,126,SweepArea,-0.36,-0.159,-0.205,-0.0464
352,110900.1,126,SweepArea,-0.35,-0.205,-0.236,-0.0304
352,110916.8,126,SweepArea,-1.32,-0.236,-0.547,-0.3115
352,110933.0,126,SweepArea,-1.41,-0.547,-0.794,-0.2463
352,110978.0,126,Patrol,-0.95,-0.601,-0.703,-0.1018
352,111023.2,144,Patrol,-0.84,-0.549,-0.632,-0.0839
352,111034.8,126,HideSpotCheck,0.28,-0.620,-0.333,0.2867
352,111051.1,108,SweepArea,-0.31,-0.185,-0.211,-0.0254
352,111066.1,126,HideSpotCheck,-0.65,-0.333,-0.413,-0.0803
352,111072.0,126,HideSpotCheck,0.94,-0.413,0.012,0.4255
352,111075.9,126,HideSpotCheck,-0.55,0.012,0.402,0.3897
352,111081.0,86,InvestigateLastHeard,-0.01,3.061,2.160,-0.9017
352,111084.2,136,AmbushHotChoke,0.12,0.054,0.096,0.0413
352,111088.6,136,AmbushHotChoke,-0.19,0.096,0.032,-0.0638
352,111092.5,136,AmbushHotChoke,-0.19,0.032,-0.013,-0.0445
352,111096.4,136,AmbushHotChoke,-0.29,-0.013,-0.074,-0.0612
352,111110.8,136,HeatSweep,0.01,-0.047,-0.018,0.0284
352,111125.1,130,HeatSweep,-0.07,-0.097,-0.077,0.0209
352,111127.2,136,HeatSweep,10.00,-0.018,2.987,3.0055
353,111140.3,136,HeatSweep,-0.50,2.987,1.954,-1.0331
353,111185.3,144,Patrol,-0.80,-0.632,-0.671,-0.0384
353,111193.1,126,HideSpotCheck,0.17,0.402,0.414,0.0119
353,111199.7,126,HideSpotCheck,0.39,0.414,0.494,0.0801
353,111209.6,126,HideSpotCheck,0.15,0.494,0.480,-0.0137
353,111219.4,126,HideSpotCheck,0.20,0.480,0.484,0.0040
353,111229.5,126,HideSpotCheck,-0.05,0.484,0.411,-0.0738
353,111239.5,126,HideSpotCheck,0.00,0.411,0.362,-0.0488
353,111249.2,126,HideSpotCheck,-0.85,0.362,0.065,-0.2966
353,111258.7,126,HideSpotCheck,-1.10,0.065,-0.265,-0.3299
353,111268.7,126,HideSpotCheck,-1.20,-0.265,-0.527,-0.2625
353,111278.6,126,HideSpotCheck,-1.60,-0.527,-0.831,-0.3035
353,111307.8,126,Patrol,0.11,-0.703,-0.453,0.2499
353,111352.6,126,Patrol,0.02,-0.453,-0.310,0.1431
353,111391.8,145,Patrol,0.15,-0.639,-0.362,0.2776
353,111401.1,109,SweepArea,0.91,0.995,0.986,-0.0083
353,111401.7,109,SweepArea,-0.60,0.986,0.528,-0.4583
353,111416.8,61,HideSpotCheck,-0.62,0.083,-0.117,-0.2002
353,111418.9,115,HideSpotCheck,0.23,-0.493,-0.255,0.2384
353,111434.0,115,HideSpotCheck,-0.65,-0.255,-0.363,-0.1081
353,111449.3,115,HideSpotCheck,-0.75,-0.363,-0.469,-0.1058
353,111451.2,115,HideSpotCheck,0.03,-0.469,-0.297,0.1713
353,111453.3,115,HideSpotCheck,-0.07,-0.297,-0.208,0.0897
353,111455.2,115,HideSpotCheck,-0.77,-0.208,-0.354,-0.1468
353,111457.2,115,HideSpotCheck,-1.02,-0.354,-0.532,-0.1778
353,111459.1,115,HideSpotCheck,-1.27,-0.532,-0.732,-0.1995
353,111464.9,115,AmbushHotChoke,0.00,-0.643,-0.433,0.2095
353,111467.5,115,AmbushHotChoke,-0.18,-0.433,-0.335,0.0980
353,111470.8,115,AmbushHotChoke,-0.18,-0.335,-0.269,0.0659
353,111475.0,115,AmbushHotChoke,-0.29,-0.269,-0.256,0.0128
353,111477.6,115,AmbushHotChoke,-0.38,-0.256,-0.271,-0.0149
353,111481.6,115,AmbushHotChoke,-0.49,-0.271,-0.317,-0.0459
353,111485.1,115,AmbushHotChoke,-1.19,-0.317,-0.558,-0.2404
353,111489.3,115,AmbushHotChoke,-1.44,-0.558,-0.804,-0.2461
353,111534.5,115,Patrol,-0.80,-0.703,-0.731,-0.0280
353,111579.7,145,Patrol,-0.95,-0.362,-0.537,-0.1754
353,111622.0,145,Patrol,-0.07,-0.537,-0.393,0.1436
353,111667.0,115,Patrol,-1.05,-0.731,-0.826,-0.0942
354,111712.2,145,Patrol,-0.80,-0.393,-0.513,-0.1196
354,111757.3,126,Patrol,-0.73,-0.310,-0.432,-0.1226
354,111796.3,144,Patrol,0.06,-0.671,-0.449,0.2220
354,111809.3,108,SweepArea,10.00,-0.211,2.852,3.0633
355,111809.6,108,SweepArea,0.02,2.852,2.434,-0.4186
355,111834.8,108,SweepArea,-0.60,2.434,1.531,-0.9026
355,111878.6,144,Patrol,-0.34,-0.449,-0.412,0.0365
355,111923.8,126,Patrol,-0.80,-0.432,-0.540,-0.1080
355,111968.9,144,Patrol,-0.88,-0.412,-0.549,-0.1370
355,112011.4,144,Patrol,-0.42,-0.549,-0.509,0.0408
355,112056.5,126,Patrol,-1.15,-0.540,-0.721,-0.1803
355,112101.6,144,Patrol,-1.18,-0.509,-0.708,-0.1998
355,112145.0,144,Patrol,-1.33,-0.708,-0.893,-0.1844
355,112190.1,126,Patrol,-2.01,-0.721,-1.104,-0.3833
355,112218.7,144,Patrol,-1.49,-0.893,-1.065,-0.1724
355,112224.4,126,SweepArea,-0.04,-0.794,-0.545,0.2484
355,112231.3,126,SweepArea,-0.22,-0.545,-0.427,0.1187
355,112238.1,126,SweepArea,-0.22,-0.427,-0.343,0.0835
355,112244.8,126,SweepArea,-0.32,-0.343,-0.314,0.0289
355,112251.8,126,SweepArea,-0.27,-0.314,-0.280,0.0344
355,112258.9,126,SweepArea,-0.52,-0.280,-0.332,-0.0518
355,112265.8,126,SweepArea,-1.22,-0.332,-0.577,-0.2454
355,112272.6,126,SweepArea,-1.32,-0.577,-0.778,-0.2013
355,112279.1,126,SweepArea,-1.56,-0.778,-0.993,-0.2143
355,112281.0,126,HideSpotCheck,0.23,-0.831,-0.485,0.3455
355,112283.0,126,HideSpotCheck,0.23,-0.485,-0.244,0.2413
355,112285.0,126,HideSpotCheck,0.23,-0.244,-0.075,0.1688
355,112287.0,126,HideSpotCheck,0.13,-0.075,0.013,0.0882
355,112310.1,126,Patrol,0.77,-1.104,-0.536,0.5684
355,112313.1,126,Patrol,-0.47,-0.536,-0.508,0.0278
355,112350.4,81,Patrol,-0.27,0.088,-0.020,-0.1076
355,112395.6,147,Patrol,-1.05,-0.561,-0.705,-0.1441
355,112440.8,145,Patrol,-1.09,-0.513,-0.684,-0.1709
355,112483.9,145,Patrol,-0.63,-0.684,-0.665,0.0188
355,112490.7,129,HeatSweep,-5.00,0.036,-1.474,-1.5109
356,112499.1,129,HeatSweep,-0.50,-1.474,-1.169,0.3055
356,112502.9,144,SweepArea,-0.19,-0.966,-0.708,0.2576
356,112507.3,144,SweepArea,-0.19,-0.708,-0.530,0.1780
356,112509.1,126,HideSpotCheck,0.23,0.013,0.106,0.0925
356,112511.1,126,HideSpotCheck,0.23,0.106,0.172,0.0662
356,112513.0,126,HideSpotCheck,0.23,0.172,0.236,0.0644
356,112514.9,126,HideSpotCheck,0.13,0.236,0.269,0.0325
356,112516.9,126,HideSpotCheck,0.03,0.269,0.270,0.0016
356,112518.7,126,HideSpotCheck,-0.07,0.270,0.243,-0.0275
356,112520.7,126,HideSpotCheck,-0.77,0.243,0.004,-0.2382
356,112522.8,126,HideSpotCheck,-1.02,0.004,-0.277,-0.2811
356,112524.7,126,HideSpotCheck,-1.27,-0.277,-0.547,-0.2708
356,112569.8,126,Patrol,-0.70,-0.508,-0.562,-0.0540
356,112578.5,144,SweepArea,-0.24,-0.530,-0.424,0.1068
356,112583.1,144,SweepArea,-0.20,-0.424,-0.332,0.0915
356,112608.4,144,SweepArea,-0.60,-0.332,-0.405,-0.0729
356,112624.8,144,SweepArea,-0.11,-0.405,-0.305,0.1003
356,112634.8,126,HideSpotCheck,0.30,-0.547,-0.275,0.2720
356,112644.6,126,HideSpotCheck,0.15,-0.275,-0.129,0.1464
356,112654.5,126,HideSpotCheck,0.30,-0.129,0.018,0.1471
356,112664.7,126,HideSpotCheck,0.20,0.018,0.090,0.0716
356,112675.0,126,HideSpotCheck,-0.05,0.090,0.060,-0.0299
356,112703.9,127,Patrol,0.11,-0.324,-0.188,0.1355
356,112748.4,127,Patrol,-0.13,-0.188,-0.169,0.0194
357,112793.6,145,Patrol,-0.80,-0.665,-0.703,-0.0379
357,112797.2,144,SweepArea,-0.19,-0.305,-0.245,0.0599
357,112799.2,126,HideSpotCheck,0.39,0.060,0.185,0.1247
357,112801.1,126,HideSpotCheck,0.23,0.185,0.249,0.0645
357,112803.1,126,HideSpotCheck,0.23,0.249,0.310,0.0613
357,112805.0,126,HideSpotCheck,0.13,0.310,0.341,0.0308
357,112807.0,126,HideSpotCheck,0.26,0.341,0.343,0.0018
357,112811.6,144,SweepArea,-0.20,-0.245,-0.207,0.0381
357,112816.3,144,SweepArea,-0.20,-0.207,-0.180,0.0263
357,112820.1,144,SweepArea,-0.04,-0.180,-0.113,0.0672
357,112845.1,144,SweepArea,-0.62,-0.113,-0.137,-0.0241
357,112849.6,108,SweepArea,-0.39,1.531,1.318,-0.2130
357,112854.8,108,SweepArea,-0.35,1.318,1.121,-0.1974
357,112859.4,108,SweepArea,-1.20,1.121,0.691,-0.4299
357,112864.2,108,SweepArea,-1.30,0.691,0.257,-0.4344
357,112889.4,108,SweepArea,-2.10,0.257,-0.423,-0.6793
357,112889.7,126,HideSpotCheck,-0.50,0.343,0.191,-0.1516
357,112890.0,126,HideSpotCheck,-0.50,0.191,0.040,-0.1509
357,112890.4,126,HideSpotCheck,-0.50,0.040,-0.093,-0.1331
357,112890.7,126,HideSpotCheck,-0.60,-0.093,-0.216,-0.1231
357,112891.0,126,HideSpotCheck,-0.70,-0.216,-0.332,-0.1161
357,112916.2,144,SweepArea,-0.49,-0.137,-0.235,-0.0975
357,112934.0,144,SweepArea,-0.03,-0.235,-0.161,0.0739
357,112944.5,126,HideSpotCheck,0.36,-0.332,-0.107,0.2253
357,112955.4,126,HideSpotCheck,0.14,-0.107,-0.015,0.0912
357,112965.9,126,HideSpotCheck,0.36,-0.015,0.115,0.1305
357,112966.5,126,HideSpotCheck,0.90,0.115,0.378,0.2624
357,112969.2,126,HideSpotCheck,0.77,0.378,0.517,0.1399
357,112969.5,126,HideSpotCheck,0.81,0.517,0.629,0.1116
357,112969.8,126,HideSpotCheck,-0.04,0.629,0.451,-0.1783
357,112970.2,126,HideSpotCheck,-0.29,0.451,0.247,-0.2040
357,112970.5,126,HideSpotCheck,-0.55,0.247,0.028,-0.2191
357,112970.8,126,HideSpotCheck,-0.80,0.028,-0.202,-0.2295
357,112971.1,126,HideSpotCheck,-1.05,-0.202,-0.439,-0.2368
357,112971.4,126,HideSpotCheck,-1.30,-0.439,-0.681,-0.2420
357,112971.7,126,HideSpotCheck,-1.56,-0.681,-0.926,-0.2458
357,112972.0,126,HideSpotCheck,-1.81,-0.926,-1.175,-0.2483
357,112972.3,126,HideSpotCheck,-2.06,-1.175,-1.425,-0.2500
357,112972.7,126,HideSpotCheck,-2.32,-1.425,-1.676,-0.2512
357,112973.0,126,HideSpotCheck,10.00,-1.676,1.827,3.5028
358,112973.0,126,HideSpotCheck,-0.42,1.827,1.209,-0.6174
358,112973.3,120,Patrol,1.00,0.274,0.515,0.2412
358,112973.6,120,Patrol,1.00,0.515,0.683,0.1685
358,112974.0,120,Patrol,1.00,0.683,0.801,0.1175
358,112974.3,120,Patrol,0.89,0.801,0.849,0.0480
358,112974.8,120,Patrol,-0.57,0.849,0.452,-0.3965
358,112978.9,90,SweepArea,-0.19,0.104,0.040,-0.0645
358,112982.8,144,SweepArea,-0.19,-0.161,-0.145,0.0155
358,112987.2,144,SweepArea,-0.19,-0.145,-0.136,0.0092
358,112991.2,144,SweepArea,-0.29,-0.136,-0.158,-0.0220
358,112995.2,144,SweepArea,-0.39,-0.158,-0.204,-0.0456
358,112999.4,144,SweepArea,-0.49,-0.204,-0.266,-0.0622
358,113003.0,144,SweepArea,-1.01,-0.266,-0.466,-0.1997
358,113007.1,144,SweepArea,-1.44,-0.466,-0.734,-0.2687
358,113011.1,144,SweepArea,-1.69,-0.734,-0.997,-0.2624
358,113015.1,144,SweepArea,-1.94,-0.997,-1.256,-0.2588
358,113017.2,144,HideSpotCheck,0.38,-1.044,-0.590,0.4536
358,113019.2,144,HideSpotCheck,0.23,-0.590,-0.318,0.2727
358,113021.1,144,HideSpotCheck,0.23,-0.318,-0.126,0.1914
358,113023.2,144,HideSpotCheck,0.13,-0.126,-0.023,0.1030
358,113025.1,144,HideSpotCheck,0.03,-0.023,0.020,0.0431
358,113027.2,144,HideSpotCheck,-0.07,0.020,0.019,-0.0006
358,113029.2,144,HideSpotCheck,-0.77,0.019,-0.191,-0.2098
358,113032.5,144,HideSpotCheck,-1.03,-0.191,-0.418,-0.2278
358,113034.5,144,HideSpotCheck,-1.27,-0.418,-0.647,-0.2287
358,113036.4,144,HideSpotCheck,-1.33,-0.647,-0.523,0.1241
358,113038.5,126,HideSpotCheck,-1.54,1.209,0.410,-0.7992
358,113040.5,144,HideSpotCheck,-2.02,-0.523,-0.945,-0.4224
358,113042.4,144,HideSpotCheck,-2.27,-0.945,-1.315,-0.3700
358,113082.7,144,Patrol,0.60,-1.065,-0.563,0.5018
358,113083.0,144,Patrol,-0.68,-0.563,-0.591,-0.0277
358,113098.1,74,AmbushHotChoke,-0.50,0.179,-0.012,-0.1904
358,113143.3,144,Patrol,-0.74,-0.591,-0.633,-0.0423
358,113168.5,114,SweepArea,-0.60,-0.205,-0.204,0.0002
358,113183.5,128,AmbushHotChoke,-0.42,1.447,0.903,-0.5439
358,113185.9,60,InvestigateLastHeard,-0.17,0.112,0.050,-0.0621
358,113200.5,114,SweepArea,-0.30,-0.204,-0.219,-0.0146
358,113216.4,114,SweepArea,-0.16,-0.219,-0.190,0.0293
358,113227.2,115,HideSpotCheck,0.30,-0.732,-0.410,0.3219
358,113237.9,115,HideSpotCheck,0.14,-0.410,-0.230,0.1795
358,113248.4,115,HideSpotCheck,0.30,-0.230,-0.058,0.1724
358,113259.8,115,HideSpotCheck,0.04,-0.058,-0.016,0.0415
358,113270.7,115,HideSpotCheck,0.10,-0.016,0.031,0.0474
358,113270.7,115,HideSpotCheck,-5.00,0.031,-1.478,-1.5093
359,113285.8,115,HideSpotCheck,-0.50,-1.478,-1.172,0.3059
359,113302.4,108,SweepArea,-0.32,-0.423,-0.338,0.0850
359,113313.2,126,HideSpotCheck,0.35,0.410,0.461,0.0512
359,113323.9,126,HideSpotCheck,0.14,0.461,0.446,-0.0155
359,113334.5,126,HideSpotCheck,0.35,0.446,0.495,0.0486
359,113345.1,126,HideSpotCheck,0.04,0.495,0.446,-0.0486
359,113360.1,126,HideSpotCheck,-0.83,0.446,0.124,-0.3222
359,113375.2,126,HideSpotCheck,-0.95,0.124,-0.182,-0.3053
359,113386.0,126,HideSpotCheck,-0.65,-0.182,-0.305,-0.1233
359,113396.8,126,HideSpotCheck,-1.11,-0.305,-0.529,-0.2240
359,113407.6,126,HideSpotCheck,-1.15,-0.529,-0.698,-0.1694
359,113452.7,126,Patrol,-0.65,-0.562,-0.586,-0.0247
359,113490.2,144,Patrol,-0.27,-0.633,-0.521,0.1119
359,113535.3,126,Patrol,-0.80,-0.586,-0.648,-0.0615
359,113580.4,144,Patrol,-0.98,-0.521,-0.656,-0.1346
359,113620.7,144,Patrol,-0.19,-0.656,-0.512,0.1436
359,113636.3,114,SweepArea,-0.31,-0.190,-0.212,-0.0222
359,113652.3,108,SweepArea,-0.31,-0.338,-0.317,0.0206
359,113668.4,108,SweepArea,-0.16,-0.317,-0.258,0.0593
359,113684.7,108,SweepArea,-0.41,-0.258,-0.291,-0.0335
359,113729.9,126,Patrol,-0.64,-0.648,-0.642,0.0055
359,113775.1,126,Patrol,-0.89,-0.642,-0.715,-0.0728
359,113790.4,108,SweepArea,-0.30,-0.291,-0.281,0.0102
359,113800.8,126,HideSpotCheck,0.35,-0.698,-0.366,0.3324
359,113811.5,126,HideSpotCheck,0.14,-0.366,-0.196,0.1697
359,113822.6,126,HideSpotCheck,0.35,-0.196,-0.016,0.1800
359,113833.5,126,HideSpotCheck,0.04,-0.016,0.018,0.0342
359,113844.3,126,HideSpotCheck,0.15,0.018,0.074,0.0563
359,113844.9,126,HideSpotCheck,0.70,0.074,0.289,0.2146
359,113847.7,126,HideSpotCheck,-0.03,0.289,0.215,-0.0740
359,113848.1,126,HideSpotCheck,-0.14,0.215,0.131,-0.0835
359,113848.4,126,HideSpotCheck,-0.54,0.131,-0.051,-0.1828
359,113848.7,126,HideSpotCheck,-0.79,-0.051,-0.256,-0.2042
359,113849.0,126,HideSpotCheck,-1.05,-0.256,-0.475,-0.2191
359,113849.4,126,HideSpotCheck,-1.30,-0.475,-0.704,-0.2297
359,113849.7,126,HideSpotCheck,-1.55,-0.704,-0.941,-0.2370
359,113850.0,126,HideSpotCheck,-1.81,-0.941,-1.183,-0.2421
359,113850.3,126,HideSpotCheck,-2.06,-1.183,-1.429,-0.2457
359,113850.6,126,HideSpotCheck,-2.31,-1.429,-1.677,-0.2481
359,113851.0,126,HideSpotCheck,-2.57,-1.677,-1.927,-0.2502
359,113851.3,126,HideSpotCheck,-2.82,-1.927,-2.179,-0.2513
359,113851.6,126,HideSpotCheck,-3.07,-2.179,-2.431,-0.2520
359,113851.9,126,HideSpotCheck,-3.33,-2.431,-2.683,-0.2526
359,113852.2,126,HideSpotCheck,-3.58,-2.683,-2.936,-0.2530
359,113852.5,126,HideSpotCheck,-3.83,-2.936,-3.190,-0.2532
359,113852.8,126,HideSpotCheck,-4.09,-3.190,-3.443,-0.2535
359,113853.1,126,HideSpotCheck,-4.34,-3.443,-3.697,-0.2536
359,113853.4,126,HideSpotCheck,-4.59,-3.697,-3.950,-0.2537
359,113853.7,126,HideSpotCheck,-4.84,-3.950,-4.204,-0.2537
359,113854.1,126,HideSpotCheck,-5.10,-4.204,-4.458,-0.2540
359,113854.4,126,HideSpotCheck,-5.35,-4.458,-4.712,-0.2540
359,113854.7,126,HideSpotCheck,-5.40,-4.712,-4.906,-0.1940
359,113855.1,126,HideSpotCheck,10.00,-4.906,-0.434,4.4718
360,113855.1,126,HideSpotCheck,-0.26,-0.434,-0.303,0.1308
360,113855.4,120,Patrol,1.20,0.452,0.700,0.2475
360,113855.8,120,Patrol,1.20,0.700,0.873,0.1729
360,113856.1,120,Patrol,1.19,0.873,0.990,0.1173
360,113856.6,120,Patrol,-0.47,0.990,0.574,-0.4163
360,113861.5,90,SweepArea,-0.20,0.040,-0.009,-0.0485
360,113902.2,144,Patrol,-0.01,-0.512,-0.357,0.1549
360,113915.6,108,SweepArea,-0.28,-0.281,-0.268,0.0133
360,113932.0,108,SweepArea,-0.16,-0.268,-0.224,0.0439
360,113948.5,108,SweepArea,-0.32,-0.224,-0.239,-0.0146
360,113993.7,144,Patrol,-0.80,-0.357,-0.488,-0.1303
360,114032.5,144,Patrol,0.01,-0.488,-0.334,0.1539
360,114077.6,144,Patrol,-0.81,-0.334,-0.472,-0.1385
360,114088.9,126,HideSpotCheck,0.29,-0.303,-0.110,0.1930
360,114105.5,108,SweepArea,-0.16,-0.239,-0.204,0.0342
360,114121.4,108,SweepArea,-0.31,-0.204,-0.223,-0.0183
360,114166.5,144,Patrol,-0.95,-0.472,-0.613,-0.1404
360,114169.8,126,HideSpotCheck,0.22,-0.110,0.013,0.1231
360,114171.8,126,HideSpotCheck,0.23,0.013,0.104,0.0918
360,114173.6,126,HideSpotCheck,0.23,0.104,0.171,0.0667
360,114175.6,126,HideSpotCheck,0.13,0.171,0.205,0.0342
360,114177.6,126,HideSpotCheck,0.03,0.205,0.208,0.0029
360,114179.5,126,HideSpotCheck,-0.07,0.208,0.182,-0.0264
360,114181.6,126,HideSpotCheck,-0.77,0.182,-0.055,-0.2368
360,114183.4,126,HideSpotCheck,-0.75,-0.055,-0.237,-0.1821
360,114185.4,126,HideSpotCheck,-1.27,-0.237,-0.520,-0.2831
360,114187.2,126,HideSpotCheck,-1.52,-0.520,-0.793,-0.2725
360,114232.3,126,Patrol,-0.86,-0.715,-0.755,-0.0395
360,114247.4,108,SweepArea,-0.30,-0.223,-0.233,-0.0107
360,114264.2,108,SweepArea,-0.32,-0.233,-0.246,-0.0129
360,114309.4,126,Patrol,-0.86,-0.755,-0.770,-0.0153
360,114324.0,109,SweepArea,-0.30,0.528,0.356,-0.1724
360,114340.6,109,SweepArea,-0.32,0.356,0.199,-0.1564
360,114357.0,109,SweepArea,-0.16,0.199,0.117,-0.0828
360,114373.2,109,SweepArea,-0.26,0.117,0.019,-0.0980
360,114389.7,109,SweepArea,-0.52,0.019,-0.139,-0.1577
360,114406.0,109,SweepArea,-0.46,-0.139,-0.234,-0.0947
360,114422.5,109,SweepArea,-1.31,-0.234,-0.555,-0.3217
360,114438.5,109,SweepArea,-1.41,-0.555,-0.809,-0.2536
360,114446.9,109,SweepArea,-1.73,-0.809,-1.076,-0.2672
360,114485.9,145,Patrol,-0.12,-0.703,-0.526,0.1768
361,114531.0,127,Patrol,-0.80,-0.169,-0.356,-0.1868
361,114576.0,144,Patrol,-0.79,-0.613,-0.664,-0.0515
361,114621.2,144,Patrol,-1.05,-0.664,-0.778,-0.1132
362,114664.5,144,Patrol,-0.03,-0.778,-0.551,0.2265
362,114689.7,108,SweepArea,-0.60,-0.246,-0.345,-0.0985
362,114734.8,144,Patrol,-0.80,-0.551,-0.623,-0.0721
362,114766.0,126,Patrol,0.09,-0.770,-0.506,0.2639
362,114811.1,126,Patrol,-0.72,-0.506,-0.568,-0.0623
362,114851.8,144,Patrol,-0.11,-0.623,-0.466,0.1573
362,114865.4,108,SweepArea,-0.29,-0.345,-0.313,0.0319
362,114881.4,108,SweepArea,-0.31,-0.313,-0.299,0.0139
362,114913.5,144,Patrol,0.85,-0.466,-0.066,0.3997
362,114914.1,144,Patrol,-0.80,-0.066,-0.282,-0.2157
362,114920.9,90,SweepArea,0.10,-0.009,0.042,0.0507
362,114924.7,114,SweepArea,-0.04,-0.212,-0.136,0.0757
362,114928.3,108,SweepArea,-0.19,-0.299,-0.242,0.0572
362,114932.7,108,SweepArea,-0.29,-0.242,-0.235,0.0066
362,114957.9,108,SweepArea,-0.95,-0.235,-0.442,-0.2069
362,115003.0,144,Patrol,-0.80,-0.282,-0.435,-0.1528
362,115030.5,144,Patrol,0.31,-0.435,-0.024,0.4102
362,115040.5,116,HeatSweep,-0.25,2.554,1.729,-0.8241
362,115057.1,146,SweepArea,-0.32,-0.134,-0.073,0.0610
362,115064.4,128,AmbushHotChoke,-0.02,0.903,0.811,-0.0918
362,115067.3,128,AmbushHotChoke,-0.18,0.811,0.724,-0.0864
362,115070.6,128,AmbushHotChoke,-0.18,0.724,0.636,-0.0885
362,115073.1,128,AmbushHotChoke,-0.28,0.636,0.387,-0.2490
362,115076.5,129,AmbushHotChoke,-0.38,-0.428,-0.392,0.0361
362,115080.1,129,AmbushHotChoke,-0.49,-0.392,-0.397,-0.0052
362,115084.5,129,AmbushHotChoke,-1.19,-0.397,-0.614,-0.2168
362,115097.5,129,SweepArea,-0.28,-0.612,-0.498,0.1138
362,115113.8,129,SweepArea,-0.16,-0.498,-0.386,0.1125
362,115130.4,129,SweepArea,-0.32,-0.386,-0.353,0.0327
362,115147.4,129,SweepArea,-0.42,-0.353,-0.362,-0.0087
362,115155.9,129,SweepArea,-0.14,-0.362,-0.291,0.0707
362,115170.8,147,HeatSweep,-0.02,-0.699,-0.494,0.2052
362,115184.6,147,HeatSweep,-0.01,-0.494,-0.335,0.1592
362,115189.8,117,SweepArea,-0.20,-0.188,-0.170,0.0175
362,115196.4,117,SweepArea,-0.06,-0.170,-0.119,0.0516
362,115203.4,117,SweepArea,-0.22,-0.119,-0.130,-0.0107
362,115210.2,117,SweepArea,-0.32,-0.130,-0.179,-0.0499
363,115255.4,135,Patrol,-0.80,-0.765,-0.773,-0.0082
363,115291.0,144,Patrol,0.05,-0.024,0.004,0.0286
363,115336.1,126,Patrol,-1.05,-0.568,-0.710,-0.1419
363,115373.7,144,Patrol,-0.18,0.004,-0.046,-0.0505
363,115387.3,114,SweepArea,-0.29,-0.136,-0.167,-0.0312
363,115403.9,114,SweepArea,-0.16,-0.167,-0.155,0.0123
363,115420.7,114,SweepArea,-0.32,-0.155,-0.193,-0.0375
363,115436.6,114,SweepArea,-0.11,-0.193,-0.116,0.0762
363,115449.1,128,AmbushHotChoke,0.01,0.387,0.289,-0.0980
363,115463.4,114,SweepArea,-0.29,-0.116,-0.156,-0.0401
363,115483.1,114,SweepArea,-0.05,-0.156,-0.092,0.0645
363,115497.0,128,AmbushHotChoke,-0.03,0.289,0.208,-0.0813
363,115510.6,114,SweepArea,-0.29,-0.092,-0.136,-0.0446
363,115527.4,114,SweepArea,-0.32,-0.136,-0.180,-0.0430
363,115544.6,114,SweepArea,-0.17,-0.180,-0.165,0.0141
363,115561.0,114,SweepArea,-0.41,-0.165,-0.228,-0.0627
363,115577.3,114,SweepArea,-0.36,-0.228,-0.256,-0.0275
363,115592.4,114,HeatSweep,-0.65,-0.239,-0.334,-0.0952
363,115601.9,128,AmbushHotChoke,-0.24,0.208,0.090,-0.1173
363,115641.1,144,Patrol,0.00,-0.046,-0.028,0.0186
363,115654.1,108,SweepArea,-0.28,-0.442,-0.379,0.0629
363,115699.3,108,Patrol,-0.95,-3.938,-3.039,0.8985
363,115745.4,126,Patrol,-0.78,-0.710,-0.730,-0.0199
363,115790.5,127,Patrol,-0.80,-0.356,-0.487,-0.1312
363,115804.4,131,SweepArea,0.01,-0.244,-0.155,0.0888
363,115813.4,131,SweepArea,-0.24,-0.155,-0.165,-0.0093
363,115822.2,131,SweepArea,-0.24,-0.165,-0.171,-0.0058
363,115830.6,131,SweepArea,-0.18,-0.171,-0.158,0.0123
363,115839.3,131,SweepArea,-0.28,-0.158,-0.180,-0.0215
363,115848.1,131,SweepArea,-0.54,-0.180,-0.271,-0.0916
363,115863.3,131,AmbushHotChoke,-0.51,-0.261,-0.325,-0.0638
363,115880.0,131,SweepArea,-0.16,-0.271,-0.227,0.0445
363,115886.7,115,AmbushHotChoke,-0.02,-0.804,-0.550,0.2534
363,115890.7,115,AmbushHotChoke,-0.19,-0.550,-0.423,0.1275
363,115893.4,115,AmbushHotChoke,-0.18,-0.423,-0.328,0.0947
363,115896.3,115,AmbushHotChoke,-0.28,-0.328,-0.293,0.0355
363,115899.0,115,AmbushHotChoke,-0.38,-0.293,-0.297,-0.0045
363,115902.6,115,AmbushHotChoke,-0.49,-0.297,-0.334,-0.0364
363,115905.6,115,AmbushHotChoke,-1.18,-0.334,-0.567,-0.2335
363,115909.2,115,AmbushHotChoke,-1.44,-0.567,-0.808,-0.2407
363,115911.7,115,AmbushHotChoke,-1.68,-0.808,-1.047,-0.2391
363,115956.8,115,Patrol,-0.80,-0.826,-0.817,0.0089
364,116002.0,145,Patrol,-0.80,-0.526,-0.606,-0.0798
364,116031.0,126,Patrol,0.11,-0.730,-0.471,0.2589
364,116075.7,126,Patrol,0.05,-0.471,-0.311,0.1601
364,116115.0,144,Patrol,-0.15,-0.028,-0.061,-0.0328
364,116160.1,126,Patrol,-1.08,-0.311,-0.538,-0.2267
364,116160.5,144,HideSpotCheck,-0.50,-1.315,-1.042,0.2738
364,116205.6,144,Patrol,-0.95,-0.061,-0.325,-0.2643
364,116249.0,144,Patrol,-0.08,-0.325,-0.248,0.0768
364,116262.3,108,SweepArea,-0.28,-0.379,-0.336,0.0429
364,116279.0,108,SweepArea,-0.16,-0.336,-0.272,0.0638
364,116295.4,108,SweepArea,-0.31,-0.272,-0.272,0.0002
364,116340.5,126,Patrol,-0.80,-0.538,-0.614,-0.0762
364,116385.6,144,Patrol,-0.87,-0.248,-0.431,-0.1832
364,116430.7,127,Patrol,-0.95,-0.487,-0.624,-0.1371
364,116475.8,127,Patrol,-0.91,-0.624,-0.708,-0.0841
364,116487.7,145,SweepArea,-0.08,-1.351,-0.968,0.3828
364,116497.0,109,SweepArea,-0.24,-1.076,-0.823,0.2534
364,116505.6,109,SweepArea,-0.24,-0.823,-0.631,0.1915
364,116534.8,115,Patrol,-0.19,-0.817,-0.623,0.1936
364,116560.0,129,SweepArea,-0.67,-0.291,-0.402,-0.1112
364,116563.8,135,HideSpotCheck,0.36,-1.354,-0.823,0.5307
364,116580.0,63,SweepArea,-0.31,0.014,-0.076,-0.0901
364,116587.3,153,AmbushHotChoke,0.02,-0.302,-0.187,0.1155
364,116601.4,117,SweepArea,-0.29,-0.179,-0.204,-0.0250
364,116609.8,153,AmbushHotChoke,-5.00,-0.187,-1.631,-1.4439
365,116616.5,153,AmbushHotChoke,-0.50,-1.631,-1.278,0.3527
365,116656.5,144,Patrol,0.15,-0.431,-0.255,0.1767
365,116669.6,108,SweepArea,-0.28,-0.272,-0.260,0.0118
365,116684.4,108,SweepArea,10.00,-0.260,2.818,3.0788
366,116694.7,108,SweepArea,-0.60,2.818,1.801,-1.0177
366,116739.8,144,Patrol,-0.80,-0.255,-0.415,-0.1609
366,116784.9,144,Patrol,-0.82,-0.415,-0.534,-0.1189
366,116827.6,144,Patrol,-0.07,-0.534,-0.334,0.1998
366,116840.9,108,SweepArea,-0.28,1.801,1.449,-0.3514
366,116857.5,108,SweepArea,-0.17,1.449,1.151,-0.2983
366,116873.6,108,SweepArea,-0.16,1.151,0.909,-0.2421
366,116890.3,108,SweepArea,-0.42,0.909,0.626,-0.2825
366,116906.3,108,SweepArea,-0.36,0.626,0.414,-0.2126
366,116920.6,108,SweepArea,0.58,0.414,0.476,0.0628
366,116920.9,108,SweepArea,-1.64,0.476,-0.152,-0.6283
366,116924.6,60,InvestigateLastHeard,-0.02,0.050,0.041,-0.0085
366,116926.9,60,InvestigateLastHeard,-0.02,0.041,0.048,0.0067
366,116942.7,108,SweepArea,-0.31,-0.152,-0.186,-0.0343
366,116958.9,108,SweepArea,-0.31,-0.186,-0.212,-0.0258
366,116975.1,108,SweepArea,-0.16,-0.212,-0.184,0.0283
366,116991.2,108,SweepArea,-0.41,-0.184,-0.239,-0.0558
366,117007.6,108,SweepArea,-0.36,-0.239,-0.265,-0.0253
366,117024.1,108,SweepArea,-0.46,-0.265,-0.312,-0.0478
366,117040.4,108,SweepArea,-1.16,-0.312,-0.556,-0.2431
366,117056.4,108,SweepArea,-1.41,-0.556,-0.799,-0.2432
366,117072.5,108,SweepArea,-1.81,-0.799,-1.090,-0.2912
366,117088.6,108,SweepArea,-1.91,-1.090,-1.324,-0.2336
366,117104.5,108,SweepArea,-2.31,-1.324,-1.607,-0.2833
366,117120.6,108,SweepArea,-2.41,-1.607,-1.835,-0.2284
366,117145.7,108,SweepArea,-3.21,-1.835,-2.239,-0.4042
366,117160.0,114,SweepArea,-3.04,-0.256,-1.079,-0.8230
366,117205.2,114,Patrol,-0.80,-0.257,-0.418,-0.1608
366,117220.3,128,AmbushHotChoke,-0.49,0.090,-0.070,-0.1599
366,117261.1,144,Patrol,-0.01,-0.334,-0.235,0.0998
366,117300.3,145,Patrol,-0.12,-0.606,-0.456,0.1497
366,117304.6,129,SweepArea,-0.19,-0.402,-0.318,0.0845
366,117309.3,129,SweepArea,-0.05,-0.318,-0.214,0.1033
366,117313.8,129,SweepArea,-0.19,-0.214,-0.186,0.0279
366,117318.0,129,SweepArea,-0.29,-0.186,-0.196,-0.0096
366,117322.6,129,SweepArea,-0.40,-0.196,-0.234,-0.0381
366,117327.5,129,SweepArea,-0.50,-0.234,-0.292,-0.0579
366,117352.5,129,SweepArea,-1.60,-0.292,-0.680,-0.3884
366,117383.8,145,Patrol,0.09,-0.456,-0.288,0.1686
366,117399.1,129,AmbushHotChoke,-0.58,-0.614,-0.597,0.0162
366,117403.1,145,AmbushHotChoke,-0.19,-1.026,-0.762,0.2632
366,117442.3,145,Patrol,0.00,-0.288,-0.197,0.0906
367,117487.3,115,Patrol,-0.80,-0.623,-0.673,-0.0503
367,117526.8,144,Patrol,0.15,-0.235,-0.115,0.1199
367,117539.4,108,HideSpotCheck,0.12,-1.868,-1.256,0.6120
367,117553.6,108,HideSpotCheck,10.00,-1.256,2.121,3.3770
368,117554.5,108,HideSpotCheck,-0.50,2.121,1.346,-0.7752
368,117569.6,56,HeatSweep,-0.50,0.082,-0.080,-0.1612
368,117613.7,144,Patrol,-0.04,-0.115,-0.051,0.0641
368,117627.1,108,HideSpotCheck,0.12,1.346,0.992,-0.3540
368,117672.4,144,Patrol,-0.80,-0.051,-0.273,-0.2228
368,117712.4,144,Patrol,0.00,-0.273,-0.188,0.0858
368,117757.4,126,Patrol,-0.89,-0.614,-0.668,-0.0538
368,117768.8,108,HideSpotCheck,0.14,0.992,0.901,-0.0911
368,117779.2,108,HideSpotCheck,0.30,0.901,0.879,-0.0217
368,117790.1,108,HideSpotCheck,0.14,0.879,0.809,-0.0701
368,117800.7,108,HideSpotCheck,0.20,0.809,0.767,-0.0417
368,117811.5,108,HideSpotCheck,-0.06,0.767,0.652,-0.1152
368,117822.0,108,HideSpotCheck,-0.16,0.652,0.427,-0.2250
368,117867.3,126,Patrol,-0.75,-0.668,-0.690,-0.0221
368,117904.0,144,Patrol,0.04,-0.188,-0.100,0.0879
368,117917.0,108,HideSpotCheck,0.12,0.427,0.401,-0.0260
368,117917.4,108,HideSpotCheck,1.00,0.401,0.606,0.2050
368,117917.8,108,HideSpotCheck,-0.45,0.606,0.309,-0.2969
368,117920.3,56,InvestigateLastHeard,-0.18,0.021,-0.013,-0.0347
368,117931.1,54,HideSpotCheck,0.14,0.092,0.117,0.0252
368,117943.4,110,HeatSweep,0.05,0.031,0.048,0.0174
368,117957.9,128,AmbushHotChoke,-0.13,-0.070,-0.078,-0.0084
368,117960.5,128,AmbushHotChoke,-0.18,-0.078,-0.089,-0.0109
368,117963.0,128,AmbushHotChoke,-0.18,-0.089,-0.096,-0.0074
368,117967.3,128,AmbushHotChoke,-0.29,-0.096,-0.138,-0.0419
368,117970.0,128,AmbushHotChoke,-0.38,-0.138,-0.192,-0.0532
368,117973.4,128,AmbushHotChoke,-0.48,-0.192,-0.261,-0.0699
368,117988.4,128,AmbushHotChoke,-1.65,-0.261,-0.668,-0.4068
368,118006.0,128,SweepArea,-0.03,-0.633,-0.439,0.1940
368,118034.8,126,Patrol,0.11,-0.690,-0.443,0.2475
368,118079.9,126,Patrol,-0.91,-0.443,-0.580,-0.1378
368,118118.9,126,Patrol,-0.10,-0.580,-0.432,0.1484
368,118164.2,126,Patrol,-0.90,-0.432,-0.570,-0.1382
368,118209.3,144,Patrol,-1.13,-0.100,-0.407,-0.3071
368,118233.8,145,Patrol,0.46,-0.197,0.006,0.2033
368,118238.3,145,Patrol,-1.52,0.006,-0.446,-0.4522
368,118243.5,69,InvestigateLastHeard,0.14,0.080,0.113,0.0335
368,118286.8,127,Patrol,-0.33,-0.708,-0.595,0.1130
368,118301.1,147,HeatSweep,-0.05,-0.335,-0.240,0.0953
368,118326.3,137,SweepArea,-0.60,-0.199,-0.316,-0.1166
369,118371.4,145,Patrol,-0.80,-0.446,-0.550,-0.1036
369,118416.4,144,Patrol,-0.69,-0.407,-0.489,-0.0817
369,118461.4,126,Patrol,-1.05,-0.570,-0.711,-0.1410
369,118506.6,126,Patrol,-0.85,-0.711,-0.751,-0.0393
369,118543.0,144,Patrol,-0.56,-0.489,-0.507,-0.0180
369,118588.2,126,Patrol,-1.80,-0.751,-1.063,-0.3127
369,118633.3,144,Patrol,-2.07,-0.507,-0.972,-0.4652
369,118676.3,144,Patrol,-1.58,-0.972,-1.143,-0.1712
369,118679.1,108,HideSpotCheck,10.00,0.309,3.216,2.9073
370,118691.3,108,HideSpotCheck,-0.50,3.216,2.115,-1.1013
370,118691.6,144,HideSpotCheck,-0.50,-1.042,-0.850,0.1916
370,118692.0,144,HideSpotCheck,-0.50,-0.850,-0.716,0.1340
370,118692.3,144,HideSpotCheck,-0.60,-0.716,-0.652,0.0640
370,118692.6,144,HideSpotCheck,-0.70,-0.652,-0.637,0.0148
370,118692.9,144,HideSpotCheck,-0.80,-0.637,-0.657,-0.0197
370,118693.2,144,HideSpotCheck,-1.50,-0.657,-0.881,-0.2238
370,118693.5,144,HideSpotCheck,-1.60,-0.881,-1.067,-0.1867
370,118708.6,144,HideSpotCheck,-2.15,-1.067,-1.101,-0.0341
370,118719.4,108,HideSpotCheck,-1.61,2.115,1.364,-0.7507
370,118730.2,108,HideSpotCheck,-1.86,1.364,0.415,-0.9499
370,118741.0,126,HideSpotCheck,-2.11,-0.793,-1.170,-0.3774
370,118744.5,126,SweepArea,1.00,-0.993,-0.375,0.6180
370,118745.5,126,SweepArea,10.00,-0.375,2.739,3.1133
371,118745.5,126,SweepArea,-0.40,2.739,1.820,-0.9189
371,118760.6,114,HeatSweep,-0.50,-0.334,-0.370,-0.0363
371,118767.7,144,HideSpotCheck,0.36,-1.101,-0.642,0.4590
371,118774.5,144,HideSpotCheck,0.47,-0.642,-0.289,0.3538
371,118781.4,144,HideSpotCheck,0.18,-0.289,0.234,0.5229
371,118790.2,126,SweepArea,-0.24,1.820,1.551,-0.2685
371,118799.1,126,SweepArea,-0.24,1.551,1.308,-0.2431
371,118807.8,126,SweepArea,-0.24,1.308,1.097,-0.2116
371,118816.3,126,SweepArea,-0.18,1.097,0.924,-0.1723
371,118825.1,126,SweepArea,-0.29,0.924,0.738,-0.1867
371,118835.0,126,SweepArea,-0.16,0.738,0.510,-0.2282
371,118836.9,144,HideSpotCheck,0.38,0.234,0.343,0.1089
371,118838.9,144,HideSpotCheck,0.23,0.343,0.402,0.0585
371,118840.8,144,HideSpotCheck,0.23,0.402,0.460,0.0586
371,118842.9,144,HideSpotCheck,0.13,0.460,0.485,0.0244
371,118844.8,144,HideSpotCheck,0.03,0.485,0.481,-0.0037
371,118846.6,144,HideSpotCheck,-0.07,0.481,0.448,-0.0336
371,118848.7,144,HideSpotCheck,-0.77,0.448,0.203,-0.2446
371,118850.6,144,HideSpotCheck,-1.02,0.203,-0.109,-0.3115
371,118852.7,144,HideSpotCheck,-1.27,-0.109,-0.431,-0.3221
371,118854.5,144,HideSpotCheck,-1.52,-0.431,-0.730,-0.2993
371,118856.4,144,HideSpotCheck,-1.77,-0.730,-1.015,-0.2849
371,118858.4,144,HideSpotCheck,-2.02,-1.015,-1.290,-0.2747
371,118900.6,144,Patrol,-0.06,-1.143,-0.805,0.3381
371,118913.5,108,HideSpotCheck,0.12,0.415,0.391,-0.0239
371,118924.3,108,HideSpotCheck,0.30,0.391,0.430,0.0397
371,118938.8,108,SweepArea,-0.30,-2.239,-1.595,0.6447
371,118949.5,108,HideSpotCheck,0.30,0.430,0.465,0.0349
371,118960.3,108,HideSpotCheck,0.14,0.465,0.448,-0.0171
371,118971.2,108,HideSpotCheck,0.30,0.448,0.480,0.0318
371,118982.0,108,HideSpotCheck,0.04,0.480,0.431,-0.0488
371,118992.8,108,HideSpotCheck,0.10,0.431,0.406,-0.0253
371,119004.0,108,HideSpotCheck,-0.16,0.406,0.304,-0.1022
371,119019.0,108,HideSpotCheck,-1.45,0.304,-0.213,-0.5163
371,119027.2,128,AmbushHotChoke,-0.23,-0.668,-0.524,0.1445
371,119036.2,140,HeatSweep,0.13,0.007,0.413,0.4059
371,119038.5,136,HeatSweep,10.00,1.954,4.368,2.4138
372,119051.3,136,HeatSweep,-0.50,4.368,2.921,-1.4472
372,119096.5,144,Patrol,-0.70,-0.805,-0.771,0.0340
372,119104.4,108,HideSpotCheck,0.17,-0.213,-0.079,0.1336
372,119111.8,108,HideSpotCheck,0.18,-0.079,0.010,0.0889
372,119126.8,110,HeatSweep,-0.45,0.048,-0.090,-0.1380
372,119142.0,114,HeatSweep,-0.50,-0.370,-0.400,-0.0296
372,119151.8,128,SweepArea,0.05,-0.439,-0.273,0.1651
372,119197.0,144,Patrol,-0.75,-0.771,-0.763,0.0079
372,119242.1,144,Patrol,-0.79,-0.763,-0.767,-0.0046
372,119252.7,128,SweepArea,-0.26,-0.273,-0.256,0.0175
372,119262.9,128,SweepArea,-0.10,-0.256,-0.196,0.0599
372,119272.1,128,SweepArea,-0.24,-0.196,-0.197,-0.0009
372,119281.2,128,SweepArea,-0.34,-0.197,-0.227,-0.0299
372,119282.3,128,SweepArea,0.79,-0.227,0.099,0.3261
372,119283.9,128,SweepArea,-0.70,0.099,-0.128,-0.2270
372,119287.8,62,InvestigateLastHeard,-0.01,0.046,0.041,-0.0056
372,119290.3,62,InvestigateLastHeard,-0.17,0.041,0.433,0.3925
372,119305.4,116,AmbushHotChoke,-0.50,-0.275,-0.330,-0.0548
372,119320.4,146,HeatSweep,-0.50,-0.156,-0.245,-0.0896
372,119356.2,144,Patrol,-0.26,-0.767,-0.610,0.1576
372,119357.6,146,SweepArea,-0.16,-0.073,-0.073,-0.0007
372,119359.0,146,SweepArea,-0.16,-0.073,-0.074,-0.0008
372,119360.4,146,SweepArea,-0.16,-0.074,-0.074,-0.0002
372,119361.8,146,SweepArea,-0.26,-0.074,-0.105,-0.0302
372,119363.3,146,SweepArea,-0.37,-0.105,-0.156,-0.0516
372,119364.7,146,SweepArea,-0.46,-0.156,-0.222,-0.0657
372,119389.9,146,SweepArea,-1.33,-0.222,-0.545,-0.3232
373,119407.8,146,Patrol,0.22,-0.230,-0.083,0.1473
373,119450.1,144,Patrol,0.01,-0.610,-0.421,0.1890
373,119495.3,144,Patrol,-0.90,-0.421,-0.562,-0.1413
373,119540.3,144,Patrol,-0.89,-0.562,-0.659,-0.0969
373,119551.0,128,SweepArea,0.04,-0.128,-0.059,0.0681
373,119578.3,144,Patrol,0.13,-0.659,-0.418,0.2413
373,119601.1,128,SweepArea,-0.16,-0.059,-0.081,-0.0218
373,119629.9,144,Patrol,-0.19,-0.418,-0.344,0.0737
373,119652.5,128,SweepArea,-0.16,-0.081,-0.095,-0.0140
373,119681.3,144,Patrol,-0.19,-0.344,-0.292,0.0517
373,119704.1,128,SweepArea,-0.16,-0.095,-0.106,-0.0111
373,119734.0,144,Patrol,-0.20,-0.292,-0.260,0.0327
373,119740.5,128,SweepArea,10.00,-0.106,2.926,3.0319
374,119759.0,128,SweepArea,-0.60,2.926,1.876,-1.0495
374,119804.2,144,Patrol,-0.80,-0.260,-0.419,-0.1598
374,119808.0,108,HideSpotCheck,0.21,0.010,0.094,0.0836
374,119809.9,108,HideSpotCheck,0.23,0.094,0.160,0.0667
374,119811.8,108,HideSpotCheck,0.23,0.160,0.225,0.0648
374,119813.9,108,HideSpotCheck,0.13,0.225,0.257,0.0321
374,119815.7,108,HideSpotCheck,0.03,0.257,0.260,0.0024
374,119817.8,108,HideSpotCheck,-0.07,0.260,0.230,-0.0292
374,119819.8,108,HideSpotCheck,-0.77,0.230,-0.007,-0.2377
374,119821.7,108,HideSpotCheck,-1.02,-0.007,-0.285,-0.2782
374,119823.8,108,HideSpotCheck,-1.27,-0.285,-0.556,-0.2702
374,119825.8,108,HideSpotCheck,-1.52,-0.556,-0.820,-0.2639
374,119827.8,108,HideSpotCheck,-1.77,-0.820,-1.079,-0.2598
374,119829.7,108,HideSpotCheck,-2.02,-1.079,-1.336,-0.2563
374,119831.7,108,HideSpotCheck,-2.27,-1.336,-1.591,-0.2549
374,119833.5,108,HideSpotCheck,-2.52,-1.591,-1.844,-0.2529
374,119875.1,108,Patrol,-0.02,-3.039,-2.129,0.9104
374,119919.9,144,Patrol,0.70,-0.419,-0.080,0.3391
374,119920.3,144,Patrol,-0.84,-0.080,-0.307,-0.2264
374,119925.0,60,InvestigateLastHeard,-0.01,0.048,0.472,0.4237
374,119944.2,128,SweepArea,-0.34,1.876,1.222,-0.6542
374,119989.4,144,Patrol,-0.80,-0.307,-0.452,-0.1457
374,120034.6,144,Patrol,-0.64,-0.452,-0.494,-0.0416
374,120038.6,60,InvestigateLastHeard,-0.01,0.472,0.624,0.1523
374,120059.6,128,SweepArea,-0.06,1.222,0.962,-0.2602
374,120068.7,128,SweepArea,-0.24,0.962,0.782,-0.1795
374,120078.3,128,SweepArea,-0.02,0.782,0.860,0.0778
374,120089.5,116,HeatSweep,0.04,1.729,1.239,-0.4907
374,120132.6,144,Patrol,-0.33,-0.494,-0.417,0.0774
374,120146.3,128,SweepArea,-0.29,0.860,0.643,-0.2169
374,120162.7,128,SweepArea,-0.31,0.643,0.439,-0.2040
374,120178.8,128,SweepArea,0.02,0.439,0.566,0.1273
374,120194.0,134,HeatSweep,-0.50,1.928,1.212,-0.7158
374,120236.5,146,Patrol,-0.13,-0.083,-0.096,-0.0126
374,120281.8,135,Patrol,-0.95,-0.773,-0.825,-0.0523
375,120327.0,145,Patrol,-0.80,-0.550,-0.610,-0.0608
375,120340.5,126,SweepArea,-0.28,0.510,0.348,-0.1617
375,120356.9,126,SweepArea,-0.31,0.348,0.194,-0.1535
375,120373.6,126,SweepArea,-0.32,0.194,0.066,-0.1287
375,120390.2,126,SweepArea,-0.13,0.066,0.020,-0.0454
375,120406.2,108,SweepArea,-0.51,-1.595,-1.257,0.3375
375,120422.3,108,SweepArea,-0.61,-1.257,-1.050,0.2069
375,120438.5,126,SweepArea,-1.31,0.020,-0.367,-0.3869
375,120445.6,126,SweepArea,10.00,-0.367,2.743,3.1100
376,120463.7,126,SweepArea,-0.60,2.743,1.748,-0.9952
376,120495.6,144,Patrol,0.08,-0.417,-0.166,0.2511
376,120517.9,126,SweepArea,-0.20,1.748,1.330,-0.4184
376,120526.5,126,SweepArea,-0.08,1.330,1.162,-0.1678
376,120536.4,126,SweepArea,0.14,1.162,0.872,-0.2900
376,120577.0,144,Patrol,0.10,-0.166,-0.082,0.0839
376,120590.1,108,SweepArea,-0.28,-1.050,-0.805,0.2451
376,120606.5,108,SweepArea,-0.31,-0.805,-0.646,0.1596
376,120622.4,108,SweepArea,-0.16,-0.646,-0.487,0.1589
376,120638.6,108,SweepArea,-0.26,-0.487,-0.417,0.0698
376,120655.1,109,SweepArea,-0.51,-0.631,-0.587,0.0446
377,120700.2,127,Patrol,-0.80,-0.595,-0.631,-0.0361
377,120710.1,126,SweepArea,0.26,0.872,0.706,-0.1655
377,120755.3,144,Patrol,-0.93,-0.082,-0.334,-0.2522
377,120797.9,144,Patrol,0.08,-0.334,-0.206,0.1281
377,120801.5,108,SweepArea,10.00,-0.417,2.708,3.1252
378,120823.0,108,SweepArea,-0.60,2.708,1.774,-0.9346
378,120848.0,126,SweepArea,-0.38,0.706,0.387,-0.3194
378,120860.4,114,HeatSweep,0.03,-0.400,-0.256,0.1438
378,120894.9,144,Patrol,0.03,-0.206,-0.130,0.0762
378,120907.4,114,HeatSweep,-0.28,-0.256,-0.246,0.0099
378,120942.1,144,Patrol,0.03,-0.130,-0.077,0.0524
378,120954.3,114,HeatSweep,-0.27,-0.246,-0.238,0.0081
378,120989.4,144,Patrol,0.03,-0.077,-0.041,0.0363
378,121002.0,114,HeatSweep,-0.28,-0.238,-0.234,0.0043
378,121037.1,144,Patrol,0.03,-0.041,-0.015,0.0263
378,121040.4,114,HeatSweep,10.00,-0.234,2.836,3.0702
379,121044.8,114,HeatSweep,0.07,2.836,2.022,-0.8142
379,121053.2,90,SweepArea,-0.23,0.042,-0.022,-0.0633
379,121083.3,144,Patrol,0.10,-0.015,0.044,0.0590
379,121105.8,126,SweepArea,-0.16,0.387,0.233,-0.1545
379,121134.8,144,Patrol,-0.19,0.044,-0.010,-0.0544
379,121157.4,126,SweepArea,-0.38,0.233,0.072,-0.1605
379,121166.2,126,SweepArea,-0.24,0.072,-0.002,-0.0745
379,121191.3,126,SweepArea,-0.50,-0.002,-0.142,-0.1397
379,121195.6,126,SweepArea,-0.29,-0.142,-0.164,-0.0215
379,121200.4,126,SweepArea,-0.40,-0.164,-0.211,-0.0471
379,121205.3,126,SweepArea,-0.35,-0.211,-0.228,-0.0176
379,121210.3,126,SweepArea,-1.20,-0.228,-0.497,-0.2688
379,121215.1,126,SweepArea,-1.45,-0.497,-0.759,-0.2621
379,121240.3,126,SweepArea,-2.25,-0.759,-1.199,-0.4396
379,121267.5,126,Patrol,0.93,-1.063,-0.458,0.6054
379,121272.2,126,Patrol,-0.71,-0.458,-0.408,0.0496
379,121277.4,86,InvestigateLastHeard,0.14,2.160,1.573,-0.5872
379,121290.1,130,HeatSweep,-0.28,-0.077,-0.121,-0.0446
379,121316.7,126,Patrol,0.04,-0.408,-0.216,0.1922
379,121321.9,142,SweepArea,-0.04,0.763,0.696,-0.0669
379,121327.9,142,SweepArea,10.00,0.696,3.487,2.7912
380,121329.1,142,SweepArea,0.08,3.487,2.485,-1.0025
380,121344.2,70,HeatSweep,-0.50,0.098,-0.068,-0.1662
380,121389.4,144,Patrol,-0.80,-0.010,-0.195,-0.1854
380,121405.3,108,SweepArea,-0.31,1.774,1.162,-0.6117
380,121450.3,126,Patrol,-0.74,-0.216,-0.370,-0.1545
380,121489.3,144,Patrol,-0.12,-0.195,-0.168,0.0275
381,121534.3,126,Patrol,-0.80,-0.370,-0.496,-0.1260
381,121579.5,126,Patrol,-0.72,-0.496,-0.561,-0.0648
381,121618.7,144,Patrol,0.06,-0.168,-0.054,0.1138
381,121627.1,108,SweepArea,0.07,1.162,0.852,-0.3096
381,121672.1,144,Patrol,-0.95,-0.054,-0.320,-0.2659
381,121713.4,144,Patrol,-0.05,-0.320,-0.207,0.1128
381,121726.8,108,SweepArea,-0.28,0.852,0.640,-0.2121
381,121743.4,108,SweepArea,-0.16,0.640,0.481,-0.1593
381,121759.1,108,SweepArea,-0.01,0.481,0.348,-0.1332
381,121804.3,126,Patrol,-0.86,-0.561,-0.639,-0.0780
381,121819.7,108,SweepArea,-0.30,0.348,0.199,-0.1484
381,121835.8,108,SweepArea,-0.16,0.199,0.118,-0.0815
381,121851.8,108,SweepArea,-0.16,0.118,0.050,-0.0680
381,121867.9,108,SweepArea,-0.26,0.050,-0.030,-0.0803
381,121877.9,108,SweepArea,-0.45,-0.030,-0.147,-0.1169
381,121923.1,145,Patrol,-0.95,-0.610,-0.711,-0.1008
381,121923.4,145,HideSpotCheck,-0.50,-1.377,-1.099,0.2783
381,121963.7,145,Patrol,-0.30,-0.711,-0.586,0.1250
381,122008.8,127,Patrol,-0.95,-0.631,-0.726,-0.0944
381,122053.9,145,Patrol,-0.61,-0.586,-0.591,-0.0046
381,122082.3,127,Patrol,0.02,-0.726,-0.499,0.2262
381,122126.2,145,Patrol,-0.54,-0.591,-0.573,0.0178
382,122171.2,127,Patrol,-0.80,-0.499,-0.587,-0.0873
382,122177.7,144,SweepArea,-0.05,-1.256,-0.873,0.3831
382,122212.0,144,Patrol,0.97,-0.207,0.149,0.3566
382,122212.4,144,Patrol,-0.79,0.149,-0.123,-0.2721
382,122217.4,74,InvestigateLastHeard,0.14,0.171,0.629,0.4576
382,122226.5,114,HeatSweep,-0.24,2.022,1.450,-0.5723
382,122231.7,128,SweepArea,-0.04,0.566,0.514,-0.0524
382,122238.4,128,SweepArea,-0.22,0.514,0.316,-0.1981
382,122283.5,126,Patrol,-0.86,-0.639,-0.702,-0.0627
382,122296.7,108,SweepArea,-0.28,-0.147,-0.173,-0.0260
382,122297.3,108,SweepArea,10.00,-0.173,2.879,3.0520
383,122321.7,108,SweepArea,-0.60,2.879,1.843,-1.0354
384,122355.1,144,Patrol,0.07,-0.123,-0.061,0.0620
384,122399.8,144,Patrol,0.12,-0.061,-0.004,0.0566
385,122444.9,126,Patrol,-0.80,-0.702,-0.729,-0.0269
385,122486.9,144,Patrol,0.73,-0.004,0.219,0.2234
386,122487.5,144,Patrol,-0.78,0.219,-0.069,-0.2878
386,122532.7,128,Patrol,-0.80,-0.690,-0.720,-0.0309
386,122572.7,144,Patrol,-0.10,-0.069,-0.074,-0.0054
386,122573.8,126,Patrol,0.79,-0.729,-0.249,0.4804
387,122574.7,126,Patrol,-0.37,-0.249,-0.200,0.0485
387,122598.7,128,SweepArea,-0.39,0.316,0.113,-0.2031
387,122637.2,126,Patrol,0.72,-0.200,0.079,0.2793
388,122638.4,126,Patrol,-0.75,0.079,-0.164,-0.2432
388,122663.6,128,SweepArea,-0.60,0.113,-0.093,-0.2064
388,122708.7,144,Patrol,-0.65,-0.074,-0.243,-0.1693
388,122719.8,144,Patrol,1.04,-0.243,0.156,0.3991
389,122720.6,144,Patrol,-0.47,0.156,0.165,0.0092
389,122735.8,134,AmbushHotChoke,-0.50,-0.196,-0.265,-0.0692
389,122764.6,144,Patrol,0.86,0.165,0.380,0.2152
389,122769.5,144,Patrol,-0.78,0.380,0.117,-0.2635
389,122774.8,86,InvestigateLastHeard,0.14,1.573,1.811,0.2386
389,122783.9,136,HeatSweep,0.06,2.921,2.080,-0.8410
389,122784.2,154,HideSpotCheck,-0.50,0.081,-0.066,-0.1468
389,122800.6,154,SweepArea,-0.12,0.078,0.048,-0.0299
389,122815.8,122,HeatSweep,-0.50,0.236,0.300,0.0644
389,122824.1,136,HeatSweep,0.07,2.080,1.495,-0.5852
389,122852.7,146,Patrol,0.01,-0.096,-0.058,0.0378
389,122862.0,130,HeatSweep,-0.24,-0.121,-0.140,-0.0187
389,122890.0,146,Patrol,0.01,-0.058,-0.030,0.0281
389,122899.3,130,HeatSweep,-0.24,-0.140,-0.153,-0.0132
389,122927.1,146,Patrol,0.02,-0.030,-0.010,0.0201
389,122934.0,131,SweepArea,0.08,-0.227,-0.117,0.1100
389,122957.1,131,SweepArea,-0.06,-0.117,-0.092,0.0246
389,122966.2,131,SweepArea,-0.24,-0.092,-0.121,-0.0285
389,122974.4,131,SweepArea,-0.18,-0.121,-0.122,-0.0014
389,122983.0,131,SweepArea,-0.44,-0.122,-0.200,-0.0780
389,122993.1,131,HideSpotCheck,0.30,-0.690,-0.377,0.3131
389,123018.3,131,SweepArea,-0.41,-0.200,-0.257,-0.0567
389,123061.2,153,Patrol,-0.33,-0.373,-0.358,0.0155
389,123064.4,123,AmbushHotChoke,-0.18,-0.257,-0.216,0.0404
389,123077.4,123,SweepArea,-0.28,-1.059,-0.811,0.2482
389,123093.9,117,SweepArea,-0.32,-0.204,-0.226,-0.0212
389,123138.9,117,Patrol,-0.95,-0.246,-0.457,-0.2110
389,123150.2,147,HeatSweep,0.05,-0.240,-0.142,0.0974
390,123195.5,153,Patrol,-0.80,-0.358,-0.488,-0.1298
390,123235.5,144,Patrol,0.01,0.117,0.089,-0.0278
390,123266.2,144,Patrol,-0.01,0.089,0.066,-0.0226
390,123310.9,126,Patrol,-0.15,-0.164,-0.157,0.0068
390,123350.4,126,Patrol,-0.29,-0.157,-0.193,-0.0359
391,123395.4,144,Patrol,-0.80,0.066,-0.191,-0.2571
391,123437.6,144,Patrol,-0.02,-0.191,-0.137,0.0542
391,123440.3,144,Patrol,0.89,-0.137,0.192,0.3290
392,123441.1,144,Patrol,-0.39,0.192,0.382,0.1896
392,123445.5,114,HeatSweep,0.11,1.450,1.070,-0.3796
392,123490.7,126,Patrol,-0.88,-0.193,-0.381,-0.1883
392,123496.2,74,InvestigateLastHeard,0.14,0.629,0.755,0.1263
392,123507.5,134,HeatSweep,0.04,1.212,0.876,-0.3363
392,123535.5,146,Patrol,0.01,-0.010,0.003,0.0123
392,123541.3,128,SweepArea,-0.05,-0.093,-0.065,0.0288
392,123548.5,128,SweepArea,-0.22,-0.065,-0.097,-0.0328
392,123573.5,128,SweepArea,-0.60,-0.097,-0.216,-0.1191
392,123618.6,144,Patrol,-0.80,0.382,0.029,-0.3527
392,123626.5,128,SweepArea,-0.07,-0.216,-0.152,0.0642
392,123671.8,144,Patrol,-0.76,0.029,-0.205,-0.2337
392,123709.3,144,Patrol,0.01,-0.205,-0.102,0.1025
392,123724.5,134,HeatSweep,-0.50,0.876,0.472,-0.4034
392,123742.7,128,SweepArea,-0.16,-0.152,-0.147,0.0050
392,123758.9,128,SweepArea,-0.16,-0.147,-0.142,0.0057
392,123775.1,128,SweepArea,-0.31,-0.142,-0.183,-0.0416
392,123790.9,128,SweepArea,-0.23,-0.183,-0.134,0.0491
392,123805.9,134,HeatSweep,-0.61,0.472,0.214,-0.2581
392,123817.9,134,HeatSweep,0.03,0.214,0.170,-0.0436
392,123834.4,128,SweepArea,-0.31,-0.134,-0.166,-0.0321
392,123849.4,134,HeatSweep,-0.58,0.170,-0.031,-0.2012
392,123857.9,134,HeatSweep,-0.23,-0.031,-0.078,-0.0473
392,123868.4,128,SweepArea,0.04,-0.166,-0.091,0.0757
392,123872.3,128,SweepArea,10.00,-0.091,2.937,3.0272
393,123893.5,128,SweepArea,-0.60,2.937,1.883,-1.0533
393,123938.8,126,Patrol,-0.74,-0.381,-0.485,-0.1036
393,123983.8,144,Patrol,-0.95,-0.102,-0.354,-0.2517
393,124026.7,144,Patrol,-0.07,-0.354,-0.209,0.1450
393,124040.0,108,SweepArea,-0.28,1.843,1.486,-0.3573
393,124051.0,108,HideSpotCheck,0.29,-1.844,-0.948,0.8953
393,124066.6,108,SweepArea,-0.31,1.486,1.148,-0.3379
393,124075.3,108,SweepArea,0.06,1.148,0.842,-0.3064
393,124094.9,144,Patrol,1.01,-0.209,0.165,0.3738
393,124096.0,144,Patrol,-0.67,0.165,-0.075,-0.2397
393,124101.1,76,InvestigateLastHeard,-0.01,0.109,0.206,0.0969
393,124146.1,120,Patrol,-0.80,0.574,0.164,-0.4098
393,124163.3,131,SweepArea,-0.17,-0.257,-0.221,0.0361
393,124208.4,115,Patrol,-0.95,-0.673,-0.755,-0.0818
394,124253.7,145,Patrol,-0.80,-0.573,-0.639,-0.0659
394,124297.6,126,Patrol,-0.04,-0.485,-0.348,0.1369
394,124342.6,126,Patrol,-0.90,-0.348,-0.511,-0.1626
394,124387.6,144,Patrol,-0.89,-0.075,-0.315,-0.2408
394,124416.1,126,Patrol,-0.49,-0.511,-0.496,0.0145
394,124421.3,144,SweepArea,-0.20,-0.873,-0.649,0.2238
394,124464.1,144,Patrol,-0.03,-0.315,-0.226,0.0896
394,124508.7,144,Patrol,0.03,-0.226,-0.147,0.0792
394,124511.1,80,InvestigateLastHeard,-0.17,0.035,-0.009,-0.0444
394,124524.3,134,HeatSweep,0.02,-0.078,0.236,0.3143
394,124538.7,128,SweepArea,0.01,1.883,1.334,-0.5494
394,124567.9,146,Patrol,0.11,0.003,0.124,0.1212
394,124591.0,128,SweepArea,-0.16,1.334,0.896,-0.4378
394,124620.4,146,Patrol,-0.19,0.124,0.088,-0.0352
394,124642.9,128,SweepArea,-0.16,0.896,0.589,-0.3074
394,124672.1,146,Patrol,-0.19,0.088,0.044,-0.0445
394,124695.5,128,SweepArea,-0.22,0.589,0.401,-0.1881
394,124704.4,128,SweepArea,-0.09,0.401,0.331,-0.0701
394,124713.4,128,SweepArea,-0.09,0.331,0.268,-0.0631
394,124721.9,128,SweepArea,-0.34,0.268,0.138,-0.1292
394,124730.5,128,SweepArea,-0.28,0.138,0.038,-0.1002
394,124739.4,128,SweepArea,-0.39,0.038,-0.072,-0.1102
394,124748.1,129,AmbushHotChoke,0.11,-0.597,-0.380,0.2170
394,124752.5,135,HideSpotCheck,0.40,-0.823,-0.449,0.3742
394,124754.5,135,HideSpotCheck,0.23,-0.449,-0.237,0.2118
394,124756.5,135,HideSpotCheck,0.23,-0.237,-0.088,0.1487
394,124758.5,135,HideSpotCheck,0.13,-0.088,-0.014,0.0738
394,124760.6,135,HideSpotCheck,0.03,-0.014,0.007,0.0213
394,124762.4,135,HideSpotCheck,-0.07,0.007,-0.007,-0.0141
394,124764.4,135,HideSpotCheck,-0.77,-0.007,-0.228,-0.2205
394,124766.4,135,HideSpotCheck,-1.02,-0.228,-0.457,-0.2294
394,124768.3,135,HideSpotCheck,-1.27,-0.457,-0.692,-0.2348
394,124770.3,135,HideSpotCheck,-1.52,-0.692,-0.932,-0.2400
394,124811.6,135,Patrol,-0.31,-0.825,-0.670,0.1546
394,124856.7,135,Patrol,-0.95,-0.670,-0.753,-0.0824
394,124901.8,145,Patrol,-0.89,-0.639,-0.712,-0.0729
395,124946.9,145,Patrol,-0.80,-0.712,-0.736,-0.0240
395,124990.9,126,Patrol,0.10,-0.496,-0.291,0.2049
395,125004.8,108,SweepArea,-0.29,0.842,0.626,-0.2153
395,125012.2,108,SweepArea,10.00,0.626,3.439,2.8122
396,125030.0,108,SweepArea,-0.60,3.439,2.234,-1.2042
396,125070.0,144,Patrol,0.21,-0.147,0.047,0.1939
396,125081.5,108,SweepArea,0.04,2.234,1.591,-0.6431
396,125081.8,144,HideSpotCheck,-0.50,-1.290,-1.024,0.2661
397,125127.0,144,Patrol,-0.80,0.047,-0.205,-0.2518
397,125172.2,126,Patrol,-0.80,-0.291,-0.442,-0.1504
397,125217.2,144,Patrol,-0.96,-0.205,-0.428,-0.2234
397,125260.4,144,Patrol,-0.37,-0.428,-0.407,0.0209
397,125305.7,126,Patrol,-1.25,-0.442,-0.682,-0.2402
397,125308.0,144,Patrol,0.10,-0.407,-0.231,0.1761
397,125308.9,144,Patrol,-1.75,-0.231,-0.668,-0.4371
397,125315.5,90,SweepArea,0.10,-0.022,0.242,0.2635
397,125325.2,114,HeatSweep,0.05,1.070,0.783,-0.2868
397,125337.0,144,SweepArea,-0.07,-0.649,-0.348,0.3007
397,125346.8,114,HeatSweep,-0.25,0.783,0.492,-0.2912
397,125358.1,144,SweepArea,-0.06,-0.348,-0.178,0.1701
397,125367.6,114,HeatSweep,-0.25,0.492,0.289,-0.2030
397,125379.4,144,SweepArea,-0.06,-0.178,-0.096,0.0820
397,125388.9,114,HeatSweep,-0.25,0.289,0.138,-0.1508
397,125431.4,145,Patrol,-0.02,-0.736,-0.521,0.2151
397,125470.5,145,Patrol,0.01,-0.521,-0.359,0.1617
397,125515.6,127,Patrol,-0.92,-0.587,-0.684,-0.0970
397,125560.7,145,Patrol,-0.90,-0.359,-0.520,-0.1610
397,125589.4,145,Patrol,-0.07,-0.520,-0.383,0.1371
398,125617.2,145,Patrol,0.12,-0.383,-0.224,0.1587
398,125662.5,126,Patrol,-0.80,-0.682,-0.715,-0.0334
398,125664.0,144,SweepArea,0.00,-0.096,-0.040,0.0558
398,125665.4,144,SweepArea,-0.16,-0.040,-0.049,-0.0093
398,125667.0,144,SweepArea,-0.17,-0.049,-0.057,-0.0078
398,125668.6,144,SweepArea,-0.27,-0.057,-0.093,-0.0356
398,125670.1,144,SweepArea,-0.36,-0.093,-0.147,-0.0542
398,125671.5,144,SweepArea,-0.46,-0.147,-0.214,-0.0674
398,125673.0,144,SweepArea,-1.17,-0.214,-0.472,-0.2578
398,125674.6,144,SweepArea,-1.42,-0.472,-0.728,-0.2558
398,125719.8,144,Patrol,-0.93,-0.668,-0.744,-0.0764
398,125728.6,144,SweepArea,0.10,-0.728,-0.460,0.2675
398,125744.9,144,SweepArea,0.01,-0.460,-0.305,0.1554
398,125753.9,144,SweepArea,-0.09,-0.305,-0.222,0.0832
398,125763.2,144,SweepArea,-0.34,-0.222,-0.240,-0.0180
398,125772.0,144,SweepArea,-0.44,-0.240,-0.280,-0.0403
398,125780.9,144,SweepArea,-0.39,-0.280,-0.294,-0.0137
398,125790.1,144,SweepArea,-1.24,-0.294,-0.560,-0.2659
398,125819.1,126,Patrol,0.11,-0.715,-0.461,0.2544
398,125864.0,126,Patrol,-0.13,-0.461,-0.359,0.1021
398,125903.1,126,Patrol,-0.14,-0.359,-0.290,0.0687
398,125948.4,127,Patrol,-1.04,-0.684,-0.790,-0.1067
399,125993.4,145,Patrol,-0.80,-0.224,-0.394,-0.1698
399,125994.9,144,SweepArea,-0.17,-0.560,-0.414,0.1458
399,125996.2,144,SweepArea,-0.16,-0.414,-0.311,0.1028
399,125997.7,144,SweepArea,-0.17,-0.311,-0.240,0.0713
399,125999.0,144,SweepArea,-0.26,-0.240,-0.219,0.0208
399,126000.4,144,SweepArea,-0.36,-0.219,-0.235,-0.0158
399,126001.9,144,SweepArea,-0.47,-0.235,-0.276,-0.0416
399,126003.3,144,SweepArea,-1.16,-0.276,-0.515,-0.2387
399,126004.7,144,SweepArea,-1.41,-0.515,-0.757,-0.2420
399,126047.4,144,Patrol,-0.03,-0.744,-0.527,0.2176
399,126055.0,128,SweepArea,-0.05,-0.072,-0.050,0.0224
399,126058.9,128,SweepArea,10.00,-0.050,2.965,3.0150
400,126080.1,128,SweepArea,-0.60,2.965,1.904,-1.0618
400,126094.6,144,Patrol,1.01,-0.527,-0.055,0.4718
400,126095.8,144,Patrol,-0.46,-0.055,-0.138,-0.0826
400,126101.1,66,InvestigateLastHeard,-0.01,0.285,0.227,-0.0576
400,126106.2,114,HeatSweep,0.10,0.138,0.565,0.4270
400,126113.2,128,SweepArea,0.08,1.904,1.377,-0.5263
400,126158.3,144,Patrol,-0.89,-0.138,-0.360,-0.2224
400,126200.0,144,Patrol,-0.02,-0.360,-0.209,0.1512
400,126213.1,128,SweepArea,-0.28,1.377,1.091,-0.2859
400,126229.7,128,SweepArea,-0.32,1.091,0.809,-0.2826
400,126246.5,128,SweepArea,-0.17,0.809,0.618,-0.1905
400,126263.0,128,SweepArea,-0.26,0.618,0.433,-0.1850
400,126279.0,128,SweepArea,-0.36,0.433,0.252,-0.1807
400,126295.5,128,SweepArea,-0.62,0.252,0.025,-0.2278
400,126311.7,128,SweepArea,-1.16,0.025,-0.322,-0.3467
400,126328.0,128,SweepArea,-1.41,-0.322,-0.640,-0.3180
400,126343.0,128,AmbushHotChoke,-0.42,-0.524,-0.479,0.0444
400,126386.6,144,Patrol,-0.34,-0.209,-0.245,-0.0361
400,126400.7,128,AmbushHotChoke,-0.10,-0.479,-0.351,0.1282
400,126445.6,144,Patrol,-0.35,-0.245,-0.274,-0.0291
400,126459.2,128,AmbushHotChoke,-0.09,-0.351,-0.259,0.0919
401,126504.3,144,Patrol,-0.80,-0.274,-0.429,-0.1552
401,126549.5,144,Patrol,-0.95,-0.429,-0.583,-0.1537
401,126590.5,144,Patrol,0.00,-0.583,-0.349,0.2340
401,126603.7,108,SweepArea,-0.28,1.591,1.271,-0.3201
401,126620.1,108,SweepArea,-0.31,1.271,0.960,-0.3110
401,126636.3,108,SweepArea,-0.11,0.960,0.721,-0.2396
401,126638.6,60,InvestigateLastHeard,-0.17,0.624,0.416,-0.2083
401,126640.7,54,HideSpotCheck,0.23,0.117,0.346,0.2287
401,126657.4,108,SweepArea,-0.32,0.721,0.501,-0.2196
401,126673.9,108,SweepArea,-0.16,0.501,0.366,-0.1353
401,126690.7,108,SweepArea,-0.32,0.366,0.207,-0.1588
401,126707.4,108,SweepArea,-0.27,0.207,0.091,-0.1154
401,126724.7,108,SweepArea,-0.37,0.091,-0.036,-0.1276
401,126741.1,108,SweepArea,-0.61,-0.036,-0.198,-0.1616
401,126757.3,108,SweepArea,-1.16,-0.198,-0.474,-0.2764
401,126773.1,108,SweepArea,-1.56,-0.474,-0.787,-0.3126
401,126789.6,108,SweepArea,-1.66,-0.787,-1.038,-0.2511
401,126804.6,108,HideSpotCheck,-0.63,-0.948,-0.839,0.1091
401,126806.9,108,HideSpotCheck,0.23,-0.839,-0.494,0.3449
401,126817.7,108,HideSpotCheck,0.14,-0.494,-0.293,0.2011
401,126818.1,110,AmbushHotChoke,1.10,0.005,0.355,0.3500
401,126818.4,110,AmbushHotChoke,1.00,0.355,0.575,0.2204
401,126821.0,110,AmbushHotChoke,0.97,0.575,0.713,0.1376
401,126821.3,110,AmbushHotChoke,1.01,0.713,0.823,0.1101
401,126821.6,110,AmbushHotChoke,0.76,0.823,0.824,0.0007
401,126822.0,110,AmbushHotChoke,0.66,0.824,0.793,-0.0311
401,126822.3,110,AmbushHotChoke,-0.05,0.793,0.560,-0.2329
401,126822.6,110,AmbushHotChoke,-0.30,0.560,0.320,-0.2392
401,126822.9,110,AmbushHotChoke,-0.55,0.320,0.077,-0.2436
401,126823.2,110,AmbushHotChoke,-0.81,0.077,-0.170,-0.2467
401,126823.5,110,AmbushHotChoke,-1.06,-0.170,-0.419,-0.2489
401,126823.8,110,AmbushHotChoke,-1.31,-0.419,-0.669,-0.2504
401,126824.1,110,AmbushHotChoke,-1.56,-0.669,-0.921,-0.2515
401,126824.5,110,AmbushHotChoke,-1.82,-0.921,-1.173,-0.2523
401,126824.8,110,AmbushHotChoke,-2.07,-1.173,-1.426,-0.2529
401,126825.2,110,AmbushHotChoke,-2.33,-1.426,-1.680,-0.2536
401,126825.5,110,AmbushHotChoke,-2.58,-1.680,-1.933,-0.2537
401,126825.9,110,AmbushHotChoke,-2.83,-1.933,-2.187,-0.2539
401,126826.2,110,AmbushHotChoke,-3.08,-2.187,-2.441,-0.2539
401,126826.5,110,AmbushHotChoke,-3.34,-2.441,-2.695,-0.2538
401,126826.8,110,AmbushHotChoke,-3.39,-2.695,-2.889,-0.1939
401,126827.1,110,AmbushHotChoke,-3.64,-2.889,-3.101,-0.2119
401,126827.4,110,AmbushHotChoke,-3.90,-3.101,-3.325,-0.2245
401,126827.7,110,AmbushHotChoke,-4.15,-3.325,-3.558,-0.2333
401,126828.1,110,AmbushHotChoke,-4.40,-3.558,-3.798,-0.2397
401,126828.4,110,AmbushHotChoke,-4.66,-3.798,-4.042,-0.2440
401,126828.7,110,AmbushHotChoke,-4.91,-4.042,-4.289,-0.2469
401,126829.0,110,AmbushHotChoke,-5.16,-4.289,-4.538,-0.2490
401,126829.3,110,AmbushHotChoke,-5.42,-4.538,-4.788,-0.2504
401,126829.7,110,AmbushHotChoke,-5.67,-4.788,-5.040,-0.2514
401,126830.0,110,AmbushHotChoke,-5.92,-5.040,-5.292,-0.2522
401,126830.3,110,AmbushHotChoke,-6.18,-5.292,-5.545,-0.2527
401,126830.6,110,AmbushHotChoke,-6.43,-5.545,-5.798,-0.2530
401,126830.9,110,AmbushHotChoke,-6.68,-5.798,-6.051,-0.2532
401,126831.3,110,AmbushHotChoke,-6.94,-6.051,-6.305,-0.2536
401,126831.6,110,AmbushHotChoke,-7.19,-6.305,-6.558,-0.2536
401,126831.9,110,AmbushHotChoke,-7.44,-6.558,-6.812,-0.2537
401,126832.2,110,AmbushHotChoke,-7.70,-6.812,-7.066,-0.2537
401,126832.5,110,AmbushHotChoke,-7.95,-7.066,-7.319,-0.2537
401,126832.9,110,AmbushHotChoke,10.00,-7.319,-2.123,5.1958
402,126832.9,110,AmbushHotChoke,-0.30,-2.123,-1.554,0.5693
402,126833.2,120,Patrol,1.20,0.164,0.498,0.3341
402,126833.6,120,Patrol,1.20,0.498,0.731,0.2335
402,126833.9,120,Patrol,1.19,0.731,0.891,0.1599
402,126834.3,120,Patrol,-0.46,0.891,0.552,-0.3396
402,126859.5,90,SweepArea,-0.60,0.242,-0.003,-0.2449
402,126887.9,144,Patrol,0.12,-0.349,-0.203,0.1465
402,126932.9,126,Patrol,-0.80,-0.290,-0.440,-0.1501
402,126971.8,126,Patrol,0.16,-0.440,-0.258,0.1826
402,126984.4,108,HideSpotCheck,0.12,-0.293,-0.153,0.1399
402,126995.3,108,HideSpotCheck,0.30,-0.153,-0.003,0.1507
402,127007.1,108,HideSpotCheck,0.13,-0.003,0.053,0.0558
402,127018.0,108,HideSpotCheck,0.20,0.053,0.112,0.0593
402,127033.8,108,SweepArea,-0.31,-1.038,-0.805,0.2324
402,127078.8,144,Patrol,-0.95,-0.203,-0.424,-0.2213
402,127079.4,144,Patrol,1.01,-0.424,0.030,0.4536
402,127081.5,144,Patrol,-0.20,0.030,-0.014,-0.0438
402,127081.8,80,HideSpotCheck,-0.50,0.027,-0.101,-0.1281
402,127087.8,80,SweepArea,-0.21,0.020,-0.034,-0.0534
402,127102.0,128,AmbushHotChoke,-0.04,-0.259,-0.016,0.2438
402,127116.1,116,HeatSweep,0.01,1.239,0.880,-0.3587
402,127125.3,128,AmbushHotChoke,0.05,-0.016,0.048,0.0639
402,127138.3,134,HeatSweep,-0.28,0.236,0.092,-0.1443
402,127149.2,128,AmbushHotChoke,0.02,0.048,0.055,0.0067
402,127154.5,117,AmbushHotChoke,-0.20,-0.205,-0.183,0.0218
402,127158.3,117,AmbushHotChoke,-0.19,-0.183,-0.161,0.0217
402,127161.6,117,AmbushHotChoke,-0.28,-0.161,-0.174,-0.0128
402,127165.0,117,AmbushHotChoke,-0.38,-0.174,-0.213,-0.0393
402,127168.3,117,AmbushHotChoke,-0.48,-0.213,-0.270,-0.0569
402,127182.5,117,HeatSweep,-0.29,-0.218,-0.227,-0.0089
402,127197.8,129,AmbushHotChoke,-0.51,-0.380,-0.407,-0.0262
402,127210.7,117,SweepArea,-0.28,-0.226,-0.237,-0.0115
402,127255.9,135,Patrol,-0.92,-0.753,-0.802,-0.0488
402,127271.0,147,HeatSweep,-0.49,-0.142,-0.244,-0.1021
402,127274.4,147,HeatSweep,10.00,-0.244,2.829,3.0733
403,127278.4,147,HeatSweep,0.08,2.829,2.018,-0.8112
403,127279.8,90,SweepArea,-0.16,-0.003,-0.023,-0.0205
403,127296.1,144,Patrol,0.99,-0.014,0.297,0.3113
404,127297.0,144,Patrol,-0.52,0.297,0.060,-0.2371
404,127299.9,128,AmbushHotChoke,0.12,0.055,0.094,0.0386
404,127304.1,90,SweepArea,-0.19,-0.023,-0.050,-0.0267
404,127349.2,144,Patrol,-0.80,0.060,-0.195,-0.2551
404,127357.3,108,HideSpotCheck,0.17,0.112,0.152,0.0393
404,127357.7,108,HideSpotCheck,1.00,0.152,0.433,0.2810
404,127358.1,108,HideSpotCheck,-0.46,0.433,0.186,-0.2465
404,127360.7,56,InvestigateLastHeard,-0.02,-0.013,0.075,0.0883
404,127375.9,54,HideSpotCheck,-0.65,0.346,0.072,-0.2734
404,127390.8,108,HideSpotCheck,0.10,0.186,0.174,-0.0127
404,127403.7,128,AmbushHotChoke,0.15,0.094,0.136,0.0425
404,127420.3,108,Patrol,0.98,-2.129,-1.184,0.9446
404,127420.6,108,Patrol,-0.67,-1.184,-1.020,0.1638
404,127439.4,56,SweepArea,-0.04,-0.038,-0.027,0.0115
404,127468.7,144,Patrol,0.11,-0.195,-0.098,0.0972
404,127513.7,144,Patrol,-0.76,-0.098,-0.293,-0.1957
404,127518.0,128,AmbushHotChoke,-0.19,0.136,0.071,-0.0658
404,127522.3,128,AmbushHotChoke,-0.19,0.071,0.008,-0.0623
404,127525.3,128,AmbushHotChoke,-0.18,0.008,-0.030,-0.0384
404,127529.5,128,AmbushHotChoke,-0.29,-0.030,-0.092,-0.0616
404,127533.2,128,AmbushHotChoke,-0.39,-0.092,-0.163,-0.0710
404,127537.4,128,AmbushHotChoke,-0.49,-0.163,-0.244,-0.0817
404,127540.6,128,AmbushHotChoke,-1.18,-0.244,-0.508,-0.2637
404,127543.2,128,AmbushHotChoke,-1.43,-0.508,-0.765,-0.2566
404,127557.4,128,SweepArea,-0.14,-0.640,-0.476,0.1640
404,127585.9,144,Patrol,-0.19,-0.293,-0.254,0.0390
404,127615.5,146,Patrol,0.19,0.044,0.094,0.0498
404,127625.4,134,HeatSweep,-0.25,0.092,0.006,-0.0857
404,127638.3,134,HeatSweep,-0.10,0.006,-0.016,-0.0223
404,127651.4,134,HeatSweep,-0.28,-0.016,-0.085,-0.0687
404,127657.9,128,SweepArea,10.00,-0.476,2.667,3.1428
405,127666.5,128,SweepArea,0.00,2.667,1.880,-0.7867
405,127695.8,126,Patrol,0.11,-0.258,-0.142,0.1160
405,127722.0,126,Patrol,0.30,-0.142,0.137,0.2792
405,127736.8,128,SweepArea,-0.14,1.880,1.287,-0.5935
405,127766.0,144,Patrol,-0.19,-0.254,-0.229,0.0255
405,127811.1,144,Patrol,-0.92,-0.229,-0.397,-0.1679
405,127825.6,128,SweepArea,-0.14,1.287,0.872,-0.4146
405,127835.3,144,HideSpotCheck,0.30,-1.024,-0.607,0.4164
405,127863.8,144,Patrol,-0.19,-0.397,-0.327,0.0702
405,127909.0,144,Patrol,-0.92,-0.327,-0.501,-0.1743
405,127924.0,129,AmbushHotChoke,-0.50,-0.407,-0.422,-0.0153
405,127928.3,129,AmbushHotChoke,-0.19,-0.422,-0.331,0.0910
405,127931.0,129,AmbushHotChoke,-0.18,-0.331,-0.261,0.0701
405,127933.8,129,AmbushHotChoke,-0.28,-0.261,-0.242,0.0190
405,127937.8,129,AmbushHotChoke,-0.39,-0.242,-0.264,-0.0220
405,127942.0,129,AmbushHotChoke,-0.49,-0.264,-0.310,-0.0462
405,127946.3,129,AmbushHotChoke,-1.19,-0.310,-0.552,-0.2424
405,127950.2,129,AmbushHotChoke,-1.44,-0.552,-0.796,-0.2436
406,127995.2,129,Patrol,-0.80,-0.619,-0.669,-0.0502
406,128040.3,126,Patrol,-0.73,0.137,-0.118,-0.2555
406,128079.4,126,Patrol,0.05,-0.118,-0.060,0.0586
406,128092.0,108,HideSpotCheck,0.12,0.174,0.186,0.0121
406,128103.3,108,HideSpotCheck,0.14,0.186,0.188,0.0022
406,128133.9,126,Patrol,0.19,-0.060,0.069,0.1289
406,128139.3,128,SweepArea,-0.05,0.872,0.793,-0.0793
406,128146.1,128,SweepArea,-0.22,0.793,0.658,-0.1352
406,128153.2,128,SweepArea,-0.22,0.658,0.531,-0.1266
406,128160.1,128,SweepArea,-0.17,0.531,0.433,-0.0977
406,128166.6,128,SweepArea,-0.42,0.433,0.272,-0.1614
406,128173.0,128,SweepArea,-0.36,0.272,0.140,-0.1319
406,128179.2,128,SweepArea,-1.21,0.140,-0.235,-0.3752
406,128185.7,128,SweepArea,-1.31,-0.235,-0.544,-0.3084
406,128192.7,128,SweepArea,-1.72,-0.544,-0.882,-0.3380
406,128194.6,128,HideSpotCheck,0.38,-0.648,-0.320,0.3280
406,128196.6,128,HideSpotCheck,0.23,-0.320,-0.136,0.1840
406,128198.6,128,HideSpotCheck,0.23,-0.136,-0.007,0.1289
406,128200.4,128,HideSpotCheck,0.13,-0.007,0.054,0.0610
406,128202.3,128,HideSpotCheck,0.03,0.054,0.066,0.0125
406,128204.1,128,HideSpotCheck,-0.07,0.066,0.045,-0.0212
406,128206.0,128,HideSpotCheck,-0.77,0.045,-0.180,-0.2248
406,128208.0,128,HideSpotCheck,-1.02,-0.180,-0.413,-0.2330
406,128209.8,128,HideSpotCheck,-1.27,-0.413,-0.650,-0.2376
406,128211.8,128,HideSpotCheck,-1.52,-0.650,-0.892,-0.2416
406,128256.8,128,Patrol,-0.76,-0.720,-0.730,-0.0098
406,128294.4,128,Patrol,0.02,-0.730,-0.501,0.2293
406,128326.4,128,Patrol,-0.06,-0.501,-0.364,0.1366
406,128368.2,128,Patrol,-0.13,-0.364,-0.291,0.0736
406,128404.7,146,Patrol,-0.24,0.094,0.008,-0.0854
406,128416.1,122,HeatSweep,0.04,0.300,0.237,-0.0627
406,128450.9,144,Patrol,-0.01,-0.501,-0.350,0.1508
406,128465.0,123,HeatSweep,0.01,-0.287,-0.188,0.0993
406,128480.0,137,AmbushHotChoke,-0.01,-0.253,-0.170,0.0832
406,128493.9,123,HeatSweep,-0.29,-0.188,-0.208,-0.0200
406,128509.0,137,AmbushHotChoke,-0.51,-0.170,-0.262,-0.0922
406,128514.6,123,HeatSweep,-5.00,-0.208,-1.645,-1.4377
407,128524.2,123,HeatSweep,-0.50,-1.645,-1.289,0.3566
407,128569.1,144,Patrol,-0.05,-0.350,-0.257,0.0932
407,128600.1,126,Patrol,0.10,0.069,0.085,0.0153
407,128645.2,126,Patrol,-0.73,0.085,-0.157,-0.2422
407,128683.3,126,Patrol,0.01,-0.157,-0.105,0.0526
407,128696.4,130,SweepArea,-0.28,-0.346,-0.313,0.0330
407,128711.5,130,HeatSweep,-0.33,-0.153,-0.174,-0.0209
407,128723.2,122,HeatSweep,0.03,0.237,0.192,-0.0455
407,128768.3,146,Patrol,-0.93,0.008,-0.271,-0.2790
407,128783.5,146,AmbushHotChoke,-0.46,-0.236,-0.099,0.1374
407,128797.9,136,HeatSweep,-0.29,1.495,0.970,-0.5241
407,128811.3,130,HeatSweep,-0.07,-0.174,-0.137,0.0371
407,128822.8,82,HeatSweep,0.03,-0.038,-0.004,0.0333
407,128868.0,128,Patrol,-0.94,-0.291,-0.457,-0.1667
407,128878.3,136,HeatSweep,0.08,0.970,0.719,-0.2513
407,128887.6,130,HeatSweep,-0.24,-0.137,-0.151,-0.0138
407,128902.6,146,AmbushHotChoke,-0.58,-0.099,-0.144,-0.0455
407,128914.7,136,HeatSweep,-0.27,0.719,0.438,-0.2816
407,128929.8,146,AmbushHotChoke,-0.65,-0.144,-0.236,-0.0914
407,128943.9,136,HeatSweep,-0.06,0.438,0.301,-0.1367
407,128957.8,130,SweepArea,-0.29,-0.313,-0.292,0.0212
407,128973.0,146,AmbushHotChoke,-0.63,-0.236,-0.314,-0.0779
407,128987.0,136,HeatSweep,-0.29,0.301,0.137,-0.1634
407,129000.0,146,HeatSweep,-0.09,-0.245,-0.187,0.0586
407,129008.1,137,AmbushHotChoke,-0.23,-0.262,-0.239,0.0235
407,129012.5,137,AmbushHotChoke,-0.19,-0.239,-0.208,0.0304
407,129023.8,137,SweepArea,0.04,-0.316,0.128,0.4444
407,129038.3,147,HeatSweep,-0.02,2.018,1.696,-0.3218
407,129050.2,147,HeatSweep,-0.09,1.696,1.170,-0.5264
407,129095.4,145,Patrol,-0.95,-0.394,-0.527,-0.1330
407,129104.6,147,HeatSweep,-0.03,1.170,0.826,-0.3431
407,129119.2,131,SweepArea,-0.30,-0.221,-0.126,0.0949
407,129124.8,147,HeatSweep,-5.00,0.826,-0.921,-1.7479
408,129126.2,147,HeatSweep,0.08,-0.921,-0.601,0.3208
408,129169.0,144,Patrol,-0.03,-0.257,-0.174,0.0826
408,129171.6,60,InvestigateLastHeard,-0.18,0.416,0.387,-0.0285
408,129184.5,114,HeatSweep,0.02,0.565,0.417,-0.1479
408,129223.6,144,Patrol,0.02,-0.174,-0.113,0.0618
408,129254.6,144,Patrol,-0.21,-0.113,-0.137,-0.0249
408,129299.8,128,Patrol,-0.81,-0.457,-0.551,-0.0938
408,129310.9,114,HeatSweep,-0.26,0.417,0.223,-0.1946
409,129347.7,145,Patrol,0.03,-0.527,-0.356,0.1709
409,129349.1,90,SweepArea,-0.16,-0.050,-0.064,-0.0139
409,129350.7,90,SweepArea,-0.17,-0.064,-0.067,-0.0029
409,129389.9,144,Patrol,0.01,-0.137,-0.090,0.0476
409,129435.0,126,Patrol,-0.74,-0.105,-0.294,-0.1889
409,129480.2,126,Patrol,-0.95,-0.294,-0.484,-0.1899
409,129491.1,108,HideSpotCheck,0.14,0.188,0.206,0.0182
409,129501.8,108,HideSpotCheck,0.30,0.206,0.270,0.0637
409,129512.6,108,HideSpotCheck,0.14,0.270,0.278,0.0081
409,129513.0,108,HideSpotCheck,0.90,0.278,0.490,0.2120
409,129513.3,108,HideSpotCheck,-0.65,0.490,0.169,-0.3210
409,129515.6,56,InvestigateLastHeard,-0.17,0.075,0.025,-0.0500
409,129526.3,54,HideSpotCheck,0.14,0.072,0.123,0.0508
409,129535.3,108,HideSpotCheck,0.92,0.169,0.410,0.2413
409,129535.6,108,HideSpotCheck,-0.52,0.410,0.202,-0.2078
409,129539.6,60,InvestigateLastHeard,-0.02,0.387,0.360,-0.0272
409,129541.9,60,InvestigateLastHeard,-0.02,0.360,0.300,-0.0601
409,129543.9,108,HideSpotCheck,0.23,0.202,0.271,0.0687
409,129553.0,114,HeatSweep,0.06,0.223,0.192,-0.0304
409,129582.7,144,Patrol,-0.04,-0.090,-0.069,0.0204
409,129627.7,126,Patrol,-0.05,-0.484,-0.351,0.1324
409,129658.8,128,Patrol,0.10,-0.551,-0.352,0.1995
409,129703.7,128,Patrol,-0.08,-0.352,-0.268,0.0834
409,129742.8,128,Patrol,-0.19,-0.268,-0.243,0.0255
409,129787.8,115,Patrol,-1.10,-0.755,-0.857,-0.1019
410,129832.9,145,Patrol,-0.80,-0.356,-0.487,-0.1306
410,129878.0,144,Patrol,-0.64,-0.069,-0.232,-0.1621
410,129880.2,108,HideSpotCheck,0.23,0.271,0.331,0.0595
410,129887.6,108,HideSpotCheck,0.18,0.331,0.296,-0.0343
410,129896.2,110,SweepArea,-0.09,-0.043,-0.044,-0.0013
410,129904.8,110,SweepArea,-0.24,-0.044,-0.088,-0.0440
410,129934.2,128,Patrol,0.11,-0.243,-0.133,0.1093
410,129979.4,128,Patrol,-0.76,-0.133,-0.320,-0.1862
410,130018.3,128,Patrol,0.05,-0.320,-0.205,0.1147
410,130063.4,128,Patrol,-0.90,-0.205,-0.412,-0.2073
410,130108.4,145,Patrol,-1.13,-0.487,-0.678,-0.1917
412,130153.5,145,Patrol,-0.80,-0.678,-0.712,-0.0338
412,130192.5,144,Patrol,0.05,-0.232,-0.144,0.0871
412,130207.8,126,Patrol,0.90,-0.351,0.035,0.3863
412,130209.7,126,Patrol,-0.73,0.035,-0.157,-0.1918
412,130215.0,60,InvestigateLastHeard,-0.01,0.300,0.250,-0.0497
412,130230.3,114,HeatSweep,-0.50,0.192,-0.003,-0.1951
412,130259.0,144,Patrol,0.11,-0.144,-0.062,0.0823
412,130303.9,128,Patrol,-0.13,-0.412,-0.326,0.0864
412,130315.3,134,HeatSweep,0.12,-0.085,-0.011,0.0740
412,130351.4,128,Patrol,0.04,-0.326,-0.213,0.1127
412,130382.7,128,Patrol,-0.05,-0.213,-0.161,0.0525
412,130393.1,128,AmbushHotChoke,10.00,-0.765,2.465,3.2294
413,130397.8,128,AmbushHotChoke,-0.50,2.465,1.585,-0.8796
413,130401.6,90,SweepArea,-0.19,-0.067,-0.079,-0.0120
413,130446.6,144,Patrol,-0.80,-0.062,-0.281,-0.2186
413,130491.7,144,Patrol,-0.78,-0.281,-0.429,-0.1479
413,130519.3,126,Patrol,0.12,-0.157,-0.065,0.0914
413,130564.3,126,Patrol,-0.08,-0.065,-0.067,-0.0020
413,130582.5,126,Patrol,0.77,-0.067,0.193,0.2606
413,130582.9,126,Patrol,-0.87,0.193,-0.038,-0.2310
413,130614.6,74,Patrol,-0.89,-0.253,-0.438,-0.1846
413,130627.8,114,HeatSweep,0.02,-0.003,0.018,0.0211
413,130672.9,144,Patrol,-0.94,-0.429,-0.579,-0.1507
413,130702.7,145,Patrol,-0.01,-0.712,-0.497,0.2153
413,130745.4,127,Patrol,-0.10,-0.790,-0.582,0.2088
413,130781.8,115,Patrol,-0.06,-0.857,-0.615,0.2423
414,130827.0,129,Patrol,-0.80,-0.669,-0.706,-0.0369
414,130866.4,126,Patrol,0.15,-0.038,0.031,0.0684
414,130878.9,108,HideSpotCheck,0.13,0.296,0.292,-0.0044
414,130924.0,108,Patrol,-0.80,-1.020,-0.952,0.0687
414,130969.0,126,Patrol,-0.93,0.031,-0.255,-0.2861
414,131014.1,126,Patrol,-0.91,-0.255,-0.444,-0.1883
414,131024.9,108,HideSpotCheck,0.14,0.292,0.298,0.0056
414,131035.6,108,HideSpotCheck,0.30,0.298,0.349,0.0519
414,131046.1,108,HideSpotCheck,0.14,0.349,0.349,-0.0004
414,131056.9,108,HideSpotCheck,0.20,0.349,0.364,0.0149
414,131057.6,108,HideSpotCheck,0.80,0.364,0.522,0.1576
414,131060.3,108,HideSpotCheck,0.82,0.522,0.632,0.1109
414,131060.8,108,HideSpotCheck,-0.04,0.632,0.453,-0.1790
414,131061.1,108,HideSpotCheck,-0.29,0.453,0.249,-0.2046
414,131061.4,108,HideSpotCheck,-0.55,0.249,0.029,-0.2195
414,131061.8,108,HideSpotCheck,-0.80,0.029,-0.201,-0.2300
414,131062.1,108,HideSpotCheck,-1.05,-0.201,-0.438,-0.2372
414,131062.4,108,HideSpotCheck,-1.30,-0.438,-0.680,-0.2422
414,131062.7,108,HideSpotCheck,-1.56,-0.680,-0.926,-0.2457
414,131063.0,108,HideSpotCheck,-1.81,-0.926,-1.174,-0.2482
414,131063.3,108,HideSpotCheck,-2.06,-1.174,-1.424,-0.2500
414,131063.7,108,HideSpotCheck,-2.32,-1.424,-1.675,-0.2515
414,131064.0,108,HideSpotCheck,-2.57,-1.675,-1.928,-0.2522
414,131064.3,108,HideSpotCheck,-2.82,-1.928,-2.180,-0.2527
414,131064.6,108,HideSpotCheck,-3.08,-2.180,-2.434,-0.2531
414,131064.9,108,HideSpotCheck,-3.33,-2.434,-2.687,-0.2533
414,131065.2,108,HideSpotCheck,-3.58,-2.687,-2.940,-0.2534
414,131065.5,108,HideSpotCheck,-3.84,-2.940,-3.194,-0.2535
414,131065.8,108,HideSpotCheck,-4.09,-3.194,-3.447,-0.2536
414,131066.1,108,HideSpotCheck,-4.34,-3.447,-3.701,-0.2537
414,131066.4,108,HideSpotCheck,-4.60,-3.701,-3.955,-0.2537
414,131066.8,108,HideSpotCheck,-4.65,-3.955,-4.149,-0.1940
414,131067.1,108,HideSpotCheck,-4.90,-4.149,-4.361,-0.2120
414,131067.4,108,HideSpotCheck,-5.16,-4.361,-4.585,-0.2246
414,131067.7,108,HideSpotCheck,-5.41,-4.585,-4.819,-0.2334
414,131068.0,108,HideSpotCheck,-5.66,-4.819,-5.058,-0.2395
414,131068.4,108,HideSpotCheck,-5.91,-5.058,-5.302,-0.2438
414,131068.7,108,HideSpotCheck,-6.17,-5.302,-5.549,-0.2468
414,131069.0,108,HideSpotCheck,10.00,-5.549,-0.884,4.6646
415,131069.0,108,HideSpotCheck,-0.27,-0.884,-0.611,0.2728
415,131069.3,120,Patrol,1.20,0.552,0.770,0.2177
415,131069.8,120,Patrol,1.20,0.770,0.922,0.1519
415,131070.1,120,Patrol,1.19,0.922,1.024,0.1027
415,131070.5,120,Patrol,-0.46,1.024,0.598,-0.4264
415,131074.7,90,SweepArea,-0.19,-0.079,-0.089,-0.0103
415,131079.5,144,SweepArea,-0.20,-0.757,-0.566,0.1910
415,131083.7,144,SweepArea,-0.19,-0.566,-0.430,0.1361
415,131108.7,144,SweepArea,-0.70,-0.430,-0.503,-0.0728
415,131140.1,126,Patrol,0.09,-0.444,-0.279,0.1650
415,131163.9,126,Patrol,0.81,-0.279,0.055,0.3335
415,131165.8,126,Patrol,-0.62,0.055,-0.131,-0.1856
415,131172.0,66,InvestigateLastHeard,-0.02,0.227,0.282,0.0554
415,131217.1,120,Patrol,-0.80,0.598,0.181,-0.4168
415,131229.5,144,SweepArea,0.03,-0.503,-0.329,0.1743
415,131231.0,144,SweepArea,-0.16,-0.329,-0.252,0.0766
415,131232.6,144,SweepArea,-0.17,-0.252,-0.199,0.0533
415,131234.0,144,SweepArea,-0.26,-0.199,-0.191,0.0076
415,131235.6,144,SweepArea,-0.37,-0.191,-0.216,-0.0251
415,131260.8,144,SweepArea,-0.86,-0.216,-0.400,-0.1836
415,131268.8,144,SweepArea,-1.08,-0.400,-0.593,-0.1934
415,131297.9,145,Patrol,-0.19,-0.497,-0.399,0.0977
415,131308.2,131,SweepArea,10.00,-0.126,2.912,3.0378
416,131323.1,131,SweepArea,-0.60,2.912,1.866,-1.0463
416,131360.1,144,Patrol,0.63,-0.579,-0.213,0.3667
416,131361.7,144,Patrol,-0.80,-0.213,-0.384,-0.1712
416,131398.5,80,Patrol,0.03,0.018,0.026,0.0084
416,131401.9,146,HeatSweep,-0.18,-0.187,-0.162,0.0251
416,131405.3,146,HeatSweep,-0.18,-0.162,-0.144,0.0171
416,131408.7,146,HeatSweep,-0.18,-0.144,-0.132,0.0122
416,131412.2,146,HeatSweep,-0.28,-0.132,-0.154,-0.0216
416,131415.6,146,HeatSweep,-0.38,-0.154,-0.199,-0.0451
416,131419.2,146,HeatSweep,-0.49,-0.199,-0.261,-0.0621
416,131434.3,146,AmbushHotChoke,-0.36,-0.314,-0.314,-0.0001
416,131448.6,146,HeatSweep,0.01,-0.261,-0.167,0.0945
416,131484.8,144,Patrol,0.16,-0.384,-0.219,0.1649
416,131497.6,134,HeatSweep,0.02,-0.011,0.014,0.0251
416,131532.4,144,Patrol,-0.08,-0.219,-0.096,0.1228
416,131535.7,128,AmbushHotChoke,-0.18,1.585,1.456,-0.1289
416,131539.4,128,AmbushHotChoke,-0.19,1.456,1.325,-0.1310
416,131543.2,128,AmbushHotChoke,-0.19,1.325,1.199,-0.1267
416,131547.1,128,AmbushHotChoke,-0.29,1.199,1.046,-0.1529
416,131551.6,128,AmbushHotChoke,-0.39,1.046,0.864,-0.1819
416,131555.3,128,AmbushHotChoke,-0.49,0.864,0.672,-0.1918
416,131559.4,128,AmbushHotChoke,-1.19,0.672,0.276,-0.3955
416,131562.5,128,AmbushHotChoke,-1.43,0.276,-0.165,-0.4412
416,131607.7,128,Patrol,-0.80,-0.161,-0.350,-0.1895
416,131652.7,144,Patrol,-0.95,-0.096,-0.350,-0.2533
416,131697.9,144,Patrol,-0.86,-0.350,-0.499,-0.1495
416,131711.9,129,SweepArea,-0.29,-0.680,-0.550,0.1307
416,131731.8,129,SweepArea,-0.19,-0.550,-0.437,0.1121
416,131774.6,145,Patrol,-0.33,-0.399,-0.377,0.0219
416,131787.0,147,HeatSweep,0.14,-0.601,-0.080,0.5208
416,131804.5,131,SweepArea,-0.33,1.866,1.436,-0.4296
416,131820.5,131,SweepArea,-0.31,1.436,1.101,-0.3346
416,131836.9,131,SweepArea,-0.16,1.101,0.865,-0.2368
416,131852.7,131,SweepArea,-0.41,0.865,0.599,-0.2660
416,131897.7,131,Patrol,-0.95,-0.433,-0.588,-0.1547
416,131909.3,147,HeatSweep,0.00,-0.080,0.042,0.1221
416,131926.8,131,SweepArea,-0.32,0.599,0.395,-0.2036
416,131943.3,131,SweepArea,-0.16,0.395,0.278,-0.1170
416,131945.3,131,HideSpotCheck,0.23,-0.377,-0.119,0.2578
416,131961.3,131,SweepArea,-0.16,0.278,0.183,-0.0950
416,131977.9,131,SweepArea,-0.32,0.183,0.057,-0.1262
416,131994.2,131,SweepArea,-0.16,0.057,0.002,-0.0549
416,132010.8,131,SweepArea,-0.26,0.002,-0.067,-0.0689
416,132026.8,131,SweepArea,-0.51,-0.067,-0.189,-0.1216
416,132041.9,131,HideSpotCheck,-0.64,-0.119,-0.264,-0.1449
416,132056.7,131,SweepArea,-0.30,-0.189,-0.210,-0.0209
416,132072.8,131,SweepArea,-0.16,-0.210,-0.184,0.0261
416,132088.7,131,SweepArea,-0.16,-0.184,-0.165,0.0185
416,132105.3,131,SweepArea,-0.42,-0.165,-0.230,-0.0645
416,132129.3,131,SweepArea,-0.25,-0.230,-0.227,0.0022
416,132151.8,131,SweepArea,-0.46,-0.227,-0.292,-0.0648
416,132180.6,153,Patrol,-0.19,-0.488,-0.392,0.0963
416,132203.2,129,SweepArea,-0.16,-0.437,-0.351,0.0869
416,132210.3,147,HeatSweep,0.10,0.042,0.079,0.0372
416,132224.6,129,SweepArea,-0.29,-0.351,-0.322,0.0289
416,132231.7,147,HeatSweep,-0.05,0.079,0.060,-0.0195
416,132244.5,129,SweepArea,-5.00,-0.322,-1.725,-1.4035
417,132245.4,129,SweepArea,0.01,-1.725,-1.195,0.5301
417,132260.6,147,HeatSweep,-0.50,0.060,-0.095,-0.1550
418,132305.8,126,Patrol,-0.80,-0.131,-0.330,-0.1991
418,132307.4,90,SweepArea,-0.17,-0.089,-0.092,-0.0030
418,132332.6,90,SweepArea,-0.60,-0.092,-0.237,-0.1446
418,132365.3,126,Patrol,0.07,-0.330,-0.204,0.1263
418,132410.1,126,Patrol,0.09,-0.204,-0.113,0.0902
418,132423.6,108,HideSpotCheck,0.12,-0.611,-0.379,0.2323
418,132433.8,108,HideSpotCheck,0.30,-0.379,-0.158,0.2214
418,132445.0,108,HideSpotCheck,0.14,-0.158,-0.053,0.1046
418,132455.3,108,HideSpotCheck,0.20,-0.053,0.040,0.0929
418,132466.2,108,HideSpotCheck,-0.06,0.040,0.026,-0.0133
418,132476.6,108,HideSpotCheck,0.00,0.026,0.035,0.0089
418,132487.4,108,HideSpotCheck,-0.86,0.035,-0.217,-0.2520
418,132497.9,108,HideSpotCheck,-0.95,-0.217,-0.420,-0.2033
418,132508.7,108,HideSpotCheck,-1.36,-0.420,-0.685,-0.2653
418,132519.3,108,HideSpotCheck,-1.45,-0.685,-0.898,-0.2132
418,132534.5,108,SweepArea,-0.30,-0.805,-0.642,0.1638
418,132551.1,108,SweepArea,-0.17,-0.642,-0.487,0.1549
418,132567.4,108,SweepArea,-0.31,-0.487,-0.422,0.0648
418,132612.5,126,Patrol,-0.80,-0.113,-0.317,-0.2035
418,132657.6,126,Patrol,-0.89,-0.317,-0.487,-0.1699
418,132672.5,108,SweepArea,0.00,-0.422,-0.281,0.1407
418,132717.0,144,Patrol,-0.04,-0.499,-0.360,0.1393
418,132748.2,126,Patrol,0.10,-0.487,-0.305,0.1814
418,132793.0,126,Patrol,0.02,-0.305,-0.204,0.1008
418,132832.3,126,Patrol,-0.10,-0.204,-0.168,0.0364
418,132845.7,108,SweepArea,-0.28,-0.281,-0.268,0.0132
418,132862.0,108,SweepArea,-0.16,-0.268,-0.234,0.0341
418,132878.5,109,SweepArea,-0.31,-0.587,-0.496,0.0910
418,132923.5,127,Patrol,-0.95,-0.582,-0.691,-0.1091
418,132950.1,145,Patrol,0.86,-0.377,0.001,0.3789
418,132950.5,145,Patrol,-0.77,0.001,-0.223,-0.2241
419,132995.7,61,Patrol,-0.80,0.065,-0.192,-0.2573
419,133040.7,144,Patrol,-0.80,-0.360,-0.489,-0.1292
419,133085.9,144,Patrol,-0.83,-0.489,-0.588,-0.0989
419,133114.2,126,Patrol,-0.08,-0.168,-0.136,0.0324
419,133159.3,126,Patrol,-1.03,-0.136,-0.401,-0.2657
419,133199.9,126,Patrol,-0.86,-0.401,-0.535,-0.1340
419,133213.2,108,SweepArea,-0.28,-0.234,-0.235,-0.0007
419,133229.2,108,SweepArea,-0.16,-0.235,-0.199,0.0353
419,133245.9,108,SweepArea,-0.32,-0.199,-0.223,-0.0236
419,133262.5,108,SweepArea,-0.42,-0.223,-0.269,-0.0457
419,133278.8,108,SweepArea,-0.36,-0.269,-0.284,-0.0152
419,133295.2,108,SweepArea,-0.61,-0.284,-0.371,-0.0871
419,133305.1,108,SweepArea,-1.25,-0.371,-0.616,-0.2454
419,133350.2,144,Patrol,-0.95,-0.588,-0.695,-0.1075
420,133395.3,145,Patrol,-0.80,-0.223,-0.393,-0.1704
420,133399.1,144,SweepArea,-0.19,-0.593,-0.447,0.1458
420,133403.2,144,SweepArea,-0.19,-0.447,-0.346,0.1012
420,133407.1,144,SweepArea,-0.19,-0.346,-0.275,0.0714
420,133411.5,144,SweepArea,-0.14,-0.275,-0.211,0.0633
420,133415.6,144,SweepArea,-0.39,-0.211,-0.242,-0.0301
420,133419.8,144,SweepArea,-0.49,-0.242,-0.293,-0.0511
420,133423.0,144,SweepArea,-1.18,-0.293,-0.534,-0.2417
420,133426.8,144,SweepArea,-1.29,-0.534,-0.735,-0.2010
420,133428.6,144,HideSpotCheck,0.38,-0.607,-0.283,0.3238
420,133430.5,144,HideSpotCheck,0.23,-0.283,-0.102,0.1810
420,133432.4,144,HideSpotCheck,0.23,-0.102,0.025,0.1271
420,133434.4,144,HideSpotCheck,0.13,0.025,0.083,0.0581
420,133436.4,144,HideSpotCheck,0.03,0.083,0.094,0.0109
420,133438.4,144,HideSpotCheck,-0.07,0.094,0.071,-0.0224
420,133440.5,144,HideSpotCheck,-0.77,0.071,-0.154,-0.2258
420,133442.4,144,HideSpotCheck,-1.02,-0.154,-0.387,-0.2329
420,133444.3,144,HideSpotCheck,-1.27,-0.387,-0.625,-0.2374
420,133446.3,144,HideSpotCheck,-1.52,-0.625,-0.866,-0.2418
420,133491.5,144,Patrol,-0.66,-0.695,-0.682,0.0139
420,133524.9,144,Patrol,0.83,-0.682,-0.223,0.4585
421,133525.8,144,Patrol,-0.69,-0.223,-0.360,-0.1374
421,133526.4,128,AmbushHotChoke,1.00,-0.165,0.212,0.3769
421,133526.7,128,AmbushHotChoke,1.00,0.212,0.476,0.2634
421,133527.0,128,AmbushHotChoke,0.99,0.476,0.656,0.1801
421,133527.4,128,AmbushHotChoke,-0.47,0.656,0.339,-0.3166
421,133542.6,90,InvestigateLastHeard,-0.50,-0.223,-0.293,-0.0703
421,133587.8,144,Patrol,-0.80,-0.360,-0.490,-0.1294
421,133632.8,144,Patrol,-0.95,-0.490,-0.625,-0.1352
421,133674.3,144,Patrol,-0.05,-0.625,-0.449,0.1759
421,133687.2,108,SweepArea,-0.28,-0.616,-0.501,0.1157
421,133704.2,108,SweepArea,-0.32,-0.501,-0.435,0.0658
421,133720.4,108,SweepArea,-0.31,-0.435,-0.386,0.0491
421,133736.5,108,SweepArea,-0.26,-0.386,-0.335,0.0508
421,133753.1,108,SweepArea,-0.52,-0.335,-0.377,-0.0419
421,133798.2,144,Patrol,-0.80,-0.449,-0.552,-0.1025
421,133812.1,144,Patrol,1.02,-0.552,-0.069,0.4828
421,133813.0,144,Patrol,-0.55,-0.069,-0.108,-0.0389
421,133817.6,74,InvestigateLastHeard,-0.02,0.755,0.583,-0.1720
421,133829.4,60,HeatSweep,10.00,-0.216,2.849,3.0647
422,133831.5,60,HeatSweep,0.01,2.849,2.012,-0.8368
423,133876.7,126,Patrol,-0.80,-0.535,-0.612,-0.0772
423,133913.4,144,Patrol,0.03,-0.108,-0.061,0.0467
423,133958.4,126,Patrol,-0.86,-0.612,-0.683,-0.0706
423,134003.4,144,Patrol,-1.00,-0.061,-0.340,-0.2789
423,134009.3,146,HeatSweep,0.09,-0.167,-0.070,0.0968
423,134018.4,130,HeatSweep,0.14,-0.151,-0.046,0.1047
423,134022.1,130,HeatSweep,10.00,-0.046,2.968,3.0138
424,134033.7,130,HeatSweep,-0.50,2.968,1.940,-1.0278
424,134078.3,144,Patrol,-0.05,-0.340,-0.249,0.0911
424,134123.5,126,Patrol,-0.80,-0.683,-0.716,-0.0327
424,134168.5,144,Patrol,-0.95,-0.249,-0.456,-0.2074
424,134211.1,144,Patrol,-0.17,-0.456,-0.369,0.0874
424,134256.4,127,Patrol,-1.13,-0.691,-0.820,-0.1295
424,134301.5,145,Patrol,-1.25,-0.393,-0.649,-0.2558
424,134346.6,145,Patrol,-1.85,-0.649,-1.008,-0.3594
424,134360.4,109,SweepArea,-0.29,-0.496,-0.431,0.0651
424,134376.6,109,SweepArea,-0.31,-0.431,-0.386,0.0451
425,134421.9,127,Patrol,-0.80,-0.820,-0.812,0.0082
425,134466.9,144,Patrol,-0.87,-0.369,-0.516,-0.1469
425,134509.3,144,Patrol,-0.01,-0.516,-0.361,0.1547
425,134527.6,108,SweepArea,-0.03,-0.377,-0.262,0.1149
425,134572.0,126,Patrol,0.02,-0.716,-0.492,0.2239
425,134611.2,126,Patrol,0.00,-0.492,-0.339,0.1527
425,134624.8,108,SweepArea,-0.29,-0.262,-0.255,0.0067
425,134625.4,108,SweepArea,10.00,-0.255,2.821,3.0766
426,134625.9,108,SweepArea,1.14,2.821,2.341,-0.4805
426,134626.3,108,SweepArea,-0.48,2.341,1.514,-0.8266
426,134628.8,56,InvestigateLastHeard,0.13,0.025,0.074,0.0493
426,134632.9,90,HideSpotCheck,0.21,-0.224,-0.070,0.1539
426,134667.1,144,Patrol,0.81,-0.361,-0.006,0.3551
426,134668.6,144,Patrol,-0.81,-0.006,-0.238,-0.2316
426,134673.8,76,InvestigateLastHeard,-0.01,0.206,0.161,-0.0449
426,134678.0,114,HeatSweep,-0.19,0.018,0.037,0.0184
426,134685.7,128,AmbushHotChoke,-0.23,0.339,0.188,-0.1513
426,134692.3,114,HeatSweep,-0.22,0.037,0.001,-0.0356
426,134700.8,128,AmbushHotChoke,-0.02,0.188,0.144,-0.0442
426,134707.2,114,HeatSweep,-0.21,0.001,-0.033,-0.0337
426,134714.7,128,AmbushHotChoke,-0.01,0.144,0.117,-0.0268
426,134721.3,114,HeatSweep,-0.22,-0.033,-0.063,-0.0300
426,134729.8,128,AmbushHotChoke,-0.02,0.117,0.093,-0.0234
426,134736.3,114,HeatSweep,-0.22,-0.063,-0.088,-0.0258
426,134743.8,128,AmbushHotChoke,-0.01,0.093,0.081,-0.0122
426,134750.4,114,HeatSweep,-0.22,-0.088,-0.109,-0.0207
426,134758.1,128,AmbushHotChoke,-0.01,0.081,0.072,-0.0094
426,134764.5,114,HeatSweep,-0.21,-0.109,-0.125,-0.0160
426,134771.3,128,AmbushHotChoke,0.00,0.072,0.069,-0.0031
426,134777.6,114,HeatSweep,-0.21,-0.125,-0.136,-0.0111
426,134786.2,128,AmbushHotChoke,-0.02,0.069,0.059,-0.0093
426,134792.6,114,HeatSweep,-0.21,-0.136,-0.144,-0.0082
426,134800.5,128,AmbushHotChoke,-0.01,0.059,0.056,-0.0038
426,134806.9,114,HeatSweep,-0.21,-0.144,-0.150,-0.0056
426,134814.1,128,AmbushHotChoke,-0.01,0.056,0.056,0.0000
426,134820.5,114,HeatSweep,-0.21,-0.150,-0.154,-0.0041
426,134829.1,128,AmbushHotChoke,-0.02,0.056,0.050,-0.0052
426,134835.5,114,HeatSweep,-0.21,-0.154,-0.157,-0.0028
426,134843.0,128,AmbushHotChoke,-0.01,0.050,0.051,0.0006
426,134849.5,114,HeatSweep,-0.21,-0.157,-0.159,-0.0020
426,134857.9,128,AmbushHotChoke,-0.02,0.051,0.048,-0.0032
426,134864.4,114,HeatSweep,-0.22,-0.159,-0.161,-0.0017
426,134871.2,128,AmbushHotChoke,0.00,0.048,0.052,0.0040
426,134877.5,114,HeatSweep,-0.21,-0.161,-0.161,-0.0005
426,134885.7,128,AmbushHotChoke,-0.02,0.052,0.049,-0.0024
426,134891.9,114,HeatSweep,-0.21,-0.161,-0.161,0.0000
426,134900.2,128,AmbushHotChoke,-0.02,0.049,0.048,-0.0018
426,134906.7,114,HeatSweep,-0.22,-0.161,-0.162,-0.0010
426,134913.8,128,AmbushHotChoke,0.00,0.048,0.051,0.0030
426,134920.3,114,HeatSweep,-0.22,-0.162,-0.163,-0.0009
426,134927.1,128,AmbushHotChoke,0.00,0.051,0.054,0.0033
426,134933.5,114,HeatSweep,-0.21,-0.163,-0.163,0.0001
426,134941.8,128,AmbushHotChoke,-0.02,0.054,0.051,-0.0032
426,134948.3,114,HeatSweep,-0.22,-0.163,-0.163,-0.0005
426,134956.2,128,AmbushHotChoke,-0.01,0.051,0.050,-0.0011
426,134962.8,114,HeatSweep,-0.22,-0.163,-0.164,-0.0007
426,134971.4,128,AmbushHotChoke,-0.02,0.050,0.047,-0.0029
426,134977.8,114,HeatSweep,-0.21,-0.164,-0.164,0.0002
426,134986.2,128,AmbushHotChoke,-0.02,0.047,0.045,-0.0016
426,134992.5,114,HeatSweep,-0.21,-0.164,-0.164,0.0004
426,135000.1,128,AmbushHotChoke,-0.01,0.045,0.047,0.0014
426,135006.5,114,HeatSweep,-0.21,-0.164,-0.164,0.0000
426,135014.0,128,AmbushHotChoke,-0.01,0.047,0.048,0.0019
426,135020.4,114,HeatSweep,-0.21,-0.164,-0.164,0.0001
426,135027.4,128,AmbushHotChoke,0.00,0.048,0.051,0.0030
426,135034.0,114,HeatSweep,-0.22,-0.164,-0.164,-0.0007
426,135042.0,128,AmbushHotChoke,-0.01,0.051,0.050,-0.0016
426,135048.5,114,HeatSweep,-0.21,-0.164,-0.164,0.0000
426,135056.0,128,AmbushHotChoke,-0.01,0.050,0.051,0.0009
426,135062.5,114,HeatSweep,-0.21,-0.164,-0.164,-0.0001
426,135069.7,128,AmbushHotChoke,-0.01,0.051,0.052,0.0016
426,135076.1,114,HeatSweep,-0.21,-0.164,-0.164,0.0003
426,135084.4,128,AmbushHotChoke,-0.02,0.052,0.049,-0.0029
426,135090.8,114,HeatSweep,-0.21,-0.164,-0.164,0.0001
426,135097.6,128,AmbushHotChoke,0.00,0.049,0.053,0.0036
426,135103.9,114,HeatSweep,-0.21,-0.164,-0.163,0.0007
426,135118.9,128,HeatSweep,-0.50,-0.737,-0.653,0.0847
426,135157.0,144,Patrol,0.02,-0.238,-0.157,0.0801
426,135167.6,128,AmbushHotChoke,0.00,0.053,0.053,-0.0004
426,135181.6,114,HeatSweep,0.01,-0.163,-0.101,0.0622
426,135196.7,128,AmbushHotChoke,-0.51,0.053,-0.104,-0.1565
426,135210.5,114,HeatSweep,-0.29,-0.101,-0.147,-0.0458
426,135243.7,128,Patrol,-0.07,-0.350,-0.263,0.0870
426,135257.6,128,AmbushHotChoke,-0.01,-0.104,-0.062,0.0420
426,135302.7,114,Patrol,-0.80,-0.418,-0.530,-0.1119
426,135347.8,144,Patrol,-0.95,-0.157,-0.393,-0.2352
426,135390.3,144,Patrol,-0.07,-0.393,-0.292,0.1004
426,135403.0,114,HeatSweep,0.02,-0.147,-0.080,0.0667
426,135433.3,144,Patrol,0.07,-0.292,-0.178,0.1147
427,135478.4,115,Patrol,-0.80,-0.615,-0.668,-0.0530
427,135523.6,126,Patrol,-0.80,-0.339,-0.475,-0.1361
427,135559.8,144,Patrol,-0.14,-0.178,-0.163,0.0148
427,135604.9,144,Patrol,-0.93,-0.163,-0.347,-0.1846
427,135606.3,108,SweepArea,-0.16,1.514,1.038,-0.4760
427,135651.5,144,Patrol,-0.88,-0.347,-0.504,-0.1570
427,135693.0,144,Patrol,-0.11,-0.504,-0.350,0.1545
427,135706.3,108,SweepArea,-0.28,1.038,0.799,-0.2391
427,135722.5,108,SweepArea,-0.31,0.799,0.570,-0.2288
427,135744.9,108,SweepArea,-0.37,0.570,0.296,-0.2739
427,135786.2,126,Patrol,-0.05,-0.475,-0.338,0.1368
427,135799.3,108,SweepArea,-0.28,0.296,0.169,-0.1279
427,135816.0,108,SweepArea,-0.17,0.169,0.090,-0.0786
427,135832.0,108,SweepArea,-0.31,0.090,-0.017,-0.1072
427,135877.1,126,Patrol,-0.64,-0.338,-0.425,-0.0865
428,135922.2,126,Patrol,-0.80,-0.425,-0.535,-0.1099
428,135966.3,144,Patrol,-0.04,-0.350,-0.254,0.0958
428,136012.6,144,Patrol,-0.84,-0.254,-0.427,-0.1729
428,136014.2,108,SweepArea,-0.17,-0.017,-0.034,-0.0172
428,136059.5,144,Patrol,-0.95,-0.427,-0.582,-0.1551
428,136100.8,144,Patrol,-0.05,-0.582,-0.420,0.1620
428,136145.8,126,Patrol,-0.93,-0.535,-0.649,-0.1144
428,136191.0,144,Patrol,-1.05,-0.420,-0.608,-0.1880
428,136202.8,145,AmbushHotChoke,-0.02,-0.762,-0.527,0.2353
428,136247.8,127,Patrol,-0.92,-0.812,-0.844,-0.0322
428,136260.3,145,AmbushHotChoke,-0.04,-0.527,-0.378,0.1488
428,136274.3,109,SweepArea,-0.29,-0.386,-0.346,0.0392
429,136319.5,127,Patrol,-0.80,-0.844,-0.828,0.0158
429,136364.7,144,Patrol,-0.62,-0.608,-0.609,-0.0006
429,136409.9,144,Patrol,-0.90,-0.609,-0.694,-0.0851
429,136437.0,126,Patrol,-0.02,-0.649,-0.452,0.1971
429,136481.5,126,Patrol,-0.21,-0.452,-0.376,0.0757
429,136494.9,108,SweepArea,-0.28,-0.034,-0.095,-0.0608
429,136502.2,108,SweepArea,10.00,-0.095,2.933,3.0285
430,136503.3,108,SweepArea,1.07,2.933,2.390,-0.5433
430,136503.6,108,SweepArea,-0.44,2.390,1.556,-0.8342
430,136504.0,90,HideSpotCheck,-0.50,-0.070,-0.178,-0.1076
430,136504.3,90,HideSpotCheck,-0.50,-0.178,-0.253,-0.0753
430,136527.9,90,SweepArea,-0.09,-0.237,-0.183,0.0544
430,136556.6,126,Patrol,-0.19,-0.376,-0.313,0.0634
431,136601.7,126,Patrol,-0.80,-0.313,-0.456,-0.1435
431,136641.1,126,Patrol,0.01,-0.456,-0.313,0.1431
431,136686.2,126,Patrol,-0.90,-0.313,-0.485,-0.1720
431,136731.4,144,Patrol,-1.08,-0.694,-0.806,-0.1123
431,136740.6,144,SweepArea,-0.06,-0.735,-0.243,0.4925
431,136757.0,108,SweepArea,-0.01,1.556,1.098,-0.4580
431,136786.4,126,Patrol,0.11,-0.485,-0.301,0.1838
431,136831.6,126,Patrol,-0.88,-0.301,-0.473,-0.1714
431,136861.5,126,Patrol,0.92,-0.473,-0.050,0.4226
431,136861.9,126,Patrol,-0.86,-0.050,-0.255,-0.2047
431,136866.9,74,InvestigateLastHeard,-0.01,0.583,0.425,-0.1586
431,136868.8,114,HideSpotCheck,0.23,-0.575,-0.309,0.2663
431,136869.4,114,HeatSweep,1.00,-0.080,0.263,0.3427
431,136872.4,114,HeatSweep,0.96,0.263,0.489,0.2262
431,136872.8,114,HeatSweep,0.96,0.489,0.654,0.1654
431,136873.1,114,HeatSweep,0.86,0.654,0.738,0.0843
431,136873.4,114,HeatSweep,0.75,0.738,0.766,0.0277
431,136873.8,114,HeatSweep,0.65,0.766,0.754,-0.0120
431,136874.2,114,HeatSweep,-0.05,0.754,0.534,-0.2200
431,136874.5,114,HeatSweep,-0.31,0.534,0.304,-0.2302
431,136874.8,114,HeatSweep,-0.56,0.304,0.066,-0.2375
431,136875.1,114,HeatSweep,-0.81,0.066,-0.176,-0.2424
431,136875.4,114,HeatSweep,-1.07,-0.176,-0.422,-0.2459
431,136875.7,114,HeatSweep,-1.32,-0.422,-0.670,-0.2484
431,136876.0,114,HeatSweep,-1.57,-0.670,-0.920,-0.2501
431,136876.3,114,HeatSweep,-1.83,-0.920,-1.172,-0.2513
431,136876.6,114,HeatSweep,-2.08,-1.172,-1.424,-0.2523
431,136876.9,114,HeatSweep,-2.33,-1.424,-1.677,-0.2528
431,136877.3,114,HeatSweep,-2.59,-1.677,-1.930,-0.2535
431,136877.6,114,HeatSweep,-2.84,-1.930,-2.184,-0.2537
431,136878.0,114,HeatSweep,-3.09,-2.184,-2.438,-0.2539
431,136878.3,114,HeatSweep,-3.34,-2.438,-2.692,-0.2540
431,136878.5,114,HeatSweep,-3.60,-2.692,-2.946,-0.2539
431,136878.9,114,HeatSweep,-3.65,-2.946,-3.140,-0.1940
431,136879.2,114,HeatSweep,-3.90,-3.140,-3.352,-0.2120
431,136879.5,114,HeatSweep,-4.16,-3.352,-3.576,-0.2246
431,136879.8,114,HeatSweep,-4.41,-3.576,-3.810,-0.2334
431,136880.1,114,HeatSweep,-4.66,-3.810,-4.049,-0.2396
431,136880.5,114,HeatSweep,-4.92,-4.049,-4.293,-0.2442
431,136880.8,114,HeatSweep,-5.17,-4.293,-4.541,-0.2471
431,136881.1,114,HeatSweep,-5.42,-4.541,-4.790,-0.2492
431,136881.4,114,HeatSweep,10.00,-4.790,-0.353,4.4369
432,136881.4,114,HeatSweep,-0.28,-0.353,-0.300,0.0529
432,136881.8,122,HeatSweep,1.20,0.192,0.523,0.3314
432,136882.1,122,HeatSweep,1.20,0.523,0.755,0.2315
432,136882.4,122,HeatSweep,1.10,0.755,0.886,0.1316
432,136882.7,122,HeatSweep,0.99,0.886,0.944,0.0578
432,136883.1,122,HeatSweep,-0.67,0.944,0.481,-0.4633
432,136888.0,90,SweepArea,-0.20,-0.183,-0.164,0.0182
432,136904.1,144,SweepArea,-0.01,-0.243,-0.161,0.0825
432,136912.4,144,SweepArea,-0.23,-0.161,-0.163,-0.0023
432,136921.1,144,SweepArea,-0.34,-0.163,-0.196,-0.0334
432,136930.1,144,SweepArea,-0.29,-0.196,-0.205,-0.0092
432,136939.0,144,SweepArea,-0.39,-0.205,-0.241,-0.0360
432,136947.8,144,SweepArea,-1.04,-0.241,-0.463,-0.2215
432,136976.5,126,Patrol,0.17,-0.255,-0.120,0.1345
432,137021.7,126,Patrol,-0.95,-0.120,-0.367,-0.2465
432,137036.0,144,SweepArea,-0.29,-0.463,-0.398,0.0653
432,137044.7,144,SweepArea,-0.24,-0.398,-0.330,0.0671
432,137053.0,144,SweepArea,-0.04,-0.330,-0.223,0.1070
432,137082.3,126,Patrol,-0.19,-0.367,-0.308,0.0588
432,137127.2,126,Patrol,-0.20,-0.308,-0.272,0.0362
432,137141.9,144,SweepArea,-0.30,-0.223,-0.232,-0.0082
432,137151.0,144,SweepArea,-0.09,-0.232,-0.170,0.0613
432,137159.6,144,SweepArea,-0.24,-0.170,-0.180,-0.0098
432,137161.4,145,AmbushHotChoke,1.14,-0.378,0.095,0.4730
432,137163.8,145,AmbushHotChoke,-0.34,0.095,0.078,-0.0170
432,137168.9,67,HideSpotCheck,0.36,0.469,0.446,-0.0234
432,137185.5,121,SweepArea,-0.32,-0.169,-0.203,-0.0344
432,137200.7,145,AmbushHotChoke,-0.65,0.078,-0.130,-0.2072
432,137201.0,131,HideSpotCheck,-0.50,-0.264,-0.310,-0.0458
432,137218.5,131,SweepArea,-0.02,-0.292,-0.202,0.0905
432,137235.0,131,SweepArea,-0.16,-0.202,-0.179,0.0227
432,137251.1,131,SweepArea,-0.31,-0.179,-0.207,-0.0283
432,137274.8,131,SweepArea,-0.30,-0.207,-0.227,-0.0195
432,137297.7,131,SweepArea,-0.36,-0.227,-0.263,-0.0361
432,137307.7,145,AmbushHotChoke,-5.00,-0.130,-1.591,-1.4611
433,137312.8,145,AmbushHotChoke,-0.50,-1.591,-1.250,0.3407
433,137357.8,126,Patrol,-0.80,-0.272,-0.428,-0.1557
434,137361.6,126,Patrol,1.11,-0.428,0.047,0.4744
434,137362.2,126,Patrol,1.11,0.047,0.377,0.3299
434,137362.5,126,Patrol,-0.50,0.377,0.132,-0.2451
434,137367.6,90,SweepArea,-0.20,-0.164,-0.152,0.0119
434,137392.7,144,SweepArea,-0.60,-0.180,-0.298,-0.1180
434,137402.0,144,SweepArea,0.06,-0.298,-0.173,0.1249
434,137406.0,144,SweepArea,-0.29,-0.173,-0.184,-0.0106
434,137409.5,144,SweepArea,-0.23,-0.184,-0.174,0.0096
434,137413.3,144,SweepArea,-0.34,-0.174,-0.199,-0.0245
434,137417.9,144,SweepArea,-1.04,-0.199,-0.429,-0.2301
434,137442.5,144,SweepArea,-1.65,-0.429,-0.783,-0.3536
434,137483.4,126,Patrol,0.10,0.132,0.163,0.0309
434,137496.6,108,SweepArea,-0.28,1.098,0.852,-0.2461
434,137512.9,108,SweepArea,-0.31,0.852,0.613,-0.2392
434,137529.3,108,SweepArea,-0.16,0.613,0.460,-0.1525
434,137545.4,108,SweepArea,-0.41,0.460,0.259,-0.2010
434,137561.8,108,SweepArea,-0.36,0.259,0.106,-0.1533
434,137578.3,108,SweepArea,-0.62,0.106,-0.097,-0.2027
434,137594.3,108,SweepArea,-1.16,-0.097,-0.403,-0.3060
434,137610.8,108,SweepArea,-1.57,-0.403,-0.740,-0.3366
434,137626.9,108,SweepArea,-1.66,-0.740,-1.003,-0.2633
434,137637.6,108,HideSpotCheck,0.14,-0.898,-0.570,0.3288
434,137649.1,108,HideSpotCheck,0.14,-0.570,-0.342,0.2271
434,137659.8,108,HideSpotCheck,0.30,-0.342,-0.134,0.2080
434,137660.2,108,HideSpotCheck,0.90,-0.134,0.201,0.3357
434,137660.5,108,HideSpotCheck,0.80,0.201,0.408,0.2065
434,137663.4,108,HideSpotCheck,0.66,0.408,0.507,0.0997
434,137663.8,108,HideSpotCheck,-0.04,0.507,0.366,-0.1417
434,137664.1,108,HideSpotCheck,-0.29,0.366,0.187,-0.1784
434,137664.4,108,HideSpotCheck,-0.55,0.187,-0.014,-0.2012
434,137664.8,108,HideSpotCheck,-0.80,-0.014,-0.231,-0.2171
434,137665.0,108,HideSpotCheck,-1.05,-0.231,-0.459,-0.2282
434,137665.3,108,HideSpotCheck,-1.31,-0.459,-0.695,-0.2359
434,137665.7,108,HideSpotCheck,-1.56,-0.695,-0.936,-0.2413
434,137666.0,108,HideSpotCheck,-1.81,-0.936,-1.182,-0.2453
434,137666.3,108,HideSpotCheck,-2.06,-1.182,-1.430,-0.2479
434,137666.6,108,HideSpotCheck,-2.32,-1.430,-1.679,-0.2498
434,137666.9,108,HideSpotCheck,-2.57,-1.679,-1.930,-0.2510
434,137667.3,108,HideSpotCheck,-2.82,-1.930,-2.182,-0.2519
434,137667.5,108,HideSpotCheck,-3.08,-2.182,-2.435,-0.2525
434,137667.9,108,HideSpotCheck,-3.33,-2.435,-2.688,-0.2530
434,137668.2,108,HideSpotCheck,-3.58,-2.688,-2.941,-0.2532
434,137668.6,108,HideSpotCheck,-3.84,-2.941,-3.195,-0.2537
434,137669.0,108,HideSpotCheck,-4.09,-3.195,-3.449,-0.2541
434,137669.3,108,HideSpotCheck,-4.34,-3.449,-3.703,-0.2540
434,137669.6,108,HideSpotCheck,-4.60,-3.703,-3.957,-0.2539
434,137669.9,108,HideSpotCheck,-4.85,-3.957,-4.211,-0.2539
434,137670.2,108,HideSpotCheck,-4.90,-4.211,-4.404,-0.1939
434,137670.5,108,HideSpotCheck,-5.16,-4.404,-4.616,-0.2119
434,137670.8,108,HideSpotCheck,-5.41,-4.616,-4.841,-0.2244
434,137671.1,108,HideSpotCheck,-5.66,-4.841,-5.074,-0.2332
434,137671.4,108,HideSpotCheck,-5.92,-5.074,-5.313,-0.2394
434,137671.7,108,HideSpotCheck,-6.17,-5.313,-5.557,-0.2438
434,137672.1,108,HideSpotCheck,-6.42,-5.557,-5.804,-0.2470
434,137672.4,108,HideSpotCheck,-6.68,-5.804,-6.053,-0.2490
434,137672.7,108,HideSpotCheck,-6.93,-6.053,-6.304,-0.2504
434,137673.0,108,HideSpotCheck,-7.18,-6.304,-6.555,-0.2514
434,137673.3,108,HideSpotCheck,-7.43,-6.555,-6.807,-0.2521
434,137673.6,108,HideSpotCheck,-7.69,-6.807,-7.060,-0.2525
434,137674.0,108,HideSpotCheck,-7.94,-7.060,-7.313,-0.2529
434,137674.2,108,HideSpotCheck,-8.19,-7.313,-7.566,-0.2531
434,137674.6,108,HideSpotCheck,10.00,-7.566,-2.296,5.2697
435,137674.6,108,HideSpotCheck,-0.30,-2.296,-1.671,0.6251
435,137674.9,120,Patrol,1.20,0.181,0.510,0.3290
435,137675.4,120,Patrol,1.20,0.510,0.740,0.2298
435,137675.7,120,Patrol,1.19,0.740,0.897,0.1572
435,137676.0,120,Patrol,-0.46,0.897,0.509,-0.3883
435,137680.2,90,SweepArea,-0.19,-0.152,-0.140,0.0121
435,137684.5,144,SweepArea,-0.19,-0.783,-0.582,0.2009
435,137688.4,144,SweepArea,-0.19,-0.582,-0.440,0.1417
435,137692.3,144,SweepArea,-0.29,-0.440,-0.370,0.0698
435,137696.1,144,SweepArea,-0.39,-0.370,-0.351,0.0191
435,137699.9,144,SweepArea,-0.49,-0.351,-0.368,-0.0169
435,137704.0,144,SweepArea,-1.04,-0.368,-0.545,-0.1772
435,137707.9,144,SweepArea,-1.29,-0.545,-0.744,-0.1985
435,137711.9,144,SweepArea,-1.69,-0.744,-1.004,-0.2600
435,137757.1,144,Patrol,-0.78,-0.806,-0.794,0.0121
435,137802.2,144,Patrol,-0.80,-0.794,-0.793,0.0010
435,137830.0,144,Patrol,0.16,-0.793,-0.496,0.2968
435,137874.7,126,Patrol,-0.01,0.163,0.113,-0.0491
435,137919.8,108,Patrol,-1.15,-0.952,-1.008,-0.0569
435,137964.9,144,Patrol,-1.25,-0.496,-0.720,-0.2237
435,138007.6,144,Patrol,-1.07,-0.720,-0.822,-0.1027
435,138020.6,108,SweepArea,-0.28,-1.003,-0.771,0.2314
435,138027.2,108,SweepArea,0.96,-0.771,-0.234,0.5376
435,138031.2,108,SweepArea,-0.61,-0.234,-0.340,-0.1058
435,138042.6,82,HeatSweep,0.04,-0.004,0.023,0.0276
435,138046.8,148,SweepArea,-0.19,-0.003,-0.038,-0.0346
435,138092.0,148,Patrol,-0.86,-0.010,-0.250,-0.2395
435,138105.6,122,HeatSweep,0.01,0.481,0.630,0.1492
435,138114.9,130,HeatSweep,0.06,1.940,1.736,-0.2036
435,138123.8,130,HeatSweep,-0.01,1.736,1.230,-0.5065
435,138137.6,131,SweepArea,-0.29,-0.263,-0.258,0.0051
435,138146.1,131,SweepArea,-0.24,-0.258,-0.235,0.0230
435,138155.1,131,SweepArea,-0.09,-0.235,-0.175,0.0602
435,138164.2,131,SweepArea,-0.34,-0.175,-0.209,-0.0342
435,138173.2,131,SweepArea,-0.44,-0.209,-0.262,-0.0532
435,138198.2,131,SweepArea,-0.86,-0.262,-0.433,-0.1714
435,138215.7,125,SweepArea,-1.33,0.024,-0.370,-0.3945
435,138225.4,131,HideSpotCheck,0.30,-0.310,-0.111,0.1994
435,138234.9,131,HideSpotCheck,0.41,-0.111,0.052,0.1631
435,138245.0,149,HideSpotCheck,0.15,0.018,0.072,0.0543
435,138255.0,131,HideSpotCheck,0.20,0.052,0.112,0.0595
435,138264.8,131,HideSpotCheck,0.10,0.112,0.130,0.0176
435,138274.6,131,HideSpotCheck,-0.15,0.130,0.070,-0.0599
435,138284.3,131,HideSpotCheck,-0.70,0.070,-0.145,-0.2141
435,138294.3,131,HideSpotCheck,-1.10,-0.145,-0.416,-0.2714
435,138309.5,131,AmbushHotChoke,-0.51,-0.325,-0.369,-0.0442
435,138318.5,125,HeatSweep,-0.24,-0.041,-0.077,-0.0358
435,138333.8,137,SweepArea,-0.30,0.128,0.011,-0.1177
435,138344.8,131,HeatSweep,0.10,-0.346,-0.208,0.1372
435,138358.1,147,HeatSweep,-0.28,-0.095,-0.146,-0.0506
435,138363.5,143,SweepArea,-0.04,-0.107,-0.077,0.0300
435,138370.0,143,SweepArea,-0.07,-0.077,-0.058,0.0188
435,138376.6,137,SweepArea,-0.22,0.011,-0.042,-0.0528
435,138383.3,137,SweepArea,-0.17,-0.042,-0.064,-0.0224
435,138390.2,137,SweepArea,-0.27,-0.064,-0.111,-0.0461
435,138397.2,137,SweepArea,-0.52,-0.111,-0.218,-0.1078
435,138410.3,137,AmbushHotChoke,-0.02,-0.208,-0.140,0.0684
435,138413.5,123,AmbushHotChoke,-0.18,-0.216,-0.188,0.0280
435,138416.9,123,AmbushHotChoke,-0.18,-0.188,-0.169,0.0188
435,138421.1,123,AmbushHotChoke,-0.29,-0.169,-0.189,-0.0195
435,138424.4,123,AmbushHotChoke,-0.38,-0.189,-0.229,-0.0405
435,138427.0,123,AmbushHotChoke,-0.48,-0.229,-0.285,-0.0556
435,138431.2,123,AmbushHotChoke,-1.19,-0.285,-0.540,-0.2551
435,138444.2,123,HideSpotCheck,0.12,-0.288,-0.155,0.1333
435,138455.1,123,HideSpotCheck,0.14,-0.155,-0.054,0.1007
435,138466.0,123,HideSpotCheck,0.34,-0.054,0.077,0.1313
435,138466.3,123,HideSpotCheck,-5.00,0.077,-1.446,-1.5231
436,138481.1,123,HideSpotCheck,-0.50,-1.446,-1.147,0.2993
436,138503.8,126,Patrol,1.00,0.113,0.389,0.2751
436,138504.1,126,Patrol,-0.68,0.389,0.106,-0.2829
436,138509.4,74,InvestigateLastHeard,0.14,0.425,0.359,-0.0654
436,138525.4,108,SweepArea,-0.01,-0.340,-0.227,0.1122
436,138554.6,144,Patrol,0.11,-0.822,-0.537,0.2855
436,138599.9,144,Patrol,-0.77,-0.537,-0.603,-0.0658
436,138639.3,126,Patrol,-0.29,0.106,-0.010,-0.1157
436,138684.3,126,Patrol,-1.05,-0.010,-0.320,-0.3099
436,138689.6,128,AmbushHotChoke,-0.20,-0.062,-0.088,-0.0264
436,138694.0,128,AmbushHotChoke,-0.19,-0.088,-0.103,-0.0149
436,138697.3,128,AmbushHotChoke,-0.18,-0.103,-0.109,-0.0062
436,138700.3,128,AmbushHotChoke,-0.28,-0.109,-0.142,-0.0332
436,138704.1,128,AmbushHotChoke,-0.39,-0.142,-0.199,-0.0562
436,138708.5,128,AmbushHotChoke,-0.49,-0.199,-0.270,-0.0715
436,138744.4,128,Patrol,0.04,-0.263,-0.143,0.1198
436,138756.3,122,HeatSweep,0.03,0.630,0.467,-0.1635
436,138785.0,144,Patrol,0.17,-0.603,-0.366,0.2368
436,138793.0,83,AmbushHotChoke,-0.06,0.083,0.055,-0.0280
436,138838.1,123,Patrol,-0.80,-0.392,-0.513,-0.1213
436,138839.7,145,SweepArea,-0.17,-0.968,-0.713,0.2545
436,138841.2,145,SweepArea,-0.17,-0.713,-0.535,0.1787
436,138842.8,145,SweepArea,-0.17,-0.535,-0.410,0.1249
436,138844.3,145,SweepArea,-0.27,-0.410,-0.352,0.0574
436,138846.0,145,SweepArea,-0.37,-0.352,-0.343,0.0097
436,138847.7,145,SweepArea,-0.47,-0.343,-0.366,-0.0230
436,138849.1,145,SweepArea,-1.16,-0.366,-0.591,-0.2253
436,138851.7,145,SweepArea,-1.43,-0.591,-0.828,-0.2371
436,138853.2,145,SweepArea,-1.66,-0.828,-1.065,-0.2368
436,138898.4,145,Patrol,-0.88,-1.008,-0.968,0.0408
436,138939.6,91,Patrol,-0.15,0.089,0.021,-0.0678
436,138952.1,117,HeatSweep,-0.28,-0.227,-0.239,-0.0122
436,138965.0,147,HeatSweep,0.00,-0.146,-0.088,0.0580
436,138978.3,117,SweepArea,-0.28,-0.237,-0.246,-0.0090
437,139023.5,135,Patrol,-0.80,-0.802,-0.799,0.0028
437,139062.6,144,Patrol,0.01,-0.366,-0.249,0.1169
437,139107.8,126,Patrol,-0.88,-0.320,-0.484,-0.1641
437,139152.8,144,Patrol,-1.15,-0.249,-0.516,-0.2676
437,139196.4,144,Patrol,-0.38,-0.516,-0.473,0.0432
437,139209.8,108,SweepArea,-0.28,-0.227,-0.230,-0.0028
437,139226.1,108,SweepArea,-0.31,-0.230,-0.243,-0.0129
437,139242.6,108,SweepArea,-0.31,-0.243,-0.252,-0.0087
437,139287.8,144,Patrol,-0.80,-0.473,-0.569,-0.0957
437,139332.9,126,Patrol,-0.90,-0.484,-0.605,-0.1207
437,139348.6,108,SweepArea,-0.16,-0.252,-0.210,0.0414
437,139365.0,108,SweepArea,-0.31,-0.210,-0.229,-0.0190
437,139375.4,108,HideSpotCheck,0.30,-1.671,-1.063,0.6080
437,139390.4,108,SweepArea,-0.30,-0.229,-0.237,-0.0081
437,139407.3,108,SweepArea,-0.32,-0.237,-0.249,-0.0119
437,139452.4,126,Patrol,-0.79,-0.605,-0.660,-0.0549
437,139490.1,145,Patrol,-0.28,-0.968,-0.758,0.2093
438,139535.2,145,Patrol,-0.80,-0.758,-0.768,-0.0097
438,139580.3,144,Patrol,-0.64,-0.569,-0.587,-0.0178
438,139588.2,108,SweepArea,-0.23,-0.249,-0.224,0.0250
438,139613.4,108,SweepArea,-0.60,-0.224,-0.330,-0.1053
438,139646.7,126,Patrol,0.15,-0.660,-0.410,0.2496
438,139691.8,144,Patrol,-0.88,-0.587,-0.673,-0.0856
438,139730.6,144,Patrol,0.16,-0.673,-0.419,0.2539
438,139741.9,114,HeatSweep,0.04,-0.300,-0.182,0.1175
438,139777.6,144,Patrol,-0.02,-0.419,-0.295,0.1238
438,139790.2,114,HeatSweep,-0.28,-0.182,-0.195,-0.0122
438,139817.7,144,Patrol,0.25,-0.295,-0.125,0.1699
438,139862.9,134,Patrol,-0.95,-0.232,-0.445,-0.2133
438,139907.5,144,Patrol,-0.35,-0.125,-0.189,-0.0642
438,139939.2,128,Patrol,-0.01,-0.143,-0.097,0.0467
438,139984.0,129,Patrol,-0.18,-0.706,-0.546,0.1606
438,140020.2,129,Patrol,-0.37,-0.546,-0.491,0.0545
438,140065.3,135,Patrol,-1.95,-0.799,-1.141,-0.3426
439,140110.5,145,Patrol,-0.80,-0.768,-0.775,-0.0072
440,140155.6,126,Patrol,-0.80,-0.410,-0.525,-0.1145
441,140194.9,144,Patrol,0.01,-0.189,-0.126,0.0630
441,140239.0,144,Patrol,0.08,-0.126,-0.060,0.0662
441,140284.3,126,Patrol,-0.90,-0.525,-0.634,-0.1092
441,140329.3,144,Patrol,-1.08,-0.060,-0.364,-0.3038
441,140372.6,144,Patrol,-0.63,-0.364,-0.441,-0.0775
442,140417.8,126,Patrol,-0.80,-0.634,-0.681,-0.0475
442,140462.8,144,Patrol,-0.80,-0.441,-0.546,-0.1047
442,140507.9,144,Patrol,-0.74,-0.546,-0.602,-0.0556
442,140517.1,108,SweepArea,-0.09,-0.330,-0.239,0.0909
442,140526.4,108,SweepArea,-0.24,-0.239,-0.223,0.0161
442,140535.9,108,SweepArea,-0.25,-0.223,-0.213,0.0099
442,140543.0,114,HeatSweep,0.08,-0.195,-0.092,0.1027
442,140569.1,144,Patrol,0.14,-0.602,-0.372,0.2300
442,140612.6,144,Patrol,-0.04,-0.372,-0.268,0.1032
442,140657.6,128,Patrol,-0.95,-0.097,-0.350,-0.2532
442,140702.7,144,Patrol,-0.98,-0.268,-0.479,-0.2110
442,140743.7,144,Patrol,-0.19,-0.479,-0.390,0.0893
442,140756.4,134,HeatSweep,-0.28,0.014,-0.062,-0.0764
442,140771.6,128,AmbushHotChoke,-0.65,-0.270,-0.375,-0.1051
442,140785.4,134,HeatSweep,0.00,-0.062,-0.028,0.0337
442,140794.3,146,HeatSweep,0.00,-0.070,-0.032,0.0374
442,140803.4,117,HeatSweep,-0.24,-0.239,-0.237,0.0024
442,140812.5,147,HeatSweep,-0.11,-0.088,-0.076,0.0119
442,140821.6,117,HeatSweep,-0.44,-0.237,-0.296,-0.0586
442,140830.3,147,HeatSweep,-0.54,-0.076,-0.208,-0.1323
442,140837.6,135,HideSpotCheck,0.36,-0.932,-0.538,0.3938
442,140847.8,135,HideSpotCheck,0.30,-0.538,-0.281,0.2567
442,140858.0,135,HideSpotCheck,0.30,-0.281,-0.102,0.1793
442,140867.9,135,HideSpotCheck,0.05,-0.102,-0.050,0.0516
442,140877.7,135,HideSpotCheck,0.10,-0.050,0.001,0.0517
442,140887.8,135,HideSpotCheck,0.00,0.001,0.006,0.0050
442,140897.8,135,HideSpotCheck,-0.85,0.006,-0.245,-0.2513
442,140907.7,135,HideSpotCheck,-1.10,-0.245,-0.495,-0.2504
442,140917.7,135,HideSpotCheck,-1.35,-0.495,-0.746,-0.2510
442,140927.7,135,HideSpotCheck,-1.60,-0.746,-0.997,-0.2503
442,140937.5,135,HideSpotCheck,-1.70,-0.997,-1.201,-0.2041
442,140946.8,135,SweepArea,-0.24,-1.049,-0.801,0.2477
442,140955.2,135,SweepArea,-0.23,-0.801,-0.613,0.1880
442,140984.3,129,Patrol,0.11,-0.491,-0.305,0.1862
442,141013.7,129,Patrol,0.17,-0.305,-0.155,0.1499
442,141053.0,129,Patrol,0.00,-0.155,-0.104,0.0512
442,141066.0,117,SweepArea,-0.28,-0.246,-0.242,0.0041
442,141082.3,117,SweepArea,-0.31,-0.242,-0.251,-0.0093
443,141127.4,129,Patrol,-0.80,-0.104,-0.310,-0.2064
443,141166.7,126,Patrol,0.06,-0.681,-0.454,0.2277
443,141211.9,144,Patrol,-0.89,-0.390,-0.539,-0.1484
443,141256.9,144,Patrol,-1.15,-0.539,-0.719,-0.1807
443,141271.2,148,SweepArea,0.01,-0.038,0.153,0.1904
443,141282.5,130,HeatSweep,0.10,1.230,0.908,-0.3218
443,141325.5,144,Patrol,-0.05,-0.719,-0.489,0.2305
443,141329.9,116,HeatSweep,10.00,0.880,3.616,2.7360
444,141334.1,116,HeatSweep,0.06,3.616,2.569,-1.0467
444,141379.2,126,Patrol,-0.67,-0.454,-0.516,-0.0620
444,141424.3,144,Patrol,-0.80,-0.489,-0.579,-0.0907
444,141452.9,126,Patrol,0.18,-0.516,-0.299,0.2170
444,141496.2,144,Patrol,-0.13,-0.579,-0.443,0.1369
445,141541.3,126,Patrol,-0.80,-0.299,-0.446,-0.1477
445,141586.4,144,Patrol,-0.69,-0.443,-0.515,-0.0720
446,141631.5,144,Patrol,-0.80,-0.515,-0.597,-0.0829
446,141675.3,126,Patrol,0.10,-0.446,-0.279,0.1668
446,141684.6,108,SweepArea,0.06,-0.213,-0.113,0.0993
447,141729.7,144,Patrol,-0.80,-0.597,-0.655,-0.0580
447,141773.2,144,Patrol,0.05,-0.655,-0.439,0.2163
447,141818.3,144,Patrol,-0.90,-0.439,-0.576,-0.1365
447,141846.6,128,Patrol,-0.08,-0.350,-0.265,0.0850
447,141891.6,128,Patrol,-0.28,-0.265,-0.268,-0.0032
447,141928.8,128,Patrol,-1.04,-0.268,-0.497,-0.2285
447,141931.6,137,AmbushHotChoke,-0.18,-0.140,-0.133,0.0069
447,141935.5,137,AmbushHotChoke,-0.19,-0.133,-0.132,0.0006
447,141939.6,137,AmbushHotChoke,-0.19,-0.132,-0.133,-0.0003
447,141942.9,137,AmbushHotChoke,-0.28,-0.133,-0.160,-0.0275
447,141946.6,137,AmbushHotChoke,-0.39,-0.160,-0.210,-0.0503
447,141949.5,137,AmbushHotChoke,-0.48,-0.210,-0.273,-0.0623
447,141962.7,137,SweepArea,-0.28,-0.218,-0.227,-0.0081
447,141979.4,137,SweepArea,-0.32,-0.227,-0.243,-0.0164
447,141988.7,131,HeatSweep,0.06,-0.208,-0.119,0.0891
447,142018.8,145,Patrol,0.07,-0.775,-0.515,0.2604
447,142031.1,131,HeatSweep,-0.27,-0.119,-0.157,-0.0380
447,142061.0,145,Patrol,0.08,-0.515,-0.332,0.1827
447,142073.3,131,HeatSweep,-0.27,-0.157,-0.184,-0.0264
447,142103.3,145,Patrol,0.08,-0.332,-0.204,0.1277
447,142115.6,131,HeatSweep,-0.27,-0.184,-0.202,-0.0185
448,142157.5,145,Patrol,-0.02,-0.204,-0.117,0.0873
448,142163.3,130,HeatSweep,0.10,0.908,0.686,-0.2223
448,142177.7,146,HeatSweep,0.01,-0.032,-0.007,0.0256
448,142222.8,144,Patrol,-0.92,-0.576,-0.675,-0.0992
449,142264.9,144,Patrol,-0.02,-0.675,-0.455,0.2199
449,142279.9,130,HeatSweep,-0.50,0.686,0.344,-0.3422
449,142325.2,144,Patrol,-0.80,-0.455,-0.556,-0.1014
449,142333.2,144,SweepArea,-0.05,-1.004,-0.699,0.3046
449,142362.1,144,Patrol,0.11,-0.556,-0.349,0.2069
450,142407.2,126,Patrol,-0.80,-0.279,-0.433,-0.1535
450,142446.3,126,Patrol,0.01,-0.433,-0.296,0.1373
450,142491.3,126,Patrol,-0.90,-0.296,-0.474,-0.1779
450,142536.3,144,Patrol,-1.11,-0.349,-0.574,-0.2246
452,142581.4,144,Patrol,-0.80,-0.574,-0.639,-0.0651
452,142618.2,144,Patrol,0.65,-0.639,-0.249,0.3901
452,142620.1,144,Patrol,-0.84,-0.249,-0.423,-0.1735
452,142657.3,80,Patrol,-0.17,0.026,-0.029,-0.0554
452,142660.7,146,HeatSweep,-0.18,-0.007,-0.036,-0.0291
452,142664.1,146,HeatSweep,-0.18,-0.036,-0.056,-0.0205
452,142667.6,146,HeatSweep,-0.18,-0.056,-0.071,-0.0146
452,142671.1,146,HeatSweep,-0.28,-0.071,-0.111,-0.0402
452,142674.5,146,HeatSweep,-0.38,-0.111,-0.169,-0.0579
452,142678.0,146,HeatSweep,-0.48,-0.169,-0.240,-0.0705
452,142681.4,146,HeatSweep,-1.18,-0.240,-0.499,-0.2594
452,142712.6,146,Patrol,0.12,-0.271,-0.147,0.1236
452,142757.1,146,Patrol,-0.02,-0.147,-0.105,0.0417
452,142795.9,129,Patrol,0.14,-0.310,-0.174,0.1356
452,142810.9,135,SweepArea,0.00,-0.613,-0.427,0.1859
452,142823.3,147,HeatSweep,-0.03,-0.208,-0.143,0.0651
453,142868.4,123,Patrol,-0.80,-0.513,-0.596,-0.0834
453,142913.7,126,Patrol,-0.73,-0.474,-0.547,-0.0738
453,142951.0,126,Patrol,0.01,-0.547,-0.364,0.1831
453,142966.2,130,HeatSweep,-0.48,0.344,0.161,-0.1823
453,142981.3,122,HeatSweep,-0.63,0.467,0.245,-0.2220
453,142996.2,88,HideSpotCheck,0.10,0.769,0.916,0.1465
453,143012.6,142,SweepArea,-0.31,2.485,1.965,-0.5199
453,143028.5,142,SweepArea,-0.31,1.965,1.544,-0.4212
453,143044.8,142,SweepArea,-0.31,1.544,1.004,-0.5392
453,143051.3,136,HeatSweep,10.00,0.137,3.096,2.9588
454,143060.0,136,HeatSweep,-0.50,3.096,2.030,-1.0658
454,143104.1,144,Patrol,-0.04,-0.423,-0.305,0.1175
454,143149.3,126,Patrol,-0.80,-0.364,-0.493,-0.1284
454,143194.5,144,Patrol,-0.86,-0.305,-0.470,-0.1650
454,143237.7,144,Patrol,-0.18,-0.470,-0.380,0.0902
454,143250.9,108,SweepArea,-0.28,-0.113,-0.150,-0.0363
454,143267.1,108,SweepArea,-0.31,-0.150,-0.186,-0.0359
454,143312.1,126,Patrol,-0.76,-0.493,-0.571,-0.0780
454,143357.2,126,Patrol,-0.90,-0.571,-0.666,-0.0953
454,143402.3,126,Patrol,-0.94,-0.666,-0.746,-0.0805
454,143417.8,108,SweepArea,-0.30,-0.186,-0.209,-0.0229
454,143433.9,108,SweepArea,-0.31,-0.209,-0.227,-0.0186
454,143450.7,108,SweepArea,-0.32,-0.227,-0.242,-0.0152
454,143466.6,108,SweepArea,-0.26,-0.242,-0.234,0.0085
454,143483.1,108,SweepArea,-0.52,-0.234,-0.316,-0.0820
454,143499.7,109,SweepArea,-0.62,-0.346,-0.425,-0.0785
454,143516.3,109,SweepArea,-1.32,-0.425,-0.683,-0.2579
454,143561.5,127,Patrol,-0.92,-0.828,-0.854,-0.0257
454,143606.6,145,Patrol,-0.95,-0.117,-0.365,-0.2481
454,143651.7,127,Patrol,-0.66,-0.854,-0.793,0.0608
454,143680.0,145,Patrol,-0.28,-0.365,-0.337,0.0282
454,143724.1,145,Patrol,-0.54,-0.337,-0.396,-0.0589
455,143769.1,127,Patrol,-0.80,-0.793,-0.792,0.0006
456,143814.3,144,Patrol,-0.80,-0.380,-0.504,-0.1237
456,143851.1,144,Patrol,0.76,-0.504,-0.121,0.3831
456,143851.5,144,Patrol,-0.91,-0.121,-0.340,-0.2197
456,143856.1,74,InvestigateLastHeard,0.14,0.359,0.321,-0.0379
456,143856.4,54,HideSpotCheck,-0.50,0.123,-0.036,-0.1593
456,143863.1,108,SweepArea,-0.22,-0.316,-0.271,0.0446
456,143875.8,128,AmbushHotChoke,0.04,-0.375,-0.239,0.1359
456,143878.4,128,AmbushHotChoke,-0.18,-0.239,-0.202,0.0374
456,143882.2,128,AmbushHotChoke,-0.19,-0.202,-0.180,0.0216
456,143885.8,128,AmbushHotChoke,-0.29,-0.180,-0.195,-0.0142
456,143890.2,128,AmbushHotChoke,10.00,-0.195,2.864,3.0584
457,143892.7,128,AmbushHotChoke,0.08,2.864,2.044,-0.8195
457,143894.0,90,SweepArea,-0.16,-0.140,-0.127,0.0134
457,143895.5,90,SweepArea,-0.17,-0.127,-0.111,0.0160
457,143940.6,144,Patrol,-0.95,-0.340,-0.521,-0.1804
457,143951.0,144,Patrol,1.05,-0.521,-0.035,0.4855
457,143952.0,144,Patrol,-0.57,-0.035,-0.143,-0.1079
457,143955.4,74,InvestigateLastHeard,0.13,0.321,0.773,0.4519
457,143983.9,60,Patrol,0.11,-0.194,0.040,0.2345
457,143998.1,128,AmbushHotChoke,-0.10,2.044,1.697,-0.3475
457,144001.0,128,AmbushHotChoke,-0.18,1.697,1.573,-0.1238
457,144003.5,128,AmbushHotChoke,-0.18,1.573,1.464,-0.1093
457,144005.8,128,AmbushHotChoke,-0.27,1.464,1.332,-0.1314
457,144008.3,128,AmbushHotChoke,-0.38,1.332,1.171,-0.1613
457,144011.8,128,AmbushHotChoke,-0.48,1.171,0.968,-0.2027
457,144014.6,128,AmbushHotChoke,-1.18,0.968,0.576,-0.3922
457,144018.3,128,AmbushHotChoke,-1.44,0.576,0.115,-0.4615
457,144022.5,128,AmbushHotChoke,-1.69,0.115,-0.399,-0.5142
457,144026.1,128,AmbushHotChoke,-1.94,-0.399,-0.843,-0.4431
457,144053.9,128,Patrol,0.12,-0.497,-0.304,0.1926
457,144097.5,144,Patrol,-0.04,-0.143,-0.109,0.0345
457,144142.7,128,Patrol,-0.95,-0.304,-0.496,-0.1916
457,144187.8,144,Patrol,-0.98,-0.109,-0.367,-0.2588
457,144231.5,144,Patrol,-0.54,-0.367,-0.416,-0.0488
457,144276.7,128,Patrol,-1.25,-0.496,-0.721,-0.2252
458,144321.7,145,Patrol,-0.80,-0.396,-0.514,-0.1185
458,144366.7,144,Patrol,-0.77,-0.416,-0.520,-0.1041
459,144396.4,144,Patrol,0.10,-0.520,-0.328,0.1919
459,144400.5,90,SweepArea,-0.19,-0.111,-0.111,-0.0001
459,144445.8,144,Patrol,-0.80,-0.328,-0.468,-0.1396
459,144461.0,108,SweepArea,-0.30,-0.271,-0.268,0.0036
459,144478.1,108,SweepArea,-0.32,-0.268,-0.271,-0.0035
459,144523.3,144,Patrol,-0.95,-0.468,-0.610,-0.1423
459,144537.4,126,Patrol,0.91,-0.746,-0.237,0.5093
460,144538.0,126,Patrol,-0.50,-0.237,-0.302,-0.0653
460,144553.0,114,HeatSweep,-0.50,-0.092,-0.201,-0.1088
460,144598.2,144,Patrol,-0.95,-0.610,-0.710,-0.0996
460,144606.2,108,SweepArea,0.07,-0.271,-0.150,0.1218
460,144607.9,126,Patrol,0.98,-0.302,0.107,0.4094
461,144608.2,126,Patrol,-0.37,0.107,-0.012,-0.1187
461,144623.4,114,HeatSweep,-0.50,-0.201,-0.277,-0.0767
461,144624.8,144,SweepArea,-0.16,-0.699,-0.511,0.1883
461,144626.3,144,SweepArea,-0.17,-0.511,-0.380,0.1311
461,144627.6,144,SweepArea,-0.16,-0.380,-0.287,0.0924
461,144629.2,144,SweepArea,-0.27,-0.287,-0.253,0.0341
461,144630.5,144,SweepArea,-0.36,-0.253,-0.259,-0.0054
461,144632.0,144,SweepArea,-0.47,-0.259,-0.293,-0.0345
461,144633.6,144,SweepArea,-1.17,-0.293,-0.528,-0.2345
461,144635.1,144,SweepArea,-1.42,-0.528,-0.766,-0.2388
461,144674.4,144,Patrol,0.12,-0.710,-0.457,0.2525
461,144719.4,144,Patrol,-0.74,-0.457,-0.540,-0.0830
461,144764.5,126,Patrol,-0.76,-0.012,-0.234,-0.2224
461,144793.0,144,Patrol,0.02,-0.540,-0.367,0.1737
461,144836.8,144,Patrol,-0.54,-0.367,-0.415,-0.0484
461,144881.9,126,Patrol,-1.10,-0.234,-0.491,-0.2571
461,144927.1,144,Patrol,-1.88,-0.415,-0.852,-0.4370
461,144936.8,144,SweepArea,-0.05,-0.766,-0.533,0.2331
461,144953.5,144,SweepArea,-0.02,-0.533,-0.366,0.1675
461,144983.6,126,Patrol,0.10,-0.491,-0.308,0.1836
461,145004.1,126,Patrol,0.81,-0.308,0.036,0.3435
461,145005.5,126,Patrol,-0.56,0.036,-0.136,-0.1715
461,145015.3,75,SweepArea,-0.25,0.058,-0.024,-0.0825
461,145044.3,145,Patrol,-0.19,-0.514,-0.411,0.1035
461,145088.9,129,Patrol,-0.06,-0.174,-0.136,0.0382
461,145102.1,115,HeatSweep,0.02,-1.229,-0.841,0.3881
461,145136.6,129,Patrol,-0.01,-0.136,-0.094,0.0418
461,145142.2,117,SweepArea,-0.21,-0.251,-0.216,0.0346
461,145149.4,117,SweepArea,-0.22,-0.216,-0.211,0.0050
461,145155.9,135,SweepArea,-0.22,-0.427,-0.357,0.0702
461,145162.5,135,SweepArea,-0.16,-0.357,-0.292,0.0653
461,145169.3,135,SweepArea,-0.42,-0.292,-0.323,-0.0310
461,145175.6,135,SweepArea,-0.51,-0.323,-0.360,-0.0370
461,145219.2,129,Patrol,-0.34,-0.094,-0.167,-0.0722
461,145231.6,147,HeatSweep,0.07,-0.143,-0.075,0.0678
461,145249.3,135,SweepArea,-0.33,-0.360,-0.339,0.0211
461,145294.4,129,Patrol,-0.95,-0.167,-0.401,-0.2348
461,145303.9,147,HeatSweep,0.09,-0.075,-0.007,0.0680
461,145319.0,117,SweepArea,-0.30,-0.211,-0.225,-0.0140
461,145335.3,117,SweepArea,-0.31,-0.225,-0.248,-0.0223
461,145352.1,135,SweepArea,-0.32,-0.339,-0.329,0.0103
461,145364.3,135,SweepArea,-5.00,-0.329,-1.730,-1.4014
462,145377.2,135,SweepArea,-0.60,-1.730,-1.383,0.3469
462,145408.4,126,Patrol,0.09,-0.136,-0.062,0.0739
462,145453.4,126,Patrol,0.03,-0.062,-0.032,0.0296
462,145492.3,126,Patrol,0.16,-0.032,0.029,0.0607
462,145505.6,108,SweepArea,-0.28,-0.150,-0.175,-0.0258
462,145522.1,108,SweepArea,-0.32,-0.175,-0.205,-0.0294
462,145567.3,126,Patrol,-0.75,0.029,-0.201,-0.2295
462,145575.9,144,SweepArea,0.07,-0.366,-0.215,0.1512
462,145579.8,144,SweepArea,-0.04,-0.215,-0.137,0.0775
462,145583.9,144,SweepArea,-0.04,-0.137,-0.084,0.0532
462,145587.7,144,SweepArea,-0.29,-0.084,-0.121,-0.0370
462,145591.9,144,SweepArea,-0.39,-0.121,-0.178,-0.0573
462,145596.0,144,SweepArea,-0.34,-0.178,-0.203,-0.0245
462,145599.9,144,SweepArea,-1.04,-0.203,-0.429,-0.2264
462,145604.0,144,SweepArea,-1.44,-0.429,-0.709,-0.2796
462,145608.2,144,SweepArea,-1.54,-0.709,-0.934,-0.2257
462,145653.3,144,Patrol,-0.78,-0.852,-0.826,0.0259
462,145698.4,144,Patrol,-0.80,-0.826,-0.816,0.0103
462,145726.2,144,Patrol,0.17,-0.816,-0.513,0.3025
462,145769.8,126,Patrol,-0.15,-0.201,-0.185,0.0155
462,145783.4,109,SweepArea,-0.29,-0.683,-0.561,0.1220
462,145800.2,109,SweepArea,-0.32,-0.561,-0.485,0.0752
462,145816.8,109,SweepArea,-0.16,-0.485,-0.386,0.0991
462,145833.1,109,SweepArea,-0.41,-0.386,-0.392,-0.0058
462,145849.0,109,SweepArea,-0.21,-0.392,-0.327,0.0648
463,145894.2,127,Patrol,-0.80,-0.792,-0.792,0.0002
463,145935.1,144,Patrol,-0.07,-0.513,-0.378,0.1353
463,145946.1,114,HeatSweep,0.04,-0.277,-0.166,0.1116
463,145991.3,146,Patrol,-0.80,-0.105,-0.312,-0.2062
463,145995.8,146,HideSpotCheck,0.21,-0.309,-0.132,0.1770
463,145997.9,146,HideSpotCheck,0.23,-0.132,0.002,0.1340
463,145999.9,146,HideSpotCheck,0.23,0.002,0.096,0.0941
463,146001.8,146,HideSpotCheck,0.13,0.096,0.133,0.0369
463,146003.8,146,HideSpotCheck,0.03,0.133,0.138,0.0050
463,146005.9,146,HideSpotCheck,-0.07,0.138,0.112,-0.0257
463,146007.8,146,HideSpotCheck,-0.77,0.112,-0.121,-0.2338
463,146009.8,146,HideSpotCheck,-1.02,-0.121,-0.365,-0.2438
463,146054.8,146,Patrol,-0.73,-0.312,-0.414,-0.1027
463,146067.5,150,HeatSweep,-0.28,0.762,0.466,-0.2968
463,146079.9,146,AmbushHotChoke,-0.04,-0.314,-0.158,0.1556
463,146092.3,150,HeatSweep,-0.27,0.466,0.259,-0.2068
463,146105.1,146,AmbushHotChoke,-0.04,-0.158,-0.084,0.0747
463,146117.5,150,HeatSweep,-0.27,0.259,0.114,-0.1447
463,146130.2,146,AmbushHotChoke,-0.04,-0.084,-0.054,0.0296
463,146142.8,150,HeatSweep,0.02,0.114,0.103,-0.0114
463,146172.5,144,Patrol,0.01,-0.378,-0.260,0.1185
463,146185.7,151,HideSpotCheck,0.28,-0.156,-0.017,0.1385
463,146196.1,151,HideSpotCheck,0.15,-0.017,0.042,0.0586
463,146207.0,151,HideSpotCheck,0.34,0.042,0.141,0.0995
463,146217.4,151,HideSpotCheck,0.05,0.141,0.137,-0.0039
463,146228.4,151,HideSpotCheck,0.14,0.137,0.161,0.0243
463,146238.8,151,HideSpotCheck,-0.15,0.161,0.095,-0.0663
463,146249.6,151,HideSpotCheck,-0.66,0.095,-0.114,-0.2092
463,146261.6,151,HideSpotCheck,-1.12,-0.114,-0.407,-0.2931
464,146306.8,151,Patrol,-0.80,-0.273,-0.429,-0.1557
464,146351.9,144,Patrol,-0.95,-0.260,-0.464,-0.2044
464,146393.2,144,Patrol,0.10,-0.464,-0.292,0.1723
464,146406.7,108,SweepArea,-0.29,-0.205,-0.214,-0.0095
465,146451.8,126,Patrol,-0.80,-0.185,-0.367,-0.1815
465,146496.8,126,Patrol,-0.72,-0.367,-0.469,-0.1022
465,146522.0,108,SweepArea,-0.60,-0.214,-0.322,-0.1080
465,146530.0,126,Patrol,1.16,-0.469,0.038,0.5070
465,146531.6,126,Patrol,-0.60,0.038,0.216,0.1782
465,146545.1,60,HeatSweep,0.01,2.012,1.423,-0.5887
465,146560.3,128,HeatSweep,-0.47,-0.653,-0.584,0.0682
465,146605.5,144,Patrol,-0.95,-0.292,-0.487,-0.1953
465,146646.5,144,Patrol,-0.04,-0.487,-0.350,0.1367
465,146660.8,114,HeatSweep,-0.29,-0.166,-0.194,-0.0283
465,146675.3,128,HeatSweep,0.00,-0.584,-0.397,0.1874
465,146689.4,114,HeatSweep,-0.29,-0.194,-0.213,-0.0187
465,146704.0,128,HeatSweep,-0.10,-0.397,-0.297,0.1003
465,146717.9,114,HeatSweep,-0.49,-0.213,-0.285,-0.0725
465,146732.3,128,HeatSweep,-0.30,-0.297,-0.285,0.0111
465,146745.9,114,HeatSweep,-1.29,-0.285,-0.575,-0.2897
465,146760.5,128,HeatSweep,-1.26,-0.285,-0.564,-0.2785
465,146773.4,114,HideSpotCheck,0.12,-0.309,-0.166,0.1427
465,146788.6,114,HideSpotCheck,-0.63,-0.166,-0.293,-0.1270
465,146803.8,114,HideSpotCheck,-0.65,-0.293,-0.388,-0.0954
465,146819.0,114,AmbushHotChoke,-0.46,-0.419,-0.076,0.3428
465,146828.4,116,HeatSweep,0.06,2.569,1.833,-0.7364
465,146838.5,146,AmbushHotChoke,-0.01,-0.054,0.286,0.3400
465,146848.2,116,HeatSweep,-0.25,1.833,1.261,-0.5716
465,146854.4,146,AmbushHotChoke,-0.02,0.286,0.208,-0.0777
465,146859.3,128,HeatSweep,10.00,-0.564,2.605,3.1692
466,146863.0,128,HeatSweep,0.06,2.605,1.862,-0.7436
466,146902.9,144,Patrol,0.02,-0.350,-0.230,0.1206
466,146948.0,126,Patrol,-0.80,0.216,-0.086,-0.3024
466,146958.7,144,HideSpotCheck,0.33,-0.866,-0.489,0.3770
466,147003.8,144,Patrol,-0.95,-0.230,-0.443,-0.2134
466,147046.7,144,Patrol,0.09,-0.443,-0.280,0.1633
466,147060.0,134,HeatSweep,0.02,-0.028,0.266,0.2943
466,147069.5,128,HeatSweep,0.06,1.862,1.358,-0.5036
466,147076.5,146,AmbushHotChoke,0.12,0.208,0.202,-0.0062
466,147104.8,144,Patrol,0.19,-0.280,-0.124,0.1560
466,147117.4,146,AmbushHotChoke,-0.05,0.202,0.168,-0.0343
466,147131.2,134,HeatSweep,-0.29,0.266,0.125,-0.1414
466,147145.5,146,AmbushHotChoke,-0.04,0.168,0.123,-0.0447
466,147159.4,134,HeatSweep,-0.29,0.125,0.019,-0.1058
466,147167.0,146,AmbushHotChoke,0.07,0.123,0.384,0.2613
466,147206.0,128,Patrol,-0.01,-0.721,-0.506,0.2150
466,147220.1,134,HeatSweep,-0.29,0.019,-0.018,-0.0369
466,147225.1,146,AmbushHotChoke,-0.20,0.384,0.232,-0.1523
466,147252.7,144,Patrol,0.05,-0.124,-0.056,0.0680
466,147262.2,146,AmbushHotChoke,-0.25,0.232,0.107,-0.1249
466,147290.2,144,Patrol,0.04,-0.056,-0.018,0.0374
466,147301.1,146,AmbushHotChoke,-0.26,0.107,0.014,-0.0930
466,147329.2,144,Patrol,0.04,-0.018,0.006,0.0249
466,147339.7,146,AmbushHotChoke,-0.26,0.014,-0.050,-0.0638
466,147367.8,144,Patrol,0.04,0.006,0.024,0.0175
466,147377.4,146,AmbushHotChoke,-0.25,-0.050,-0.090,-0.0409
466,147405.3,144,Patrol,0.04,0.024,0.036,0.0123
466,147418.7,146,AmbushHotChoke,-0.06,-0.090,-0.071,0.0199
466,147432.4,134,HeatSweep,-0.29,-0.018,-0.085,-0.0665
466,147438.8,146,AmbushHotChoke,-0.21,-0.071,-0.092,-0.0219
466,147466.7,144,Patrol,0.04,0.036,0.046,0.0093
466,147477.5,146,AmbushHotChoke,-0.26,-0.092,-0.125,-0.0329
466,147505.2,144,Patrol,0.05,0.046,0.052,0.0068
466,147515.0,146,AmbushHotChoke,-0.25,-0.125,-0.144,-0.0189
466,147543.0,144,Patrol,0.04,0.052,0.057,0.0042
466,147552.8,146,AmbushHotChoke,-0.25,-0.144,-0.158,-0.0133
466,147580.6,144,Patrol,0.04,0.057,0.060,0.0033
466,147592.1,146,AmbushHotChoke,-0.27,-0.158,-0.174,-0.0159
466,147619.7,144,Patrol,0.05,0.060,0.063,0.0031
466,147629.6,146,AmbushHotChoke,-0.25,-0.174,-0.178,-0.0048
466,147657.5,144,Patrol,0.04,0.063,0.064,0.0008
466,147669.2,146,AmbushHotChoke,-0.27,-0.178,0.019,0.1976
466,147684.3,128,HeatSweep,-0.54,1.358,0.793,-0.5654
466,147698.1,135,HideSpotCheck,0.11,-1.201,-0.802,0.3985
466,147713.3,135,HideSpotCheck,-0.63,-0.802,-0.747,0.0550
466,147728.4,135,HideSpotCheck,-0.65,-0.747,-0.714,0.0333
466,147739.2,135,HideSpotCheck,0.26,-0.714,-0.417,0.2974
466,147750.3,135,HideSpotCheck,-0.06,-0.417,-0.305,0.1119
466,147765.3,135,HideSpotCheck,-0.91,-0.305,-0.482,-0.1768
466,147780.4,135,HideSpotCheck,-1.65,-0.482,-0.828,-0.3464
466,147790.9,135,HideSpotCheck,-0.89,-0.828,-0.840,-0.0122
466,147801.8,135,HideSpotCheck,-1.36,-0.840,-0.991,-0.1503
466,147809.9,135,HideSpotCheck,-5.00,-0.991,-2.193,-1.2028
467,147812.3,135,HideSpotCheck,0.44,-2.193,-1.385,0.8087
467,147857.4,144,Patrol,-0.73,0.064,-0.171,-0.2350
467,147902.4,144,Patrol,-0.80,-0.171,-0.357,-0.1858
467,147930.3,126,Patrol,0.12,-0.086,-0.017,0.0691
467,147975.1,126,Patrol,-0.04,-0.017,-0.022,-0.0052
467,148014.1,144,Patrol,0.05,-0.357,-0.230,0.1266
467,148018.3,108,SweepArea,10.00,-0.322,2.774,3.0966
468,148019.4,108,SweepArea,1.10,2.774,2.286,-0.4887
468,148019.8,108,SweepArea,-0.41,2.286,1.494,-0.7914
468,148024.0,90,SweepArea,-0.19,-0.111,-0.118,-0.0070
468,148029.5,90,SweepArea,-0.30,-0.118,-0.152,-0.0337
468,148074.7,144,Patrol,-0.95,-0.230,-0.444,-0.2135
468,148120.0,144,Patrol,-0.80,-0.444,-0.549,-0.1048
468,148156.4,126,Patrol,0.05,-0.022,0.068,0.0906
468,148170.0,108,SweepArea,-0.29,1.494,1.183,-0.3115
468,148184.7,108,SweepArea,10.00,1.183,3.828,2.6452
469,148195.2,108,SweepArea,-0.60,3.828,2.507,-1.3206
469,148198.0,144,HideSpotCheck,0.22,-0.489,-0.251,0.2388
469,148200.0,144,HideSpotCheck,0.23,-0.251,-0.079,0.1713
469,148202.0,144,HideSpotCheck,0.23,-0.079,0.040,0.1195
469,148204.0,144,HideSpotCheck,0.13,0.040,0.094,0.0533
469,148205.8,144,HideSpotCheck,0.03,0.094,0.102,0.0085
469,148207.8,144,HideSpotCheck,-0.07,0.102,0.078,-0.0238
469,148209.6,144,HideSpotCheck,-0.77,0.078,-0.149,-0.2271
469,148213.6,144,SweepArea,-0.19,-0.934,-0.687,0.2475
469,148215.5,144,HideSpotCheck,0.50,-0.149,0.073,0.2223
469,148217.6,144,HideSpotCheck,0.23,0.073,0.147,0.0734
469,148219.6,144,HideSpotCheck,0.23,0.147,0.212,0.0648
469,148221.4,144,HideSpotCheck,0.13,0.212,0.246,0.0338
469,148223.4,144,HideSpotCheck,0.03,0.246,0.247,0.0017
469,148225.4,144,HideSpotCheck,-0.07,0.247,0.219,-0.0283
469,148227.3,144,HideSpotCheck,-0.77,0.219,-0.017,-0.2364
469,148229.3,144,HideSpotCheck,-1.02,-0.017,-0.291,-0.2740
469,148231.3,144,HideSpotCheck,-1.27,-0.291,-0.558,-0.2670
469,148276.4,144,Patrol,-0.73,-0.549,-0.600,-0.0510
469,148276.7,144,HideSpotCheck,-0.50,-0.558,-0.511,0.0477
469,148277.0,144,HideSpotCheck,-0.50,-0.511,-0.477,0.0334
469,148277.3,144,HideSpotCheck,-0.50,-0.477,-0.454,0.0234
469,148277.7,144,HideSpotCheck,-0.60,-0.454,-0.467,-0.0136
469,148277.9,144,HideSpotCheck,-0.70,-0.467,-0.507,-0.0397
469,148278.2,144,HideSpotCheck,-0.80,-0.507,-0.565,-0.0577
469,148278.5,144,HideSpotCheck,-1.50,-0.565,-0.815,-0.2505
469,148323.6,144,Patrol,-0.88,-0.600,-0.681,-0.0809
469,148365.4,144,Patrol,-0.02,-0.681,-0.478,0.2021
469,148410.5,126,Patrol,-0.95,0.068,-0.234,-0.3026
469,148455.5,144,Patrol,-0.98,-0.478,-0.626,-0.1476
469,148498.1,144,Patrol,-0.53,-0.626,-0.593,0.0333
469,148543.3,126,Patrol,-1.06,-0.234,-0.478,-0.2434
469,148571.4,144,Patrol,-0.84,-0.593,-0.662,-0.0688
469,148606.5,127,Patrol,-0.39,-0.792,-0.669,0.1235
469,148609.4,127,Patrol,-2.34,-0.669,-1.152,-0.4828
469,148624.5,67,HideSpotCheck,-0.65,0.446,0.123,-0.3225
469,148631.0,121,AmbushHotChoke,0.01,-0.193,-0.121,0.0713
469,148635.1,121,AmbushHotChoke,-0.19,-0.121,-0.131,-0.0099
469,148638.9,121,AmbushHotChoke,-0.19,-0.131,-0.137,-0.0056
469,148643.0,121,AmbushHotChoke,-0.29,-0.137,-0.172,-0.0353
469,148646.5,121,AmbushHotChoke,-0.39,-0.172,-0.225,-0.0525
469,148660.2,121,SweepArea,-0.29,-0.203,-0.221,-0.0182
469,148705.3,121,Patrol,-0.80,-0.203,-0.380,-0.1771
469,148717.5,131,HeatSweep,0.06,-0.202,-0.109,0.0932
469,148730.8,131,HeatSweep,0.02,-0.109,-0.058,0.0506
469,148739.9,131,HeatSweep,0.06,-0.058,-0.007,0.0509
469,148753.0,131,HeatSweep,0.02,-0.007,0.007,0.0146
470,148798.0,145,Patrol,-0.80,-0.411,-0.525,-0.1141
471,148843.2,126,Patrol,-0.80,-0.478,-0.556,-0.0782
471,148845.5,68,InvestigateLastHeard,-0.17,0.644,0.734,0.0908
471,148852.0,116,HeatSweep,10.00,1.261,3.887,2.6260
472,148856.3,116,HeatSweep,0.04,3.887,2.746,-1.1410
472,148857.8,90,SweepArea,-0.17,-0.152,-0.128,0.0234
473,148894.8,144,Patrol,0.78,-0.662,-0.225,0.4364
473,148895.2,144,Patrol,-0.81,-0.225,-0.397,-0.1723
473,148897.7,56,InvestigateLastHeard,-0.18,0.074,0.018,-0.0559
473,148902.8,90,SweepArea,-0.20,-0.128,-0.127,0.0013
473,148921.9,144,Patrol,0.81,-0.397,-0.026,0.3715
473,148922.2,144,Patrol,-0.58,-0.026,-0.107,-0.0810
473,148927.6,74,InvestigateLastHeard,0.11,0.773,0.897,0.1243
473,148931.9,60,HeatSweep,0.11,1.423,1.220,-0.2033
473,148942.8,128,HeatSweep,0.11,0.793,0.935,0.1426
473,148951.1,136,HeatSweep,-0.23,2.030,1.383,-0.6478
473,148965.6,130,HeatSweep,-0.09,0.161,0.108,-0.0538
473,148979.7,130,HeatSweep,-0.23,0.108,0.030,-0.0775
473,148983.7,76,InvestigateLastHeard,-0.02,0.161,0.158,-0.0025
473,148996.4,152,HeatSweep,0.02,0.206,0.166,-0.0400
473,149004.0,146,AmbushHotChoke,-0.23,0.019,-0.037,-0.0559
473,149018.2,130,HeatSweep,-0.06,0.030,0.016,-0.0143
473,149033.2,130,HeatSweep,-0.50,0.016,-0.125,-0.1411
473,149078.3,144,Patrol,-0.91,-0.107,-0.345,-0.2385
473,149119.9,144,Patrol,-0.16,-0.345,-0.287,0.0584
473,149127.6,130,HeatSweep,10.00,-0.125,2.912,3.0376
474,149135.1,130,HeatSweep,-0.50,2.912,1.901,-1.0108
474,149180.1,144,Patrol,-0.64,-0.287,-0.317,-0.0302
474,149187.9,108,SweepArea,-0.23,2.507,2.193,-0.3145
474,149212.9,108,SweepArea,-0.60,2.193,1.363,-0.8297
474,149258.0,144,Patrol,-0.92,-0.317,-0.494,-0.1768
474,149303.2,126,Patrol,-0.76,-0.556,-0.615,-0.0589
474,149347.0,144,Patrol,0.08,-0.494,-0.320,0.1741
474,149386.1,144,Patrol,-0.39,-0.320,-0.337,-0.0174
474,149431.2,126,Patrol,-0.96,-0.615,-0.715,-0.1007
474,149459.2,145,Patrol,-0.14,-0.525,-0.403,0.1215
474,149473.5,127,AmbushHotChoke,-0.01,-1.040,-0.728,0.3119
474,149486.8,109,SweepArea,-0.28,-0.327,-0.311,0.0159
474,149502.8,109,SweepArea,-0.31,-0.311,-0.301,0.0101
474,149508.0,127,AmbushHotChoke,0.00,-0.728,-0.493,0.2345
474,149511.8,127,AmbushHotChoke,-0.19,-0.493,-0.383,0.1100
474,149515.8,127,AmbushHotChoke,-0.19,-0.383,-0.308,0.0757
474,149519.8,127,AmbushHotChoke,-0.29,-0.308,-0.284,0.0234
474,149534.8,127,AmbushHotChoke,-0.83,-0.284,-0.441,-0.1563
474,149580.1,145,Patrol,-0.95,-0.403,-0.567,-0.1632
474,149625.1,145,Patrol,-0.80,-0.567,-0.634,-0.0679
474,149634.6,127,AmbushHotChoke,-5.00,-0.441,-1.808,-1.3678
475,149638.4,127,AmbushHotChoke,0.02,-1.808,-1.246,0.5626
475,149682.2,144,Patrol,0.03,-0.337,-0.225,0.1121
476,149727.3,144,Patrol,-0.80,-0.225,-0.395,-0.1698
476,149768.7,144,Patrol,0.04,-0.395,-0.261,0.1336
476,149813.7,144,Patrol,-1.01,-0.261,-0.482,-0.2203
476,149858.8,144,Patrol,-1.15,-0.482,-0.680,-0.1979
476,149896.4,144,Patrol,-0.58,-0.680,-0.607,0.0722
476,149906.1,128,HeatSweep,0.05,0.935,0.689,-0.2467
476,149951.2,144,Patrol,-0.87,-0.607,-0.666,-0.0582
476,149961.2,128,HeatSweep,-0.25,0.689,0.425,-0.2638
476,150006.3,144,Patrol,-0.68,-0.666,-0.667,-0.0009
476,150018.8,146,AmbushHotChoke,0.08,-0.037,0.014,0.0507
476,150022.3,146,AmbushHotChoke,-0.19,0.014,-0.022,-0.0359
476,150025.4,146,AmbushHotChoke,-0.18,-0.022,-0.045,-0.0232
476,150029.6,146,AmbushHotChoke,-0.29,-0.045,-0.096,-0.0511
476,150033.9,146,AmbushHotChoke,-0.39,-0.096,-0.162,-0.0662
476,150037.2,146,AmbushHotChoke,-0.48,-0.162,-0.234,-0.0719
476,150041.4,146,AmbushHotChoke,-1.19,-0.234,-0.498,-0.2642
476,150045.2,146,HideSpotCheck,0.21,-0.365,-0.169,0.1967
476,150047.2,146,HideSpotCheck,0.23,-0.169,-0.023,0.1456
476,150049.3,146,HideSpotCheck,0.23,-0.023,0.078,0.1011
476,150051.3,146,HideSpotCheck,0.13,0.078,0.120,0.0416
476,150053.3,146,HideSpotCheck,0.03,0.120,0.125,0.0055
476,150055.1,146,HideSpotCheck,-0.07,0.125,0.101,-0.0240
476,150057.2,146,HideSpotCheck,-0.77,0.101,-0.133,-0.2344
476,150059.0,146,HideSpotCheck,-1.02,-0.133,-0.373,-0.2395
476,150060.9,146,HideSpotCheck,-1.27,-0.373,-0.615,-0.2429
476,150101.6,146,Patrol,-0.31,-0.414,-0.366,0.0481
476,150115.5,128,HeatSweep,0.15,0.425,0.357,-0.0680
476,150147.9,144,Patrol,-0.22,-0.667,-0.528,0.1384
476,150191.7,144,Patrol,-0.34,-0.528,-0.460,0.0687
476,150206.4,128,SweepArea,-0.30,-0.882,-0.656,0.2255
476,150251.5,128,Patrol,-0.95,-0.506,-0.638,-0.1319
476,150277.6,145,Patrol,0.20,-0.634,-0.377,0.2575
476,150288.5,131,AmbushHotChoke,0.04,-0.369,-0.244,0.1256
476,150293.4,147,HeatSweep,0.10,-0.007,0.042,0.0489
476,150301.4,137,SweepArea,-0.05,-0.243,-0.170,0.0728
476,150310.4,137,SweepArea,-0.24,-0.170,-0.175,-0.0050
476,150317.4,131,HeatSweep,-0.02,0.007,0.018,0.0105
476,150326.2,131,HeatSweep,-0.24,0.018,-0.043,-0.0606
476,150335.4,131,HeatSweep,-0.01,-0.043,-0.017,0.0263
476,150344.3,131,HeatSweep,-0.34,-0.017,-0.097,-0.0806
476,150353.5,131,HeatSweep,-0.21,-0.097,-0.115,-0.0175
476,150362.3,131,HeatSweep,-0.54,-0.115,-0.226,-0.1110
476,150372.9,131,HeatSweep,-0.88,-0.226,-0.406,-0.1804
476,150375.3,83,InvestigateLastHeard,-0.02,0.080,0.068,-0.0117
476,150390.9,137,SweepArea,-0.31,-0.175,-0.203,-0.0279
476,150399.8,131,AmbushHotChoke,-0.04,-0.244,-0.169,0.0744
476,150414.1,137,SweepArea,-0.29,-0.203,-0.218,-0.0151
476,150429.4,131,AmbushHotChoke,-0.37,-0.169,-0.219,-0.0500
476,150446.1,137,SweepArea,-0.15,-0.218,-0.190,0.0281
476,150461.3,123,AmbushHotChoke,-0.65,-0.540,-0.564,-0.0238
476,150478.7,137,SweepArea,-0.32,-0.190,-0.220,-0.0298
476,150486.4,131,AmbushHotChoke,-0.03,-0.219,-0.149,0.0705
476,150500.8,137,SweepArea,10.00,-0.220,2.846,3.0660
477,150500.8,137,SweepArea,0.01,2.846,2.006,-0.8400
477,150505.3,131,AmbushHotChoke,0.10,-0.149,-0.055,0.0934
477,150510.2,90,SweepArea,-0.20,-0.127,-0.125,0.0017
477,150511.3,144,Patrol,0.99,-0.460,-0.001,0.4588
478,150511.6,144,Patrol,-0.36,-0.001,-0.085,-0.0840
478,150526.7,114,AmbushHotChoke,-0.50,-0.076,-0.190,-0.1137
478,150571.9,144,Patrol,-0.95,-0.085,-0.342,-0.2572
478,150613.3,144,Patrol,-0.01,-0.342,-0.238,0.1039
478,150627.3,126,Patrol,1.07,-0.715,-0.168,0.5478
478,150627.6,126,Patrol,-0.70,-0.168,-0.199,-0.0309
478,150632.2,74,InvestigateLastHeard,-0.01,0.897,0.914,0.0161
478,150644.0,60,HeatSweep,0.03,1.220,0.922,-0.2979
478,150654.4,128,HeatSweep,10.00,0.357,3.250,2.8930
479,150657.3,128,HeatSweep,0.02,3.250,2.291,-0.9591
479,150662.6,90,SweepArea,-0.20,-0.125,-0.126,-0.0004
480,150692.9,144,Patrol,0.85,-0.238,0.093,0.3309
480,150693.2,144,Patrol,-0.68,0.093,-0.135,-0.2276
480,150695.6,56,InvestigateLastHeard,0.13,0.018,0.070,0.0514
480,150719.0,90,SweepArea,-0.08,-0.126,-0.104,0.0217
480,150748.1,144,Patrol,-0.19,-0.135,-0.145,-0.0103
480,150793.2,126,Patrol,-0.68,-0.199,-0.341,-0.1422
480,150832.3,144,Patrol,0.13,-0.145,-0.007,0.1378
480,150845.4,108,SweepArea,-0.28,1.363,1.079,-0.2841
480,150861.5,108,SweepArea,-0.31,1.079,0.803,-0.2755
480,150871.6,108,SweepArea,0.05,0.803,0.595,-0.2086
480,150916.9,144,Patrol,-0.95,-0.007,-0.288,-0.2808
480,150958.6,144,Patrol,-0.05,-0.288,-0.195,0.0927
480,150971.5,108,SweepArea,-0.28,0.595,0.425,-0.1704
480,150987.7,108,SweepArea,-0.31,0.425,0.259,-0.1656
480,151004.0,108,SweepArea,-0.31,0.259,0.121,-0.1377
480,151020.6,108,SweepArea,-0.26,0.121,0.022,-0.0997
480,151036.6,108,SweepArea,-0.51,0.022,-0.126,-0.1473
480,151053.3,108,SweepArea,-0.62,-0.126,-0.261,-0.1354
480,151063.5,108,SweepArea,-1.25,-0.261,-0.541,-0.2796
480,151108.7,144,Patrol,-0.95,-0.195,-0.419,-0.2239
480,151142.5,144,Patrol,0.90,-0.419,-0.020,0.3992
480,151143.4,144,Patrol,-0.81,-0.020,-0.252,-0.2322
480,151147.5,61,InvestigateLastHeard,-0.01,0.027,0.038,0.0107
480,151149.9,61,InvestigateLastHeard,-0.17,0.038,-0.004,-0.0421
481,151195.0,115,Patrol,-0.80,-0.668,-0.705,-0.0371
481,151228.1,144,Patrol,0.91,-0.252,0.102,0.3543
481,151228.7,144,Patrol,-0.85,0.102,-0.133,-0.2351
481,151243.8,60,HeatSweep,-0.50,0.922,0.509,-0.4133
481,151279.4,144,Patrol,0.04,-0.133,-0.075,0.0578
481,151318.5,144,Patrol,0.02,-0.075,-0.044,0.0311
481,151333.6,114,AmbushHotChoke,-0.65,-0.190,-0.315,-0.1247
481,151374.6,144,Patrol,-0.31,-0.044,-0.120,-0.0762
481,151413.8,144,Patrol,0.02,-0.120,-0.075,0.0448
481,151419.2,114,AmbushHotChoke,10.00,-0.315,2.780,3.0944
482,151428.9,114,AmbushHotChoke,-0.50,2.780,1.809,-0.9708
482,151469.2,126,Patrol,0.14,-0.341,-0.192,0.1489
482,151482.7,108,SweepArea,-0.29,-0.541,-0.450,0.0908
482,151498.7,108,SweepArea,-0.16,-0.450,-0.351,0.0995
482,151515.1,108,SweepArea,-0.31,-0.351,-0.327,0.0232
482,151531.0,108,SweepArea,-0.26,-0.327,-0.294,0.0335
482,151546.9,108,SweepArea,-0.51,-0.294,-0.346,-0.0522
482,151563.3,108,SweepArea,-0.46,-0.346,-0.369,-0.0233
482,151579.6,108,SweepArea,-1.16,-0.369,-0.595,-0.2251
482,151595.8,108,SweepArea,-1.56,-0.595,-0.873,-0.2781
482,151612.1,108,SweepArea,-1.81,-0.873,-1.143,-0.2699
482,151657.2,108,Patrol,-0.80,-1.008,-0.943,0.0652
482,151685.1,126,Patrol,0.13,-0.192,0.069,0.2613
482,151700.1,128,HeatSweep,-0.59,2.291,1.676,-0.6149
482,151705.1,114,AmbushHotChoke,-0.01,1.809,1.683,-0.1256
482,151708.0,114,AmbushHotChoke,-0.18,1.683,1.562,-0.1213
482,151711.3,114,AmbushHotChoke,-0.18,1.562,1.432,-0.1300
482,151715.5,114,AmbushHotChoke,-0.29,1.432,1.263,-0.1693
482,151719.2,114,AmbushHotChoke,-0.39,1.263,1.080,-0.1828
482,151723.0,114,AmbushHotChoke,-0.49,1.080,0.878,-0.2024
482,151726.9,114,AmbushHotChoke,-1.19,0.878,0.473,-0.4050
482,151730.9,114,AmbushHotChoke,-1.44,0.473,0.015,-0.4580
482,151735.1,114,AmbushHotChoke,-1.69,0.015,-0.476,-0.4906
482,151739.6,114,HideSpotCheck,0.21,-0.388,-0.189,0.1997
482,151740.4,114,HideSpotCheck,1.00,-0.189,0.186,0.3750
482,151743.5,114,HideSpotCheck,1.11,0.186,0.479,0.2929
482,151744.0,114,HideSpotCheck,0.86,0.479,0.616,0.1362
482,151744.5,114,HideSpotCheck,0.75,0.616,0.679,0.0633
482,151744.9,114,HideSpotCheck,0.65,0.679,0.691,0.0127
482,151745.3,114,HideSpotCheck,-0.06,0.691,0.489,-0.2028
482,151745.7,114,HideSpotCheck,-0.31,0.489,0.270,-0.2185
482,151746.1,114,HideSpotCheck,-0.57,0.270,0.041,-0.2296
482,151746.5,114,HideSpotCheck,10.00,0.041,3.028,2.9878
483,151746.5,114,HideSpotCheck,-0.42,3.028,2.045,-0.9829
483,151747.1,122,HeatSweep,1.00,0.245,0.499,0.2545
483,151747.6,122,HeatSweep,0.99,0.499,0.670,0.1715
483,151748.1,122,HeatSweep,-0.37,0.670,0.380,-0.2906
483,151752.8,90,SweepArea,-0.20,-0.104,-0.109,-0.0046
483,151794.2,144,Patrol,0.74,-0.075,0.171,0.2463
483,151794.8,144,Patrol,-0.89,0.171,-0.115,-0.2854
483,151799.8,74,InvestigateLastHeard,0.14,0.914,1.157,0.2433
483,151814.9,114,HideSpotCheck,-0.65,2.045,1.519,-0.5268
483,151825.9,114,HideSpotCheck,0.14,1.519,1.364,-0.1547
483,151836.2,114,HideSpotCheck,0.30,1.364,1.286,-0.0775
483,151847.2,114,HideSpotCheck,0.04,1.286,1.132,-0.1542
483,151857.6,114,HideSpotCheck,0.10,1.132,1.022,-0.1107
483,151868.5,114,HideSpotCheck,-0.16,1.022,0.843,-0.1781
483,151882.8,114,HideSpotCheck,10.00,0.843,3.591,2.7475
484,151883.6,114,HideSpotCheck,-0.50,3.591,2.373,-1.2181
484,151886.1,56,InvestigateLastHeard,0.12,0.070,0.105,0.0356
484,151887.7,90,SweepArea,-0.17,-0.109,-0.105,0.0032
484,151889.1,90,SweepArea,-0.16,-0.105,-0.095,0.0099
484,151928.7,144,Patrol,0.00,-0.115,-0.075,0.0394
485,151930.9,126,Patrol,1.13,0.069,0.410,0.3405
485,151931.2,126,Patrol,-0.45,0.410,0.458,0.0480
485,151933.7,74,InvestigateLastHeard,-0.17,1.157,0.777,-0.3803
485,151937.9,90,SweepArea,-0.19,-0.095,-0.100,-0.0049
485,151982.9,144,Patrol,-0.80,-0.075,-0.279,-0.2041
485,152000.5,126,Patrol,0.84,0.458,0.582,0.1238
485,152001.9,126,Patrol,-0.52,0.582,0.261,-0.3207
485,152017.0,80,AmbushHotChoke,-0.50,0.005,-0.133,-0.1387
485,152050.4,146,Patrol,-0.06,-0.366,-0.182,0.1836
485,152064.2,128,HeatSweep,0.01,1.676,1.191,-0.4849
485,152096.5,146,Patrol,0.10,-0.182,-0.030,0.1521
485,152106.0,128,HeatSweep,0.06,1.191,1.070,-0.1211
485,152111.0,128,HeatSweep,0.10,1.070,0.795,-0.2752
485,152120.0,134,HeatSweep,-0.01,-0.085,-0.043,0.0412
485,152151.6,146,Patrol,-0.05,-0.030,0.012,0.0425
485,152160.9,128,HeatSweep,-0.08,0.795,0.681,-0.1137
485,152165.9,128,HeatSweep,0.00,0.681,1.113,0.4317
485,152174.8,116,HeatSweep,-0.24,2.746,1.869,-0.8776
485,152206.6,146,Patrol,-0.22,0.012,-0.051,-0.0632
485,152250.3,146,Patrol,-0.14,-0.051,-0.041,0.0101
485,152265.1,128,HeatSweep,-0.30,1.113,0.845,-0.2676
485,152274.3,128,HeatSweep,-0.24,0.845,0.532,-0.3130
485,152283.3,134,HeatSweep,-0.01,-0.043,0.068,0.1115
485,152292.3,128,HeatSweep,-0.34,0.532,0.283,-0.2487
485,152301.3,134,HeatSweep,-0.21,0.068,0.039,-0.0286
485,152310.0,128,HeatSweep,-0.54,0.283,0.050,-0.2330
485,152319.0,134,HeatSweep,-1.01,0.039,-0.261,-0.3000
485,152327.9,128,HeatSweep,-1.49,0.050,-0.399,-0.4488
485,152335.2,134,SweepArea,-0.04,-0.106,-0.073,0.0336
485,152342.2,128,HeatSweep,-0.02,-0.399,-0.269,0.1293
485,152351.1,128,HeatSweep,-0.24,-0.269,-0.247,0.0225
485,152360.5,128,HeatSweep,-0.01,-0.247,-0.162,0.0844
485,152369.4,128,HeatSweep,-0.34,-0.162,-0.202,-0.0397
485,152378.3,128,HeatSweep,-0.21,-0.202,-0.190,0.0123
485,152387.1,128,HeatSweep,-0.54,-0.190,-0.281,-0.0910
485,152396.0,128,HeatSweep,-1.01,-0.281,-0.485,-0.2040
485,152404.8,128,HeatSweep,-1.49,-0.485,-0.772,-0.2876
485,152435.9,128,Patrol,0.11,-0.638,-0.409,0.2286
485,152481.1,128,Patrol,-0.91,-0.409,-0.558,-0.1494
485,152519.5,128,Patrol,-0.28,-0.558,-0.472,0.0862
486,152564.7,129,Patrol,-0.80,-0.401,-0.520,-0.1187
487,152609.8,145,Patrol,-0.80,-0.377,-0.502,-0.1252
487,152610.2,90,HideSpotCheck,-0.50,-0.253,-0.306,-0.0526
487,152611.7,90,SweepArea,-0.17,-0.100,-0.100,0.0007
487,152613.0,90,SweepArea,-0.16,-0.100,-0.091,0.0085
487,152652.5,144,Patrol,0.01,-0.279,-0.190,0.0893
487,152697.8,144,Patrol,-0.73,-0.190,-0.345,-0.1554
487,152742.8,126,Patrol,-0.95,0.261,-0.094,-0.3556
487,152787.9,126,Patrol,-0.75,-0.094,-0.289,-0.1943
487,152824.9,144,Patrol,-0.25,-0.345,-0.313,0.0319
487,152870.1,108,Patrol,-1.10,-0.943,-0.988,-0.0446
487,152884.0,144,Patrol,0.01,-0.313,-0.204,0.1097
487,152884.6,144,Patrol,-1.80,-0.204,-0.573,-0.3695
487,152889.5,74,InvestigateLastHeard,-0.02,0.777,1.094,0.3172
487,152889.8,114,HideSpotCheck,-0.50,2.373,2.212,-0.1613
487,152890.1,114,HideSpotCheck,-0.50,2.212,2.052,-0.1595
487,152890.4,114,HideSpotCheck,-0.50,2.052,1.893,-0.1593
487,152890.7,114,HideSpotCheck,-0.60,1.893,1.705,-0.1881
487,152890.9,114,HideSpotCheck,-0.70,1.705,1.487,-0.2173
487,152891.2,114,HideSpotCheck,-0.80,1.487,1.241,-0.2464
487,152891.6,114,HideSpotCheck,-1.50,1.241,0.784,-0.4571
487,152891.9,114,HideSpotCheck,-1.75,0.784,0.255,-0.5284
487,152892.2,114,HideSpotCheck,-2.00,0.255,-0.346,-0.6011
487,152892.5,114,HideSpotCheck,-2.25,-0.346,-0.890,-0.5447
487,152903.3,114,AmbushHotChoke,-0.26,-0.476,-0.399,0.0773
487,152948.6,128,Patrol,-0.93,-0.472,-0.606,-0.1338
487,152993.8,144,Patrol,-0.95,-0.573,-0.684,-0.1107
487,153036.3,144,Patrol,-0.07,-0.684,-0.497,0.1871
487,153039.9,123,AmbushHotChoke,-0.19,-0.564,-0.433,0.1312
487,153043.0,123,AmbushHotChoke,-0.18,-0.433,-0.339,0.0935
487,153046.9,123,AmbushHotChoke,-0.19,-0.339,-0.277,0.0622
487,153050.8,123,AmbushHotChoke,-0.29,-0.277,-0.263,0.0135
487,153054.5,123,AmbushHotChoke,-0.39,-0.263,-0.283,-0.0194
487,153058.6,123,AmbushHotChoke,-0.49,-0.283,-0.328,-0.0453
487,153071.8,123,HideSpotCheck,0.12,-1.147,-0.757,0.3899
487,153078.8,123,AmbushHotChoke,-0.02,-0.328,-0.220,0.1087
487,153082.2,123,AmbushHotChoke,-0.18,-0.220,-0.191,0.0282
487,153085.3,123,AmbushHotChoke,-0.18,-0.191,-0.170,0.0212
487,153088.5,123,AmbushHotChoke,-0.28,-0.170,-0.186,-0.0158
487,153091.3,123,AmbushHotChoke,-0.38,-0.186,-0.225,-0.0391
487,153094.9,123,AmbushHotChoke,-0.49,-0.225,-0.286,-0.0609
487,153107.8,123,HideSpotCheck,0.12,-0.757,-0.483,0.2742
487,153113.7,123,AmbushHotChoke,-0.01,-0.286,-0.186,0.0995
487,153118.1,123,AmbushHotChoke,-0.19,-0.186,-0.172,0.0147
487,153121.3,123,AmbushHotChoke,-0.18,-0.172,-0.157,0.0149
487,153125.3,123,AmbushHotChoke,-0.29,-0.157,-0.180,-0.0231
487,153129.5,123,AmbushHotChoke,-0.39,-0.180,-0.226,-0.0465
487,153133.0,123,AmbushHotChoke,-0.48,-0.226,-0.286,-0.0599
487,153137.2,123,AmbushHotChoke,-1.19,-0.286,-0.541,-0.2548
487,153150.2,123,HideSpotCheck,0.12,-0.483,-0.291,0.1916
487,153160.9,123,HideSpotCheck,0.30,-0.291,-0.102,0.1887
487,153171.9,123,HideSpotCheck,0.14,-0.102,-0.018,0.0848
487,153182.5,123,HideSpotCheck,0.20,-0.018,0.059,0.0770
487,153183.5,123,HideSpotCheck,-5.00,0.059,-1.458,-1.5178
488,153197.5,123,HideSpotCheck,-0.50,-1.458,-1.157,0.3011
488,153241.3,126,Patrol,-0.04,-0.289,-0.210,0.0783
488,153286.5,126,Patrol,-0.80,-0.210,-0.385,-0.1746
488,153331.7,144,Patrol,-0.70,-0.497,-0.553,-0.0565
488,153360.4,144,Patrol,-0.29,-0.553,-0.467,0.0867
488,153404.5,126,Patrol,-0.26,-0.385,-0.343,0.0417
489,153449.6,108,Patrol,-0.80,-0.988,-0.929,0.0590
489,153493.3,126,Patrol,0.01,-0.343,-0.233,0.1100
489,153538.5,144,Patrol,-0.84,-0.467,-0.576,-0.1091
489,153583.6,108,Patrol,-1.00,-0.929,-0.947,-0.0186
489,153614.9,144,Patrol,-0.21,-0.576,-0.461,0.1148
489,153659.6,126,Patrol,-1.10,-0.233,-0.491,-0.2576
489,153698.5,126,Patrol,-1.24,-0.491,-0.712,-0.2214
489,153743.5,108,Patrol,-2.45,-0.947,-1.397,-0.4494
489,153788.7,145,Patrol,-2.70,-0.502,-1.160,-0.6583
489,153810.5,145,SweepArea,-0.07,-1.065,-0.759,0.3061
489,153825.6,127,AmbushHotChoke,-0.48,-1.246,-1.005,0.2410
489,153832.6,127,AmbushHotChoke,-0.22,-1.005,-0.754,0.2507
489,153836.5,127,AmbushHotChoke,-0.19,-0.754,-0.567,0.1876
489,153881.8,127,Patrol,-0.95,-1.152,-1.090,0.0612
489,153883.3,145,SweepArea,0.00,-0.759,-0.517,0.2412
489,153884.9,145,SweepArea,-0.17,-0.517,-0.398,0.1194
489,153886.4,145,SweepArea,-0.16,-0.398,-0.314,0.0842
489,153888.0,145,SweepArea,-0.27,-0.314,-0.285,0.0284
489,153889.5,145,SweepArea,-0.37,-0.285,-0.295,-0.0098
489,153891.1,145,SweepArea,-0.47,-0.295,-0.332,-0.0371
489,153892.6,145,SweepArea,-1.16,-0.332,-0.568,-0.2356
489,153894.1,145,SweepArea,-1.41,-0.568,-0.807,-0.2398
489,153895.6,145,SweepArea,-1.67,-0.807,-1.051,-0.2431
489,153913.0,145,SweepArea,-1.77,-1.051,-1.261,-0.2108
489,153913.3,145,HideSpotCheck,-0.50,-1.099,-0.904,0.1948
489,153913.6,145,HideSpotCheck,-0.50,-0.904,-0.767,0.1367
489,153913.9,145,HideSpotCheck,-0.50,-0.767,-0.672,0.0953
489,153914.2,145,HideSpotCheck,-0.60,-0.672,-0.635,0.0367
489,153914.5,145,HideSpotCheck,-0.70,-0.635,-0.639,-0.0043
489,153914.8,145,HideSpotCheck,-0.80,-0.639,-0.673,-0.0331
489,153915.1,145,HideSpotCheck,-1.50,-0.673,-0.906,-0.2331
489,153915.4,145,HideSpotCheck,-1.75,-0.906,-1.144,-0.2382
489,153915.7,145,HideSpotCheck,-2.00,-1.144,-1.385,-0.2417
490,153960.7,145,Patrol,-0.80,-1.160,-1.049,0.1110
490,154006.0,144,Patrol,-0.62,-0.461,-0.507,-0.0458
490,154017.2,108,HideSpotCheck,0.14,-1.063,-0.687,0.3762
490,154021.9,108,HideSpotCheck,0.99,-0.687,-0.164,0.5221
490,154026.6,108,HideSpotCheck,-0.59,-0.164,0.042,0.2065
490,154031.2,86,InvestigateLastHeard,10.00,1.811,4.268,2.4567
491,154031.8,86,InvestigateLastHeard,0.10,4.268,3.041,-1.2270
491,154046.9,56,InvestigateLastHeard,-0.50,0.105,-0.063,-0.1682
491,154084.0,144,Patrol,0.63,-0.507,-0.162,0.3446
492,154084.5,144,Patrol,-0.73,-0.162,-0.328,-0.1663
492,154129.8,128,Patrol,-0.95,-0.606,-0.707,-0.1009
492,154174.9,144,Patrol,-0.80,-0.328,-0.468,-0.1394
492,154220.2,126,Patrol,-1.07,-0.712,-0.817,-0.1043
492,154230.9,108,HideSpotCheck,0.14,0.042,0.088,0.0463
492,154241.4,108,HideSpotCheck,0.30,0.088,0.168,0.0798
492,154250.4,108,HideSpotCheck,0.16,0.168,0.198,0.0295
492,154250.7,108,HideSpotCheck,0.90,0.198,0.434,0.2361
492,154251.2,108,HideSpotCheck,-0.65,0.434,0.129,-0.3044
492,154267.9,56,SweepArea,-0.32,-0.027,-0.106,-0.0796
492,154313.0,110,Patrol,-0.95,-0.088,-0.345,-0.2568
492,154317.1,128,SweepArea,-0.19,-0.656,-0.499,0.1567
492,154321.7,128,SweepArea,-0.20,-0.499,-0.391,0.1079
492,154326.4,128,SweepArea,-0.20,-0.391,-0.316,0.0750
492,154340.8,128,HeatSweep,0.14,-0.772,-0.486,0.2864
492,154347.8,114,AmbushHotChoke,-0.22,-0.399,-0.330,0.0685
492,154362.5,128,SweepArea,0.01,-0.316,-0.208,0.1088
492,154375.7,128,AmbushHotChoke,-0.28,-0.843,-0.664,0.1790
492,154388.8,128,SweepArea,-0.28,-0.208,-0.219,-0.0111
492,154405.2,128,SweepArea,-0.31,-0.219,-0.238,-0.0196
492,154421.5,128,SweepArea,-0.16,-0.238,-0.205,0.0330
492,154438.0,128,SweepArea,-0.41,-0.205,-0.259,-0.0538
492,154454.8,128,SweepArea,-0.37,-0.259,-0.282,-0.0232
492,154471.2,128,SweepArea,-0.46,-0.282,-0.327,-0.0451
492,154487.6,128,SweepArea,-1.31,-0.327,-0.614,-0.2869
492,154502.8,128,HeatSweep,-0.58,-0.486,-0.505,-0.0187
492,154515.9,128,HeatSweep,0.02,-0.505,-0.337,0.1678
492,154530.7,128,HeatSweep,-0.12,-0.337,-0.263,0.0735
492,154545.9,128,HeatSweep,-0.75,-0.263,-0.400,-0.1369
492,154561.0,128,HeatSweep,-0.80,-0.400,-0.511,-0.1105
492,154576.0,128,HeatSweep,-0.95,-0.511,-0.633,-0.1222
492,154591.7,128,SweepArea,-0.31,-0.614,-0.512,0.1019
492,154607.9,128,SweepArea,-0.16,-0.512,-0.395,0.1174
492,154652.9,129,Patrol,-0.94,-0.520,-0.645,-0.1245
492,154697.9,129,Patrol,-0.86,-0.645,-0.706,-0.0609
492,154743.1,129,Patrol,-0.95,-0.706,-0.777,-0.0711
492,154753.8,129,HideSpotCheck,0.14,-0.715,-0.442,0.2734
492,154764.7,129,HideSpotCheck,0.37,-0.442,-0.183,0.2591
492,154775.2,129,HideSpotCheck,0.14,-0.183,-0.068,0.1144
492,154786.0,129,HideSpotCheck,0.27,-0.068,0.049,0.1169
493,154821.0,129,Patrol,0.05,-0.777,-0.524,0.2529
493,154864.9,144,Patrol,-0.04,-0.468,-0.336,0.1316
494,154910.1,126,Patrol,-0.80,-0.817,-0.809,0.0073
494,154953.7,126,Patrol,-0.04,-0.809,-0.574,0.2352
494,154998.9,126,Patrol,-0.90,-0.574,-0.669,-0.0951
494,155044.1,144,Patrol,-1.11,-0.336,-0.565,-0.2288
494,155089.2,144,Patrol,-1.15,-0.565,-0.736,-0.1709
494,155102.5,108,HideSpotCheck,0.12,0.129,0.145,0.0159
494,155113.0,108,HideSpotCheck,0.30,0.145,0.217,0.0720
494,155123.9,108,HideSpotCheck,0.14,0.217,0.231,0.0141
494,155134.8,108,HideSpotCheck,0.20,0.231,0.261,0.0298
494,155145.3,108,HideSpotCheck,-0.06,0.261,0.212,-0.0492
494,155156.6,108,HideSpotCheck,-0.01,0.212,0.181,-0.0305
494,155167.3,108,HideSpotCheck,-0.86,0.181,-0.099,-0.2801
494,155177.9,108,HideSpotCheck,-0.95,-0.099,-0.338,-0.2391
494,155178.3,108,HideSpotCheck,-0.50,-0.338,-0.361,-0.0233
494,155178.7,108,HideSpotCheck,-0.75,-0.361,-0.451,-0.0900
494,155181.5,108,HideSpotCheck,-0.89,-0.451,-0.559,-0.1079
494,155181.9,108,HideSpotCheck,-1.29,-0.559,-0.756,-0.1969
494,155182.2,108,HideSpotCheck,-1.54,-0.756,-0.973,-0.2170
494,155182.5,108,HideSpotCheck,-1.80,-0.973,-1.201,-0.2282
494,155182.8,108,HideSpotCheck,-2.05,-1.201,-1.437,-0.2360
494,155183.1,108,HideSpotCheck,-2.30,-1.437,-1.679,-0.2414
494,155183.4,108,HideSpotCheck,-2.56,-1.679,-1.924,-0.2452
494,155183.8,108,HideSpotCheck,-2.81,-1.924,-2.172,-0.2478
494,155184.0,108,HideSpotCheck,-3.06,-2.172,-2.421,-0.2496
494,155184.3,108,HideSpotCheck,-3.31,-2.421,-2.672,-0.2509
494,155184.8,108,HideSpotCheck,-3.57,-2.672,-2.924,-0.2522
494,155185.0,108,HideSpotCheck,-3.82,-2.924,-3.177,-0.2527
494,155185.3,108,HideSpotCheck,-4.07,-3.177,-3.430,-0.2530
494,155185.7,108,HideSpotCheck,-4.33,-3.430,-3.683,-0.2533
494,155186.0,108,HideSpotCheck,-4.58,-3.683,-3.937,-0.2534
494,155186.3,108,HideSpotCheck,-4.83,-3.937,-4.190,-0.2535
494,155186.6,108,HideSpotCheck,-5.09,-4.190,-4.444,-0.2537
494,155186.9,108,HideSpotCheck,-5.34,-4.444,-4.698,-0.2537
494,155187.2,108,HideSpotCheck,-5.59,-4.698,-4.951,-0.2538
494,155187.5,108,HideSpotCheck,-5.85,-4.951,-5.205,-0.2537
494,155187.8,108,HideSpotCheck,-6.10,-5.205,-5.459,-0.2540
494,155188.1,108,HideSpotCheck,-6.35,-5.459,-5.713,-0.2539
494,155188.5,108,HideSpotCheck,-6.41,-5.713,-5.907,-0.1939
494,155188.8,108,HideSpotCheck,-6.66,-5.907,-6.119,-0.2118
494,155189.0,108,HideSpotCheck,-6.91,-6.119,-6.343,-0.2244
494,155189.3,108,HideSpotCheck,-7.16,-6.343,-6.576,-0.2332
494,155189.7,108,HideSpotCheck,-7.42,-6.576,-6.816,-0.2394
494,155190.0,108,HideSpotCheck,-7.67,-6.816,-7.059,-0.2436
494,155190.3,108,HideSpotCheck,-7.92,-7.059,-7.306,-0.2466
494,155190.6,108,HideSpotCheck,10.00,-7.306,-2.114,5.1918
495,155190.6,108,HideSpotCheck,-0.28,-2.114,-1.483,0.6309
495,155191.0,120,Patrol,1.20,0.509,0.741,0.2327
495,155191.4,120,Patrol,1.20,0.741,0.904,0.1625
495,155191.7,120,Patrol,1.19,0.904,1.012,0.1080
495,155192.1,120,Patrol,-0.46,1.012,0.589,-0.4228
495,155205.2,90,InvestigateLastHeard,-0.28,-0.293,-0.274,0.0186
495,155250.3,126,Patrol,-0.80,-0.669,-0.706,-0.0367
495,155255.8,144,SweepArea,-0.20,-0.687,-0.520,0.1672
495,155262.9,144,SweepArea,-0.05,-0.520,-0.357,0.1623
495,155300.5,126,Patrol,0.85,-0.706,-0.235,0.4711
495,155306.1,126,Patrol,-0.93,-0.235,-0.345,-0.1098
495,155310.5,86,InvestigateLastHeard,10.00,3.041,5.130,2.0887
496,155311.4,86,InvestigateLastHeard,0.10,5.130,3.656,-1.4738
496,155326.5,76,InvestigateLastHeard,-0.50,0.158,-0.026,-0.1839
496,155330.2,144,SweepArea,-0.19,-0.357,-0.282,0.0757
496,155334.6,144,SweepArea,-0.19,-0.282,-0.232,0.0498
496,155338.3,144,SweepArea,-0.03,-0.232,-0.148,0.0836
496,155342.9,144,SweepArea,-0.30,-0.148,-0.169,-0.0209
496,155368.0,144,SweepArea,-0.80,-0.169,-0.351,-0.1814
496,155379.1,144,SweepArea,-0.26,-0.351,-0.307,0.0437
496,155408.4,126,Patrol,0.11,-0.345,-0.203,0.1420
496,155453.3,126,Patrol,0.02,-0.203,-0.133,0.0695
496,155492.2,126,Patrol,0.16,-0.133,-0.042,0.0914
496,155505.4,108,SweepArea,-0.28,-1.143,-0.870,0.2724
496,155521.8,108,SweepArea,-0.31,-0.870,-0.691,0.1790
496,155539.2,108,SweepArea,-0.17,-0.691,-0.523,0.1681
496,155555.4,108,SweepArea,-0.41,-0.523,-0.478,0.0456
496,155571.3,108,SweepArea,-0.36,-0.478,-0.430,0.0480
496,155587.7,108,SweepArea,-0.61,-0.430,-0.472,-0.0430
496,155603.9,108,SweepArea,-1.31,-0.472,-0.712,-0.2397
496,155620.0,108,SweepArea,-1.41,-0.712,-0.909,-0.1972
496,155636.7,108,SweepArea,-1.82,-0.909,-1.170,-0.2604
496,155652.6,108,SweepArea,-1.91,-1.170,-1.379,-0.2093
496,155668.7,108,SweepArea,-2.31,-1.379,-1.646,-0.2673
496,155713.9,108,Patrol,-0.80,-1.397,-1.215,0.1814
496,155753.9,126,Patrol,0.02,-0.042,-0.020,0.0220
496,155764.4,127,AmbushHotChoke,0.00,-0.567,-0.393,0.1735
496,155777.4,109,SweepArea,-0.28,-0.301,-0.292,0.0093
496,155794.0,109,SweepArea,-0.32,-0.292,-0.297,-0.0049
496,155810.3,109,SweepArea,-0.31,-0.297,-0.299,-0.0022
496,155826.8,109,SweepArea,-0.42,-0.299,-0.325,-0.0253
496,155833.3,127,AmbushHotChoke,-0.02,-0.393,-0.266,0.1267
496,155836.0,127,AmbushHotChoke,-0.18,-0.266,-0.221,0.0456
496,155838.8,127,AmbushHotChoke,-0.18,-0.221,-0.189,0.0321
496,155842.7,127,AmbushHotChoke,-0.29,-0.189,-0.201,-0.0124
496,155845.3,127,AmbushHotChoke,-0.38,-0.201,-0.234,-0.0332
496,155848.3,127,AmbushHotChoke,-0.48,-0.234,-0.289,-0.0548
496,155851.0,127,AmbushHotChoke,-1.18,-0.289,-0.537,-0.2475
496,155855.0,127,AmbushHotChoke,-1.44,-0.537,-0.790,-0.2530
496,155858.8,127,AmbushHotChoke,-1.69,-0.790,-1.041,-0.2515
496,155861.9,127,AmbushHotChoke,-1.93,-1.041,-1.289,-0.2480
496,155906.9,127,Patrol,-0.80,-1.090,-1.002,0.0886
497,155952.0,145,Patrol,-0.80,-1.049,-0.972,0.0773
497,155953.5,144,SweepArea,-0.17,-0.307,-0.237,0.0700
497,155954.9,144,SweepArea,-0.16,-0.237,-0.187,0.0498
497,155956.3,144,SweepArea,-0.16,-0.187,-0.153,0.0341
497,155957.8,144,SweepArea,-0.26,-0.153,-0.159,-0.0059
497,156002.8,144,Patrol,-0.95,-0.736,-0.797,-0.0614
497,156011.2,144,SweepArea,0.07,-0.159,-0.072,0.0871
497,156013.1,126,HideSpotCheck,0.38,-1.170,-0.677,0.4930
497,156045.6,126,Patrol,0.85,-0.020,0.247,0.2664
497,156046.2,126,Patrol,-0.79,0.247,-0.003,-0.2497
497,156051.3,74,InvestigateLastHeard,0.14,1.094,0.828,-0.2663
497,156056.7,114,AmbushHotChoke,-0.20,-0.330,-0.272,0.0581
497,156059.5,114,AmbushHotChoke,-0.18,-0.272,-0.221,0.0515
497,156063.7,114,AmbushHotChoke,-0.19,-0.221,-0.190,0.0304
497,156068.0,114,AmbushHotChoke,-0.10,-0.190,-0.143,0.0476
497,156071.4,114,AmbushHotChoke,-0.38,-0.143,-0.192,-0.0499
497,156075.3,114,AmbushHotChoke,-0.49,-0.192,-0.259,-0.0670
497,156079.2,114,AmbushHotChoke,-1.19,-0.259,-0.516,-0.2568
497,156083.2,114,AmbushHotChoke,-1.44,-0.516,-0.771,-0.2550
497,156128.4,114,Patrol,-0.95,-0.530,-0.654,-0.1238
497,156129.9,144,SweepArea,-0.17,-0.072,-0.072,-0.0007
497,156175.1,144,Patrol,-0.95,-0.797,-0.841,-0.0434
497,156183.7,144,SweepArea,-0.08,-0.072,-0.062,0.0108
497,156200.4,128,SweepArea,-0.02,-0.395,-0.273,0.1225
497,156208.6,128,SweepArea,10.00,-0.273,2.809,3.0818
498,156209.7,128,SweepArea,0.06,2.809,2.064,-0.7454
498,156224.8,62,InvestigateLastHeard,-0.50,0.433,0.167,-0.2665
498,156229.2,144,SweepArea,-0.19,-0.062,-0.078,-0.0161
498,156234.2,144,SweepArea,-0.20,-0.078,-0.091,-0.0135
498,156239.0,144,SweepArea,-0.05,-0.091,-0.055,0.0364
498,156243.7,144,SweepArea,-0.30,-0.055,-0.104,-0.0491
498,156248.2,144,SweepArea,-0.24,-0.104,-0.123,-0.0188
498,156253.0,144,SweepArea,-0.35,-0.123,-0.167,-0.0442
498,156257.7,144,SweepArea,-1.05,-0.167,-0.407,-0.2403
498,156262.1,144,SweepArea,-1.44,-0.407,-0.695,-0.2872
498,156267.2,144,SweepArea,-1.70,-0.695,-0.974,-0.2790
498,156269.0,144,HideSpotCheck,0.23,-0.815,-0.474,0.3410
498,156271.0,144,HideSpotCheck,0.23,-0.474,-0.236,0.2380
498,156272.9,144,HideSpotCheck,0.23,-0.236,-0.069,0.1672
498,156274.9,144,HideSpotCheck,0.13,-0.069,0.017,0.0866
498,156276.7,144,HideSpotCheck,0.28,0.017,0.124,0.1065
498,156322.0,126,Patrol,-0.71,-0.003,-0.212,-0.2089
498,156367.2,108,Patrol,-0.80,-1.215,-1.089,0.1268
498,156380.1,126,SweepArea,-0.28,-1.199,-0.907,0.2915
498,156409.0,126,Patrol,0.11,-0.212,-0.108,0.1033
498,156438.9,126,Patrol,0.93,-0.108,0.208,0.3167
498,156441.9,126,Patrol,-0.73,0.208,0.130,-0.0780
498,156447.2,86,InvestigateLastHeard,0.14,3.656,3.035,-0.6208
498,156459.3,130,HeatSweep,-0.27,1.901,1.271,-0.6306
498,156486.1,126,Patrol,0.02,0.130,0.129,-0.0014
498,156499.3,140,HeatSweep,0.02,0.413,0.309,-0.1040
498,156513.1,146,HeatSweep,-0.01,-0.499,-0.342,0.1567
498,156527.2,123,AmbushHotChoke,-0.29,-0.541,-0.173,0.3679
498,156540.1,137,SweepArea,-0.28,2.006,1.630,-0.3757
498,156556.5,137,SweepArea,-0.31,1.630,1.258,-0.3727
498,156569.1,137,SweepArea,-5.00,1.258,-0.620,-1.8773
499,156581.8,137,SweepArea,-0.60,-0.620,-0.604,0.0158
499,156626.9,126,Patrol,-0.78,0.129,-0.139,-0.2680
499,156627.2,144,HideSpotCheck,-0.50,0.124,-0.026,-0.1503
499,156627.5,144,HideSpotCheck,-0.50,-0.026,-0.139,-0.1127
499,156627.8,144,HideSpotCheck,-0.50,-0.139,-0.218,-0.0789
499,156628.0,144,HideSpotCheck,-0.60,-0.218,-0.303,-0.0853
499,156628.3,144,HideSpotCheck,-0.70,-0.303,-0.393,-0.0898
499,156628.6,144,HideSpotCheck,-0.80,-0.393,-0.485,-0.0921
499,156628.9,144,HideSpotCheck,-1.50,-0.485,-0.760,-0.2745
499,156629.2,144,HideSpotCheck,-1.75,-0.760,-1.027,-0.2671
499,156674.3,144,Patrol,-0.90,-0.841,-0.855,-0.0141
499,156715.0,144,Patrol,-0.04,-0.855,-0.607,0.2479
499,156760.2,108,Patrol,-0.80,-1.089,-1.000,0.0889
499,156787.9,144,Patrol,0.07,-0.607,-0.397,0.2097
499,156832.1,126,Patrol,-0.54,-0.139,-0.196,-0.0571
499,156845.7,128,SweepArea,-0.29,2.064,1.668,-0.3957
499,156863.1,128,SweepArea,-0.32,1.668,1.276,-0.3925
499,156879.6,128,SweepArea,-0.16,1.276,1.007,-0.2686
499,156895.8,128,SweepArea,-0.41,1.007,0.593,-0.4137
499,156906.4,129,HideSpotCheck,0.32,0.049,0.147,0.0988
499,156917.4,129,HideSpotCheck,0.14,0.147,0.171,0.0232
499,156927.9,129,HideSpotCheck,0.33,0.171,0.247,0.0765
499,156938.8,129,HideSpotCheck,0.04,0.247,0.228,-0.0194
499,156949.2,129,HideSpotCheck,0.13,0.228,0.237,0.0092
499,156953.1,129,HideSpotCheck,-5.00,0.237,-1.334,-1.5710
500,156964.4,129,HideSpotCheck,-0.50,-1.334,-1.071,0.2632
500,157008.6,126,Patrol,-0.01,-0.196,-0.138,0.0581
500,157053.7,126,Patrol,-0.80,-0.138,-0.334,-0.1959
500,157098.9,144,Patrol,-0.87,-0.397,-0.535,-0.1379
500,157142.6,144,Patrol,-0.19,-0.535,-0.428,0.1073
500,157187.6,108,Patrol,-1.00,-1.000,-0.997,0.0028
500,157215.3,144,Patrol,-0.28,-0.428,-0.292,0.1357
500,157230.5,130,HeatSweep,-0.56,1.271,0.804,-0.4668
500,157275.6,120,Patrol,-0.80,0.589,0.189,-0.3996
500,157275.9,120,HideSpotCheck,-0.50,0.089,-0.031,-0.1198
500,157321.0,120,Patrol,-0.80,0.189,-0.084,-0.2735
500,157329.5,130,HeatSweep,0.07,0.804,0.739,-0.0652
500,157342.4,130,HeatSweep,0.12,0.739,0.568,-0.1712
500,157386.7,144,Patrol,-0.06,-0.292,-0.222,0.0705
500,157400.4,120,SweepArea,-0.29,0.035,-0.048,-0.0830
500,157406.6,114,AmbushHotChoke,-0.01,-0.771,-0.524,0.2475
500,157410.1,114,AmbushHotChoke,-0.19,-0.524,-0.400,0.1241
500,157414.2,114,AmbushHotChoke,-0.19,-0.400,-0.315,0.0845
500,157418.2,114,AmbushHotChoke,-0.29,-0.315,-0.285,0.0296
500,157421.9,114,AmbushHotChoke,-0.39,-0.285,-0.294,-0.0081
500,157425.6,114,AmbushHotChoke,-0.49,-0.294,-0.329,-0.0358
500,157429.9,114,AmbushHotChoke,-1.19,-0.329,-0.567,-0.2372
500,157433.6,114,AmbushHotChoke,-1.44,-0.567,-0.806,-0.2391
500,157448.0,114,HeatSweep,0.01,-0.575,-0.315,0.2600
500,157462.9,128,SweepArea,-0.10,0.593,0.400,-0.1930
500,157508.1,144,Patrol,-0.95,-0.222,-0.438,-0.2162
500,157549.0,144,Patrol,-0.04,-0.438,-0.316,0.1223
500,157560.9,114,HeatSweep,-0.12,-0.315,-0.245,0.0705
500,157579.6,134,SweepArea,-0.34,-0.073,-0.106,-0.0333
500,157608.4,128,Patrol,0.11,-0.707,-0.434,0.2733
500,157631.2,128,SweepArea,-0.21,0.400,0.255,-0.1457
500,157640.9,128,SweepArea,-0.25,0.255,0.151,-0.1041
500,157649.3,128,SweepArea,-0.23,0.151,0.064,-0.0860
500,157657.4,128,SweepArea,-0.18,0.064,0.005,-0.0597
500,157665.5,128,SweepArea,-0.28,0.005,-0.067,-0.0715
500,157673.9,128,SweepArea,-0.38,-0.067,-0.148,-0.0809
500,157699.1,128,SweepArea,-1.36,-0.148,-0.451,-0.3038
500,157701.7,68,InvestigateLastHeard,0.18,0.734,0.668,-0.0663
500,157716.3,122,HeatSweep,0.00,0.380,0.281,-0.0987
500,157751.4,144,Patrol,0.03,-0.316,-0.199,0.1164
500,157763.8,122,HeatSweep,-0.27,0.281,0.130,-0.1507
500,157798.8,144,Patrol,0.03,-0.199,-0.124,0.0756
500,157811.4,122,HeatSweep,-0.28,0.130,0.024,-0.1064
500,157846.5,144,Patrol,0.03,-0.124,-0.075,0.0490
500,157850.1,123,AmbushHotChoke,-0.19,-0.173,-0.160,0.0134
500,157853.5,123,AmbushHotChoke,-0.18,-0.160,-0.149,0.0105
500,157857.8,123,AmbushHotChoke,-0.19,-0.149,-0.145,0.0040
500,157862.0,123,AmbushHotChoke,-0.29,-0.145,-0.172,-0.0271
500,157865.6,123,AmbushHotChoke,-0.39,-0.172,-0.219,-0.0465
500,157868.6,123,AmbushHotChoke,-0.48,-0.219,-0.279,-0.0603
500,157872.6,123,AmbushHotChoke,-1.19,-0.279,-0.535,-0.2561
500,157917.8,123,Patrol,-0.95,-0.596,-0.702,-0.1052
500,157962.9,145,Patrol,-0.95,-0.972,-0.964,0.0079
500,158006.9,145,Patrol,-0.09,-0.964,-0.700,0.2637
500,158009.8,123,AmbushHotChoke,-0.18,-0.535,-0.410,0.1249
500,158012.2,123,AmbushHotChoke,-0.17,-0.410,-0.321,0.0896
500,158016.2,123,AmbushHotChoke,-0.19,-0.321,-0.264,0.0565
500,158018.9,123,AmbushHotChoke,-0.28,-0.264,-0.250,0.0144
500,158023.1,123,AmbushHotChoke,-0.39,-0.250,-0.275,-0.0255
500,158025.7,123,AmbushHotChoke,-0.48,-0.275,-0.317,-0.0418
500,158038.6,123,SweepArea,-0.28,-0.811,-0.637,0.1739
500,158054.9,117,SweepArea,-0.31,-0.248,-0.255,-0.0073
500,158071.8,117,SweepArea,-0.32,-0.255,-0.262,-0.0071
500,158089.6,117,SweepArea,-0.28,-0.262,-0.255,0.0067
500,158105.9,117,SweepArea,-0.51,-0.255,-0.321,-0.0651
500,158111.4,117,AmbushHotChoke,0.00,-0.270,-0.169,0.1016
500,158114.0,117,AmbushHotChoke,-0.18,-0.169,-0.146,0.0226
500,158117.4,117,AmbushHotChoke,-0.18,-0.146,-0.134,0.0119
500,158120.7,117,AmbushHotChoke,-0.28,-0.134,-0.155,-0.0208
500,158124.5,117,AmbushHotChoke,-0.39,-0.155,-0.202,-0.0465
500,158127.5,117,AmbushHotChoke,-0.48,-0.202,-0.261,-0.0595
500,158131.9,117,AmbushHotChoke,-1.19,-0.261,-0.519,-0.2575
500,158145.9,117,HeatSweep,-0.29,-0.296,-0.281,0.0150
501,158191.1,129,Patrol,-0.80,-0.524,-0.605,-0.0814
501,158234.8,128,Patrol,-0.02,-0.434,-0.267,0.1670
501,158250.0,136,HeatSweep,-0.65,1.383,0.786,-0.5971
501,158295.1,146,Patrol,-0.62,-0.041,-0.212,-0.1710
501,158326.1,128,Patrol,-0.21,-0.267,-0.244,0.0228
501,158369.9,146,Patrol,-0.14,-0.212,-0.166,0.0456
501,158384.2,136,HeatSweep,-0.29,0.786,0.486,-0.2997
501,158399.4,152,HeatSweep,-0.50,0.166,0.092,-0.0734
501,158414.5,88,HideSpotCheck,-0.65,0.916,0.585,-0.3309
501,158431.2,142,SweepArea,-0.32,1.004,0.736,-0.2690
501,158447.5,142,SweepArea,-0.16,0.736,0.562,-0.1736
501,158462.3,142,SweepArea,0.00,0.562,0.474,-0.0882
501,158464.3,130,HideSpotCheck,0.39,-0.330,0.039,0.3690
501,158478.1,130,HeatSweep,0.03,0.568,0.420,-0.1477
501,158488.7,154,HeatSweep,10.00,0.074,3.052,2.9777
502,158493.2,154,HeatSweep,-0.50,3.052,1.996,-1.0557
502,158497.6,90,SweepArea,10.00,-0.091,2.956,3.0473
503,158498.7,90,SweepArea,1.09,2.956,2.417,-0.5392
503,158499.1,90,SweepArea,-0.41,2.417,2.104,-0.3127
503,158504.3,90,SweepArea,-0.20,2.104,1.435,-0.6691
503,158545.5,144,Patrol,-0.31,-0.075,-0.142,-0.0679
503,158590.6,126,Patrol,-0.80,-0.334,-0.471,-0.1370
503,158635.8,144,Patrol,-0.89,-0.142,-0.363,-0.2207
503,158678.9,144,Patrol,-0.43,-0.363,-0.380,-0.0171
503,158724.0,126,Patrol,-1.15,-0.471,-0.672,-0.2013
503,158762.0,144,Patrol,0.32,-0.380,-0.166,0.2139
503,158762.8,144,Patrol,-1.68,-0.166,-0.600,-0.4341
503,158777.9,60,HeatSweep,-0.65,0.509,0.175,-0.3342
503,158814.6,144,Patrol,-0.08,-0.600,-0.440,0.1602
503,158859.7,144,Patrol,-0.88,-0.440,-0.570,-0.1295
503,158874.8,114,HeatSweep,-0.65,-0.245,-0.353,-0.1085
503,158911.9,144,Patrol,-0.12,-0.570,-0.416,0.1537
503,158926.3,130,HeatSweep,0.10,0.420,0.384,-0.0363
503,158935.6,130,HeatSweep,0.06,0.384,0.295,-0.0882
503,158966.5,145,Patrol,0.09,-0.700,-0.458,0.2425
503,158980.8,131,AmbushHotChoke,0.10,-0.055,0.003,0.0586
503,158983.5,131,AmbushHotChoke,-0.18,0.003,-0.029,-0.0323
503,158986.0,131,AmbushHotChoke,-0.18,-0.029,-0.051,-0.0215
503,158990.3,131,AmbushHotChoke,-0.29,-0.051,-0.103,-0.0521
503,158993.3,131,AmbushHotChoke,-0.38,-0.103,-0.165,-0.0618
503,158997.5,131,AmbushHotChoke,-0.49,-0.165,-0.243,-0.0779
503,159001.9,131,AmbushHotChoke,-1.19,-0.243,-0.508,-0.2651
503,159016.9,131,HeatSweep,-0.65,-0.406,-0.472,-0.0657
503,159017.3,151,HideSpotCheck,-0.50,-0.407,-0.419,-0.0118
503,159017.7,151,HideSpotCheck,-0.50,-0.419,-0.427,-0.0082
503,159019.2,151,HideSpotCheck,-0.51,-0.427,-0.438,-0.0111
503,159064.3,151,Patrol,-0.88,-0.429,-0.564,-0.1352
503,159064.6,151,HideSpotCheck,-0.50,-0.438,-0.440,-0.0014
503,159064.9,151,HideSpotCheck,-0.50,-0.440,-0.432,0.0078
503,159065.3,131,HideSpotCheck,-0.35,-0.416,-0.370,0.0457
503,159065.6,131,HideSpotCheck,-0.60,-0.370,-0.413,-0.0431
503,159066.0,131,HideSpotCheck,-0.70,-0.413,-0.485,-0.0713
503,159084.1,121,SweepArea,-0.33,-0.221,-0.248,-0.0269
503,159113.3,145,Patrol,-0.19,-0.458,-0.373,0.0852
503,159136.0,131,SweepArea,-0.16,-0.433,-0.346,0.0875
503,159165.1,145,Patrol,-0.19,-0.373,-0.312,0.0606
503,159210.2,129,Patrol,-0.81,-0.605,-0.664,-0.0589
503,159250.0,115,Patrol,-0.30,-0.705,-0.579,0.1254
503,159262.8,129,HeatSweep,0.02,-1.169,-0.804,0.3654
504,159308.0,145,Patrol,-0.80,-0.312,-0.456,-0.1440
504,159353.2,126,Patrol,-0.80,-0.672,-0.703,-0.0303
504,159367.5,130,HeatSweep,0.09,0.295,0.276,-0.0198
504,159380.5,130,HeatSweep,-0.28,0.276,0.152,-0.1240
504,159393.8,130,HeatSweep,-0.06,0.152,0.111,-0.0401
504,159406.8,130,HeatSweep,-0.38,0.111,-0.019,-0.1301
504,159410.8,130,HideSpotCheck,0.40,0.039,0.168,0.1292
504,159412.8,130,HideSpotCheck,0.23,0.168,0.232,0.0641
504,159414.6,130,HideSpotCheck,0.23,0.232,0.296,0.0632
504,159416.6,130,HideSpotCheck,0.13,0.296,0.326,0.0301
504,159418.6,130,HideSpotCheck,0.03,0.326,0.325,-0.0004
504,159420.5,130,HideSpotCheck,-0.07,0.325,0.296,-0.0296
504,159422.3,130,HideSpotCheck,-0.77,0.296,0.057,-0.2384
504,159424.5,130,HideSpotCheck,-1.02,0.057,-0.243,-0.3000
504,159437.9,130,HeatSweep,-0.10,-0.019,-0.029,-0.0105
504,159448.8,130,HeatSweep,10.00,-0.029,2.980,3.0088
505,159450.2,130,HeatSweep,0.03,2.980,2.324,-0.6559
505,159474.0,90,SweepArea,-0.09,1.435,0.987,-0.4483
506,159519.1,144,Patrol,-0.80,-0.416,-0.529,-0.1125
506,159523.4,126,HideSpotCheck,0.38,-0.677,-0.338,0.3394
506,159525.3,126,HideSpotCheck,0.23,-0.338,-0.140,0.1975
506,159527.2,126,HideSpotCheck,0.23,-0.140,-0.002,0.1379
506,159529.1,126,HideSpotCheck,0.13,-0.002,0.065,0.0668
506,159531.2,126,HideSpotCheck,0.03,0.065,0.081,0.0162
506,159533.1,126,HideSpotCheck,-0.07,0.081,0.063,-0.0182
506,159535.0,126,HideSpotCheck,-0.77,0.063,-0.160,-0.2225
506,159537.0,126,HideSpotCheck,-1.02,-0.160,-0.391,-0.2315
506,159538.8,126,HideSpotCheck,-1.27,-0.391,-0.627,-0.2361
506,159541.0,126,HideSpotCheck,-1.52,-0.627,-0.869,-0.2417
506,159570.0,126,Patrol,0.71,-0.703,-0.273,0.4296
507,159570.3,126,Patrol,-0.64,-0.273,-0.378,-0.1052
507,159585.4,114,HeatSweep,-0.50,-0.353,-0.384,-0.0307
507,159609.5,144,Patrol,0.91,-0.529,-0.090,0.4389
507,159611.4,144,Patrol,-0.60,-0.090,-0.224,-0.1344
507,159616.3,60,InvestigateLastHeard,-0.01,0.250,0.192,-0.0581
507,159621.5,114,HeatSweep,0.10,-0.384,-0.223,0.1604
507,159664.6,128,Patrol,-0.03,-0.244,-0.177,0.0664
508,159709.8,128,Patrol,-0.80,-0.177,-0.362,-0.1846
508,159732.6,126,SweepArea,-0.06,-0.907,-0.643,0.2645
508,159761.8,126,Patrol,-0.19,-0.378,-0.316,0.0623
508,159806.9,126,Patrol,-0.73,-0.316,-0.438,-0.1218
508,159846.0,126,Patrol,0.15,-0.438,-0.256,0.1815
508,159891.2,108,Patrol,-0.90,-0.997,-0.967,0.0300
508,159936.4,145,Patrol,-1.15,-0.456,-0.663,-0.2072
508,159979.5,145,Patrol,-0.38,-0.663,-0.577,0.0860
508,159992.8,109,SweepArea,-0.28,-0.325,-0.309,0.0156
508,159992.8,109,SweepArea,-5.00,-0.309,-1.716,-1.4073
509,160017.8,109,SweepArea,-0.60,-1.716,-1.373,0.3429
509,160061.7,126,Patrol,-0.04,-0.256,-0.188,0.0685
509,160106.8,126,Patrol,-0.80,-0.188,-0.368,-0.1804
509,160152.0,144,Patrol,-0.89,-0.224,-0.421,-0.1968
509,160195.7,144,Patrol,-0.21,-0.421,-0.354,0.0671
510,160240.8,108,Patrol,-0.80,-0.967,-0.914,0.0526
510,160280.3,126,Patrol,0.03,-0.368,-0.245,0.1228
510,160325.5,126,Patrol,-0.84,-0.245,-0.422,-0.1768
510,160362.8,108,Patrol,0.58,-0.914,-0.463,0.4513
510,160363.1,108,Patrol,-1.14,-0.463,-0.630,-0.1672
510,160367.9,74,InvestigateLastHeard,-0.01,0.828,0.596,-0.2313
510,160379.2,114,HeatSweep,0.04,-0.223,-0.129,0.0948
510,160415.1,144,Patrol,-0.02,-0.354,-0.249,0.1047
510,160460.3,115,Patrol,-0.80,-0.579,-0.645,-0.0654
510,160505.5,145,Patrol,-0.95,-0.577,-0.688,-0.1108
511,160550.7,145,Patrol,-0.80,-0.688,-0.719,-0.0314
511,160581.7,144,Patrol,0.11,-0.249,-0.136,0.1126
511,160626.8,126,Patrol,-0.90,-0.422,-0.563,-0.1405
511,160666.2,126,Patrol,-0.05,-0.563,-0.404,0.1586
512,160711.4,108,Patrol,-0.80,-0.630,-0.679,-0.0487
512,160755.4,144,Patrol,-0.04,-0.136,-0.104,0.0319
512,160760.2,126,Patrol,1.00,-0.404,0.038,0.4422
513,160761.1,126,Patrol,-0.41,0.038,-0.079,-0.1175
513,160806.2,128,Patrol,-0.80,-0.362,-0.491,-0.1290
513,160851.3,144,Patrol,-0.90,-0.104,-0.340,-0.2358
513,160896.5,144,Patrol,-0.98,-0.340,-0.530,-0.1898
513,160923.4,126,Patrol,-0.11,-0.079,-0.082,-0.0030
513,160967.1,126,Patrol,-0.90,-0.082,-0.324,-0.2420
513,160971.0,108,Patrol,-0.29,-0.679,-0.541,0.1380
514,160971.9,108,Patrol,-0.40,-0.541,-0.482,0.0594
514,160997.1,128,SweepArea,-0.60,-0.451,-0.488,-0.0370
514,161042.2,144,Patrol,-0.62,-0.530,-0.553,-0.0231
515,161087.4,144,Patrol,-0.80,-0.553,-0.625,-0.0718
515,161132.6,144,Patrol,-0.79,-0.625,-0.670,-0.0455
515,161163.3,144,Patrol,-0.01,-0.670,-0.465,0.2052
515,161208.4,126,Patrol,-0.88,-0.324,-0.488,-0.1638
515,161247.5,144,Patrol,-0.26,-0.465,-0.399,0.0666
515,161292.7,144,Patrol,-1.79,-0.399,-0.814,-0.4154
515,161337.8,144,Patrol,-2.20,-0.814,-1.227,-0.4131
515,161346.0,144,SweepArea,0.07,-0.974,-0.642,0.3317
515,161349.8,144,SweepArea,-0.04,-0.642,-0.435,0.2065
515,161353.5,144,SweepArea,-0.19,-0.435,-0.348,0.0871
515,161398.7,145,Patrol,-0.93,-0.719,-0.780,-0.0604
515,161443.8,145,Patrol,-0.80,-0.780,-0.785,-0.0049
515,161471.5,145,Patrol,0.17,-0.785,-0.492,0.2930
516,161516.7,129,Patrol,-0.80,-0.664,-0.703,-0.0386
516,161522.0,144,SweepArea,-0.20,-0.348,-0.282,0.0664
516,161529.0,144,SweepArea,-0.22,-0.282,-0.243,0.0393
516,161535.3,144,SweepArea,-0.21,-0.243,-0.212,0.0302
516,161541.6,144,SweepArea,-0.16,-0.212,-0.175,0.0373
516,161548.0,144,SweepArea,-0.20,-0.175,-0.160,0.0152
516,161554.4,144,SweepArea,-0.36,-0.160,-0.199,-0.0390
516,161561.5,144,SweepArea,-1.22,-0.199,-0.485,-0.2858
516,161606.6,126,Patrol,-0.71,-0.488,-0.553,-0.0650
516,161621.1,82,HeatSweep,0.01,0.023,0.040,0.0164
516,161625.1,148,SweepArea,0.01,0.153,0.677,0.5239
516,161640.6,130,HeatSweep,10.00,2.324,4.627,2.3029
517,161640.6,130,HeatSweep,-0.30,4.627,3.213,-1.4132
517,161646.3,136,HeatSweep,0.94,0.486,0.642,0.1561
517,161652.2,136,HeatSweep,-0.45,0.642,0.320,-0.3221
517,161666.8,82,HeatSweep,-0.10,0.040,0.095,0.0556
517,161671.8,148,SweepArea,-0.02,0.677,1.215,0.5381
517,161687.0,130,HeatSweep,-0.50,3.213,2.112,-1.1016
518,161732.0,146,Patrol,-0.80,-0.166,-0.327,-0.1608
518,161745.8,90,SweepArea,-0.29,0.987,0.619,-0.3678
518,161750.5,144,SweepArea,0.95,-0.485,-0.033,0.4517
518,161751.0,144,SweepArea,10.00,-0.033,2.985,3.0182
519,161751.0,144,SweepArea,-0.40,2.985,1.989,-0.9956
519,161766.2,114,HeatSweep,-0.50,-0.129,0.034,0.1627
519,161771.3,144,SweepArea,-0.20,1.989,1.792,-0.1971
519,161787.4,144,SweepArea,-0.01,1.792,1.485,-0.3069
519,161796.1,144,SweepArea,-0.04,1.485,1.048,-0.4377
519,161825.0,126,Patrol,0.17,-0.553,-0.330,0.2229
519,161870.1,126,Patrol,-0.95,-0.330,-0.514,-0.1832
519,161909.4,126,Patrol,0.00,-0.514,-0.354,0.1591
519,161954.5,108,Patrol,-0.90,-0.482,-0.545,-0.0633
519,161969.4,130,HeatSweep,0.00,2.112,1.489,-0.6231
519,162014.5,122,Patrol,-0.80,-0.523,-0.575,-0.0524
519,162015.9,144,SweepArea,-0.16,1.048,0.977,-0.0708
519,162017.4,144,SweepArea,-0.01,0.977,0.951,-0.0257
519,162018.8,144,SweepArea,-0.16,0.951,0.883,-0.0680
519,162020.3,144,SweepArea,-0.26,0.883,0.784,-0.0989
519,162021.6,144,SweepArea,-0.36,0.784,0.660,-0.1245
519,162035.8,144,SweepArea,-0.59,0.660,0.296,-0.3635
519,162052.5,131,SweepArea,-1.32,-0.346,-0.626,-0.2803
519,162056.0,131,HeatSweep,-0.19,-0.472,-0.365,0.1069
519,162059.4,131,HeatSweep,-0.18,-0.365,-0.289,0.0756
519,162062.9,131,HeatSweep,-0.19,-0.289,-0.237,0.0524
519,162066.4,131,HeatSweep,-0.28,-0.237,-0.230,0.0068
519,162069.8,131,HeatSweep,-0.38,-0.230,-0.255,-0.0253
519,162073.3,131,HeatSweep,-0.49,-0.255,-0.303,-0.0478
519,162076.7,131,HeatSweep,-1.18,-0.303,-0.546,-0.2427
519,162084.0,131,HideSpotCheck,0.36,-0.485,-0.214,0.2702
519,162094.1,131,HideSpotCheck,0.30,-0.214,-0.045,0.1695
519,162104.4,131,HideSpotCheck,0.15,-0.045,0.028,0.0725
519,162114.5,131,HideSpotCheck,0.20,0.028,0.094,0.0667
519,162124.2,131,HideSpotCheck,0.10,0.094,0.114,0.0200
519,162134.3,131,HideSpotCheck,-0.15,0.114,0.055,-0.0593
519,162143.9,131,HideSpotCheck,-0.85,0.055,-0.200,-0.2550
519,162150.7,131,HideSpotCheck,-1.07,-0.200,-0.442,-0.2424
519,162160.7,131,HideSpotCheck,-1.20,-0.442,-0.654,-0.2120
519,162176.0,131,AmbushHotChoke,-0.36,-0.508,-0.451,0.0569
519,162186.7,131,AmbushHotChoke,-0.01,-0.451,-0.306,0.1449
519,162190.1,123,AmbushHotChoke,-0.18,-0.317,-0.260,0.0575
519,162193.4,123,AmbushHotChoke,-0.28,-0.260,-0.249,0.0110
519,162196.2,123,AmbushHotChoke,-0.38,-0.249,-0.269,-0.0207
519,162200.5,123,AmbushHotChoke,-0.49,-0.269,-0.319,-0.0500
519,162203.3,123,AmbushHotChoke,-1.18,-0.319,-0.559,-0.2392
519,162217.0,123,HeatSweep,-0.29,-1.289,-0.976,0.3129
519,162232.2,131,AmbushHotChoke,-0.51,-0.306,-0.357,-0.0516
519,162235.6,123,AmbushHotChoke,-0.18,-0.559,-0.429,0.1299
519,162280.7,123,Patrol,-0.95,-0.702,-0.775,-0.0733
520,162325.8,145,Patrol,-0.80,-0.492,-0.582,-0.0899
520,162365.0,126,Patrol,0.06,-0.354,-0.219,0.1358
520,162369.2,144,SweepArea,0.05,0.296,0.245,-0.0512
520,162414.5,126,Patrol,-0.71,-0.219,-0.362,-0.1437
520,162459.6,108,Patrol,-0.80,-0.545,-0.619,-0.0740
520,162497.7,126,Patrol,0.02,-0.362,-0.244,0.1189
520,162542.8,108,Patrol,-0.90,-0.619,-0.697,-0.0776
520,162544.5,144,SweepArea,-0.17,0.245,0.189,-0.0560
520,162546.0,144,SweepArea,-0.01,0.189,0.181,-0.0084
520,162547.6,144,SweepArea,-0.17,0.181,0.127,-0.0539
520,162549.0,144,SweepArea,-0.26,0.127,0.045,-0.0822
520,162550.6,144,SweepArea,-0.37,0.045,-0.051,-0.0958
520,162552.1,144,SweepArea,-0.46,-0.051,-0.148,-0.0966
520,162553.7,144,SweepArea,-1.17,-0.148,-0.426,-0.2782
520,162555.2,144,SweepArea,-1.42,-0.426,-0.695,-0.2693
520,162556.8,144,SweepArea,-1.67,-0.695,-0.959,-0.2638
520,162558.3,144,SweepArea,-1.92,-0.959,-1.218,-0.2594
520,162558.5,144,HideSpotCheck,-0.50,-1.027,-0.840,0.1872
520,162558.8,144,HideSpotCheck,-0.50,-0.840,-0.708,0.1311
520,162559.1,144,HideSpotCheck,-0.50,-0.708,-0.617,0.0918
520,162559.4,144,HideSpotCheck,-0.60,-0.617,-0.582,0.0343
520,162559.8,144,HideSpotCheck,-0.70,-0.582,-0.589,-0.0062
520,162560.0,144,HideSpotCheck,-0.80,-0.589,-0.623,-0.0342
520,162560.3,144,HideSpotCheck,-1.50,-0.623,-0.857,-0.2339
520,162560.6,144,HideSpotCheck,-1.75,-0.857,-1.096,-0.2388
520,162560.9,144,HideSpotCheck,-2.00,-1.096,-1.338,-0.2421
520,162562.4,144,SweepArea,-0.16,-1.218,-0.875,0.3436
520,162563.9,144,SweepArea,-0.17,-0.875,-0.635,0.2400
520,162565.5,144,SweepArea,-0.17,-0.635,-0.467,0.1681
520,162567.0,144,SweepArea,-0.27,-0.467,-0.379,0.0876
520,162568.5,144,SweepArea,-0.37,-0.379,-0.347,0.0316
520,162570.1,144,SweepArea,-0.47,-0.347,-0.356,-0.0082
520,162571.5,144,SweepArea,-1.16,-0.356,-0.570,-0.2146
520,162572.9,144,SweepArea,-1.41,-0.570,-0.796,-0.2257
520,162574.3,144,SweepArea,-1.66,-0.796,-1.029,-0.2331
520,162575.8,144,SweepArea,-1.91,-1.029,-1.267,-0.2380
520,162620.9,144,Patrol,-0.95,-1.227,-1.143,0.0842
520,162662.4,145,Patrol,-0.05,-0.582,-0.421,0.1602
520,162665.7,109,AmbushHotChoke,-0.18,-1.103,-0.822,0.2809
520,162668.5,109,AmbushHotChoke,-0.18,-0.822,-0.624,0.1980
520,162671.3,109,AmbushHotChoke,-0.18,-0.624,-0.485,0.1385
520,162674.2,109,AmbushHotChoke,-0.28,-0.485,-0.419,0.0668
520,162676.8,109,AmbushHotChoke,-0.38,-0.419,-0.401,0.0177
520,162680.1,109,AmbushHotChoke,-0.48,-0.401,-0.421,-0.0200
520,162683.2,109,AmbushHotChoke,-1.18,-0.421,-0.644,-0.2232
520,162686.1,109,AmbushHotChoke,-1.43,-0.644,-0.875,-0.2306
520,162689.2,109,AmbushHotChoke,-1.68,-0.875,-1.112,-0.2369
520,162693.4,109,AmbushHotChoke,-1.94,-1.112,-1.356,-0.2447
520,162738.6,109,Patrol,-0.95,-1.201,-1.125,0.0761
520,162783.8,145,Patrol,-0.95,-0.421,-0.579,-0.1577
520,162827.1,145,Patrol,-0.08,-0.579,-0.428,0.1508
520,162872.2,109,Patrol,-1.05,-1.125,-1.101,0.0237
520,162917.4,145,Patrol,-1.15,-0.428,-0.644,-0.2157
521,162953.0,145,Patrol,0.04,-0.644,-0.433,0.2112
521,162998.2,144,Patrol,-0.79,-1.143,-1.036,0.1073
521,163043.3,144,Patrol,-0.87,-1.036,-0.984,0.0516
521,163071.6,126,Patrol,-0.08,-0.244,-0.189,0.0549
521,163115.1,144,Patrol,-0.63,-0.984,-0.876,0.1080
521,163160.2,126,Patrol,-1.95,-0.189,-0.714,-0.5258
521,163206.6,144,Patrol,-2.13,-0.876,-1.251,-0.3748
522,163217.0,144,Patrol,1.05,-1.251,-0.545,0.7061
522,163217.3,144,Patrol,-0.55,-0.545,-0.534,0.0103
522,163219.8,75,InvestigateLastHeard,0.12,0.061,0.243,0.1821
522,163227.3,90,SweepArea,-0.22,0.619,0.386,-0.2330
522,163256.5,144,Patrol,0.11,-0.534,-0.335,0.1994
522,163279.4,126,SweepArea,-0.21,-0.643,-0.504,0.1386
522,163288.3,126,SweepArea,-0.09,-0.504,-0.360,0.1444
522,163297.2,126,SweepArea,-0.24,-0.360,-0.305,0.0547
522,163306.1,126,SweepArea,-0.19,-0.305,-0.251,0.0537
522,163314.7,126,SweepArea,-0.44,-0.251,-0.288,-0.0364
522,163323.5,126,SweepArea,-0.38,-0.288,-0.298,-0.0100
522,163332.3,126,SweepArea,-1.24,-0.298,-0.561,-0.2633
522,163341.3,126,SweepArea,-1.34,-0.561,-0.776,-0.2149
522,163370.3,126,Patrol,-0.19,-0.714,-0.550,0.1640
522,163415.4,126,Patrol,-0.88,-0.550,-0.647,-0.0971
522,163454.4,126,Patrol,0.16,-0.647,-0.403,0.2448
522,163499.4,108,Patrol,-0.90,-0.697,-0.756,-0.0597
523,163544.5,145,Patrol,-0.80,-0.433,-0.540,-0.1075
523,163589.7,126,Patrol,-0.80,-0.403,-0.519,-0.1168
523,163628.6,126,Patrol,0.06,-0.519,-0.342,0.1770
523,163673.6,108,Patrol,-1.00,-0.756,-0.828,-0.0716
524,163718.8,145,Patrol,-0.80,-0.540,-0.616,-0.0755
525,163759.1,144,Patrol,0.00,-0.335,-0.232,0.1031
525,163804.2,126,Patrol,-0.80,-0.342,-0.477,-0.1344
525,163843.7,144,Patrol,-0.03,-0.232,-0.167,0.0644
525,163888.7,126,Patrol,-1.13,-0.477,-0.670,-0.1934
525,163934.0,126,Patrol,-1.10,-0.670,-0.797,-0.1268
525,163964.0,144,Patrol,-0.78,-0.167,-0.344,-0.1761
525,163970.5,144,Patrol,-0.12,-0.344,-0.257,0.0867
526,163970.8,144,Patrol,-0.42,-0.257,-0.286,-0.0296
526,163986.0,114,HeatSweep,-0.50,0.034,-0.113,-0.1470
526,164011.0,126,SweepArea,-0.70,-0.776,-0.745,0.0313
526,164056.5,144,Patrol,-0.67,-0.286,-0.398,-0.1115
526,164077.5,126,SweepArea,-0.06,-0.745,-0.529,0.2153
526,164086.7,126,SweepArea,-0.24,-0.529,-0.425,0.1046
526,164095.3,126,SweepArea,-0.24,-0.425,-0.349,0.0756
526,164103.7,126,SweepArea,-0.18,-0.349,-0.285,0.0645
526,164132.7,127,Patrol,0.17,-1.002,-0.646,0.3558
526,164177.5,127,Patrol,-0.35,-0.646,-0.554,0.0918
526,164217.2,127,Patrol,0.01,-0.554,-0.383,0.1708
526,164262.4,127,Patrol,-0.84,-0.383,-0.518,-0.1348
527,164307.6,145,Patrol,-0.80,-0.616,-0.669,-0.0531
527,164313.1,126,SweepArea,-0.03,-0.285,-0.187,0.0974
527,164320.2,126,SweepArea,-0.22,-0.187,-0.177,0.0107
527,164327.2,126,SweepArea,-0.22,-0.177,-0.169,0.0077
527,164333.9,126,SweepArea,-0.16,-0.169,-0.147,0.0221
527,164340.4,126,SweepArea,-0.41,-0.147,-0.206,-0.0591
527,164347.1,126,SweepArea,-0.52,-0.206,-0.278,-0.0723
528,164393.0,144,Patrol,-0.81,-0.398,-0.519,-0.1214
528,164418.2,128,SweepArea,-0.60,-0.488,-0.514,-0.0259
528,164463.2,144,Patrol,-0.65,-0.519,-0.555,-0.0355
528,164508.3,144,Patrol,-0.80,-0.555,-0.626,-0.0708
528,164517.9,126,SweepArea,0.05,-0.278,-0.161,0.1176
528,164526.8,126,SweepArea,-0.24,-0.161,-0.165,-0.0045
528,164535.2,126,SweepArea,-0.08,-0.165,-0.121,0.0445
528,164543.5,126,SweepArea,-0.33,-0.121,-0.165,-0.0446
528,164553.4,126,SweepArea,-0.30,-0.165,-0.187,-0.0217
528,164582.2,126,Patrol,0.11,-0.797,-0.518,0.2794
528,164605.2,126,SweepArea,-0.21,-0.187,-0.187,0.0001
528,164633.9,127,Patrol,-0.19,-0.518,-0.414,0.1043
528,164664.8,127,Patrol,0.27,-0.414,-0.204,0.2105
528,164703.9,115,Patrol,-0.29,-0.645,-0.535,0.1098
529,164749.0,129,Patrol,-0.80,-0.703,-0.729,-0.0267
529,164753.3,126,SweepArea,-0.19,-0.187,-0.165,0.0219
529,164758.3,126,SweepArea,0.07,-0.165,-0.073,0.0921
529,164763.0,126,SweepArea,-0.04,-0.073,-0.041,0.0317
529,164767.8,126,SweepArea,-0.30,-0.041,-0.095,-0.0538
529,164772.4,126,SweepArea,-0.25,-0.095,-0.117,-0.0219
529,164776.9,126,SweepArea,-0.50,-0.117,-0.207,-0.0900
529,164822.0,144,Patrol,-0.72,-0.626,-0.651,-0.0252
529,164836.9,126,SweepArea,-0.30,-0.207,-0.221,-0.0141
529,164853.6,126,SweepArea,-0.32,-0.221,-0.237,-0.0160
529,164869.9,126,SweepArea,-0.03,-0.237,-0.164,0.0732
529,164915.1,108,Patrol,-0.95,-0.828,-0.862,-0.0344
529,164919.3,126,SweepArea,-0.19,-0.164,-0.148,0.0157
529,164924.5,126,SweepArea,-0.20,-0.148,-0.142,0.0061
529,164929.1,126,SweepArea,-0.04,-0.142,-0.089,0.0525
529,164934.4,126,SweepArea,-0.30,-0.089,-0.131,-0.0414
529,164939.5,126,SweepArea,-0.25,-0.131,-0.143,-0.0121
529,164943.8,126,SweepArea,-0.49,-0.143,-0.224,-0.0812
529,164948.6,126,SweepArea,-1.05,-0.224,-0.448,-0.2236
529,164952.7,126,SweepArea,-1.29,-0.448,-0.676,-0.2287
529,164997.8,126,Patrol,-0.86,-0.518,-0.617,-0.0997
529,165043.0,108,Patrol,-0.80,-0.862,-0.841,0.0210
529,165080.1,126,Patrol,0.03,-0.617,-0.418,0.1992
529,165125.1,108,Patrol,-0.90,-0.841,-0.857,-0.0162
530,165170.3,145,Patrol,-0.80,-0.669,-0.706,-0.0370
530,165215.5,144,Patrol,-0.80,-0.651,-0.693,-0.0422
530,165246.2,126,Patrol,0.00,-0.418,-0.285,0.1329
530,165291.0,126,Patrol,-0.18,-0.285,-0.251,0.0344
530,165329.9,126,Patrol,-0.14,-0.251,-0.215,0.0359
531,165375.2,108,Patrol,-0.80,-0.857,-0.838,0.0195
531,165420.2,144,Patrol,-0.80,-0.693,-0.722,-0.0293
531,165451.4,144,Patrol,0.18,-0.722,-0.446,0.2763
531,165496.1,126,Patrol,-0.55,-0.215,-0.312,-0.0966
531,165535.0,144,Patrol,-0.19,-0.446,-0.365,0.0813
531,165580.1,144,Patrol,-1.80,-0.365,-0.794,-0.4287
531,165609.9,128,Patrol,-1.45,-0.491,-0.774,-0.2827
531,165632.9,128,SweepArea,-0.21,-0.514,-0.417,0.0971
531,165642.8,128,SweepArea,-0.01,-0.417,-0.283,0.1343
531,165659.0,128,SweepArea,-0.31,-0.283,-0.283,0.0005
531,165668.3,128,SweepArea,-0.34,-0.283,-0.287,-0.0049
531,165677.3,128,SweepArea,-0.29,-0.287,-0.274,0.0129
531,165686.2,128,SweepArea,-0.54,-0.274,-0.341,-0.0661
531,165711.4,128,SweepArea,-1.41,-0.341,-0.653,-0.3124
531,165726.5,150,HeatSweep,-0.65,0.103,-0.114,-0.2165
531,165739.0,128,HeatSweep,0.03,-0.633,-0.420,0.2132
531,165783.0,144,Patrol,-0.14,-0.794,-0.595,0.1989
531,165792.9,150,AmbushHotChoke,-0.02,0.035,0.027,-0.0082
531,165805.2,120,HeatSweep,-0.27,0.022,-0.051,-0.0732
531,165848.0,146,Patrol,-0.08,-0.327,-0.250,0.0768
531,165852.0,120,AmbushHotChoke,-0.19,0.020,-0.032,-0.0525
531,165865.2,120,HideSpotCheck,0.12,-0.031,0.020,0.0509
531,165875.5,120,HideSpotCheck,0.30,0.020,0.112,0.0920
531,165886.4,120,HideSpotCheck,0.14,0.112,0.140,0.0279
531,165896.9,120,HideSpotCheck,0.20,0.140,0.182,0.0422
531,165897.5,120,HideSpotCheck,0.80,0.182,0.396,0.2138
531,165900.5,120,HideSpotCheck,0.81,0.396,0.546,0.1495
531,165900.8,120,HideSpotCheck,-0.04,0.546,0.394,-0.1520
531,165901.1,120,HideSpotCheck,-0.29,0.394,0.211,-0.1827
531,165901.4,120,HideSpotCheck,-0.55,0.211,0.007,-0.2043
531,165901.8,120,HideSpotCheck,-0.80,0.007,-0.213,-0.2193
531,165902.2,120,HideSpotCheck,-1.05,-0.213,-0.443,-0.2302
531,165902.5,120,HideSpotCheck,-1.31,-0.443,-0.680,-0.2375
531,165902.8,120,HideSpotCheck,-1.56,-0.680,-0.923,-0.2426
531,165903.1,120,HideSpotCheck,-1.81,-0.923,-1.169,-0.2461
531,165903.4,120,HideSpotCheck,-2.07,-1.169,-1.417,-0.2485
531,165903.8,120,HideSpotCheck,-2.32,-1.417,-1.668,-0.2502
531,165904.1,120,HideSpotCheck,-2.57,-1.668,-1.919,-0.2514
531,165904.4,120,HideSpotCheck,-2.82,-1.919,-2.171,-0.2522
531,165904.7,120,HideSpotCheck,-3.08,-2.171,-2.424,-0.2527
531,165905.1,120,HideSpotCheck,-3.33,-2.424,-2.678,-0.2535
531,165905.4,120,HideSpotCheck,-3.58,-2.678,-2.931,-0.2536
531,165905.7,120,HideSpotCheck,-3.84,-2.931,-3.185,-0.2538
531,165906.0,120,HideSpotCheck,-4.09,-3.185,-3.439,-0.2538
531,165906.3,120,HideSpotCheck,-4.34,-3.439,-3.693,-0.2538
531,165906.6,120,HideSpotCheck,-4.60,-3.693,-3.946,-0.2538
531,165906.9,120,HideSpotCheck,-4.65,-3.946,-4.140,-0.1939
531,165907.2,120,HideSpotCheck,-4.90,-4.140,-4.352,-0.2119
531,165907.5,120,HideSpotCheck,-5.16,-4.352,-4.577,-0.2245
531,165907.8,120,HideSpotCheck,-5.41,-4.577,-4.810,-0.2333
531,165908.2,120,HideSpotCheck,-5.66,-4.810,-5.050,-0.2398
531,165908.5,120,HideSpotCheck,-5.92,-5.050,-5.294,-0.2440
531,165908.8,120,HideSpotCheck,-6.17,-5.294,-5.541,-0.2470
531,165909.1,120,HideSpotCheck,-6.42,-5.541,-5.790,-0.2491
531,165909.4,120,HideSpotCheck,10.00,-5.790,-1.053,4.7370
532,165909.4,120,HideSpotCheck,-0.28,-1.053,-0.733,0.3198
532,165909.8,124,AmbushHotChoke,1.20,0.547,0.771,0.2239
532,165910.1,124,AmbushHotChoke,1.20,0.771,0.927,0.1562
532,165910.4,124,AmbushHotChoke,1.20,0.927,1.036,0.1089
532,165910.7,124,AmbushHotChoke,1.09,1.036,1.078,0.0420
532,165911.2,124,AmbushHotChoke,-0.57,1.078,0.690,-0.3878
532,165925.2,90,SweepArea,-0.29,0.386,0.198,-0.1885
532,165970.2,144,Patrol,-0.80,-0.595,-0.653,-0.0587
532,166008.8,144,Patrol,0.10,-0.653,-0.423,0.2306
532,166053.8,144,Patrol,-0.88,-0.423,-0.556,-0.1333
532,166098.8,126,Patrol,-0.74,-0.312,-0.438,-0.1259
532,166127.5,108,Patrol,-0.09,-0.838,-0.606,0.2321
532,166171.3,126,Patrol,-0.35,-0.438,-0.409,0.0283
532,166216.4,108,Patrol,-1.80,-0.606,-0.961,-0.3555
532,166261.4,144,Patrol,-2.20,-0.556,-1.048,-0.4917
532,166304.8,145,Patrol,-1.83,-0.706,-1.042,-0.3361
532,166349.9,127,Patrol,-2.70,-0.204,-0.950,-0.7462
533,166395.1,145,Patrol,-0.80,-1.042,-0.967,0.0750
533,166440.3,144,Patrol,-0.80,-1.048,-0.971,0.0766
533,166469.5,144,Patrol,0.84,-0.971,-0.423,0.5483
533,166469.9,144,Patrol,-0.84,-0.423,-0.509,-0.0866
533,166474.8,74,InvestigateLastHeard,0.14,0.596,0.479,-0.1168
533,166484.3,114,HeatSweep,0.06,-0.113,-0.044,0.0686
533,166523.2,126,Patrol,0.01,-0.409,-0.279,0.1299
533,166530.4,144,HideSpotCheck,0.36,-1.338,-0.809,0.5291
533,166560.2,144,Patrol,0.11,-0.509,-0.316,0.1936
533,166576.9,126,SweepArea,-0.02,-0.676,-0.466,0.2104
533,166617.8,144,Patrol,-0.31,-0.316,-0.311,0.0049
533,166663.0,127,Patrol,-0.95,-0.950,-0.949,0.0007
533,166708.2,145,Patrol,-0.90,-0.967,-0.947,0.0201
533,166751.0,145,Patrol,-0.27,-0.947,-0.742,0.2052
533,166796.3,127,Patrol,-1.15,-0.949,-1.009,-0.0595
534,166841.4,145,Patrol,-0.80,-0.742,-0.757,-0.0151
534,166871.1,144,Patrol,0.24,-0.311,-0.141,0.1700
534,166885.2,128,HeatSweep,0.01,-0.420,-0.277,0.1430
534,166924.3,144,Patrol,0.01,-0.141,-0.092,0.0489
534,166969.4,126,Patrol,-0.80,-0.279,-0.433,-0.1535
534,167014.4,144,Patrol,-0.91,-0.092,-0.334,-0.2422
534,167056.6,144,Patrol,-0.26,-0.334,-0.309,0.0253
534,167102.0,126,Patrol,-1.15,-0.433,-0.646,-0.2136
535,167147.1,144,Patrol,-0.80,-0.309,-0.453,-0.1446
536,167192.1,144,Patrol,-0.80,-0.453,-0.555,-0.1011
536,167215.2,126,SweepArea,-0.03,-0.466,-0.326,0.1399
536,167224.2,126,SweepArea,-0.09,-0.326,-0.236,0.0899
536,167233.0,126,SweepArea,-0.09,-0.236,-0.173,0.0632
536,167242.2,126,SweepArea,-0.34,-0.173,-0.205,-0.0319
536,167250.9,126,SweepArea,-0.44,-0.205,-0.256,-0.0509
536,167260.3,126,SweepArea,-0.39,-0.256,-0.278,-0.0217
536,167269.8,126,SweepArea,-1.24,-0.278,-0.550,-0.2720
536,167278.4,126,SweepArea,-1.34,-0.550,-0.766,-0.2167
536,167307.5,126,Patrol,-0.19,-0.646,-0.503,0.1432
536,167352.6,126,Patrol,-0.70,-0.503,-0.561,-0.0583
536,167391.8,127,Patrol,0.15,-1.009,-0.659,0.3494
536,167409.5,109,Patrol,0.72,-1.101,-0.542,0.5588
536,167411.7,109,Patrol,-0.90,-0.542,-0.636,-0.0937
536,167422.9,67,HideSpotCheck,0.14,0.123,0.135,0.0121
536,167429.0,121,AmbushHotChoke,-0.03,-0.225,-0.156,0.0686
536,167432.3,121,AmbushHotChoke,0.00,-0.156,-0.097,0.0591
536,167436.5,121,AmbushHotChoke,-0.19,-0.097,-0.114,-0.0172
536,167439.7,121,AmbushHotChoke,-0.28,-0.114,-0.153,-0.0386
536,167442.3,121,AmbushHotChoke,-0.38,-0.153,-0.208,-0.0551
536,167444.8,121,AmbushHotChoke,-0.47,-0.208,-0.276,-0.0679
536,167456.6,121,SweepArea,0.03,-0.248,-0.151,0.0976
536,167456.6,131,AmbushHotChoke,-5.00,-0.357,-1.750,-1.3928
537,167471.7,131,AmbushHotChoke,-0.50,-1.750,-1.362,0.3884
537,167510.9,144,Patrol,0.16,-0.555,-0.335,0.2196
537,167552.8,126,Patrol,0.08,-0.561,-0.365,0.1963
537,167566.6,114,HeatSweep,0.02,-0.044,0.003,0.0474
537,167569.3,60,InvestigateLastHeard,-0.18,0.192,0.107,-0.0850
537,167569.6,150,AmbushHotChoke,10.00,0.027,3.019,2.9919
538,167584.4,150,AmbushHotChoke,-0.50,3.019,1.977,-1.0425
538,167629.5,126,Patrol,-0.80,-0.365,-0.493,-0.1277
538,167668.8,126,Patrol,0.15,-0.493,-0.295,0.1976
538,167714.0,108,Patrol,-0.80,-0.961,-0.911,0.0506
538,167715.5,144,SweepArea,-0.17,-1.267,-0.909,0.3579
538,167760.7,144,Patrol,-0.95,-0.335,-0.517,-0.1821
538,167800.4,144,Patrol,-0.03,-0.517,-0.346,0.1716
538,167802.7,68,InvestigateLastHeard,-0.02,0.668,0.484,-0.1836
538,167817.3,122,HeatSweep,0.00,0.024,0.032,0.0076
538,167862.4,146,Patrol,-0.71,-0.250,-0.387,-0.1363
538,167879.5,143,SweepArea,-0.02,-0.058,-0.038,0.0200
538,167889.4,149,HideSpotCheck,0.30,0.072,0.155,0.0828
538,167899.6,149,HideSpotCheck,0.15,0.155,0.181,0.0255
538,167909.5,149,HideSpotCheck,0.30,0.181,0.249,0.0686
538,167916.4,149,HideSpotCheck,0.08,0.249,0.251,0.0021
538,167923.2,149,HideSpotCheck,0.18,0.251,0.284,0.0330
538,167932.8,149,HideSpotCheck,-0.15,0.284,0.207,-0.0770
538,167942.4,149,HideSpotCheck,-0.70,0.207,-0.025,-0.2329
538,167953.3,149,HeatSweep,0.04,0.005,0.024,0.0198
538,167997.2,145,Patrol,-0.34,-0.757,-0.630,0.1267
538,168011.0,143,SweepArea,-0.29,-0.038,-0.103,-0.0644
538,168017.5,137,AmbushHotChoke,-0.01,-0.273,-0.179,0.0933
538,168020.2,137,AmbushHotChoke,-0.18,-0.179,-0.160,0.0192
538,168023.9,137,AmbushHotChoke,-0.19,-0.160,-0.151,0.0095
538,168027.9,137,AmbushHotChoke,-0.29,-0.151,-0.183,-0.0324
538,168041.2,143,SweepArea,-0.28,-0.103,-0.146,-0.0433
538,168047.0,137,AmbushHotChoke,-0.01,-0.183,-0.115,0.0679
538,168050.5,137,AmbushHotChoke,-0.18,-0.115,-0.118,-0.0029
538,168054.7,137,AmbushHotChoke,-0.19,-0.118,-0.123,-0.0052
538,168057.9,137,AmbushHotChoke,-0.28,-0.123,-0.153,-0.0295
538,168061.4,137,AmbushHotChoke,-0.39,-0.153,-0.205,-0.0521
538,168064.9,137,AmbushHotChoke,-0.49,-0.205,-0.271,-0.0663
538,168069.1,137,AmbushHotChoke,-1.19,-0.271,-0.530,-0.2591
538,168114.1,137,Patrol,-0.95,-0.370,-0.542,-0.1726
539,168159.2,145,Patrol,-0.80,-0.630,-0.678,-0.0483
539,168199.3,126,Patrol,0.01,-0.295,-0.199,0.0965
539,168244.4,126,Patrol,-0.85,-0.199,-0.391,-0.1921
539,168289.5,144,Patrol,-1.15,-0.346,-0.584,-0.2389
539,168331.9,144,Patrol,-0.37,-0.584,-0.516,0.0680
540,168377.0,108,Patrol,-0.80,-0.911,-0.875,0.0357
540,168421.1,144,Patrol,-0.04,-0.516,-0.371,0.1458
540,168422.6,126,Patrol,0.90,-0.391,0.021,0.4119
541,168423.5,126,Patrol,-0.37,0.021,-0.079,-0.1001
541,168438.6,128,HeatSweep,-0.65,-0.277,-0.375,-0.0983
541,168483.8,126,Patrol,-0.80,-0.079,-0.293,-0.2141
541,168529.0,144,Patrol,-0.87,-0.371,-0.517,-0.1465
541,168566.7,144,Patrol,-0.28,-0.517,-0.442,0.0751
541,168580.3,128,HeatSweep,0.10,-0.375,-0.219,0.1564
541,168624.5,144,Patrol,-0.34,-0.442,-0.409,0.0332
541,168669.5,126,Patrol,-0.95,-0.293,-0.489,-0.1956
541,168714.6,145,Patrol,-0.88,-0.678,-0.737,-0.0590
541,168750.6,145,Patrol,0.11,-0.737,-0.478,0.2590
541,168759.5,111,AmbushHotChoke,-0.24,0.013,-0.045,-0.0580
542,168804.5,129,Patrol,-0.80,-0.729,-0.748,-0.0183
542,168849.5,144,Patrol,-0.78,-0.409,-0.517,-0.1082
542,168887.7,144,Patrol,0.01,-0.517,-0.355,0.1623
542,168925.0,126,Patrol,-0.15,-0.489,-0.383,0.1060
542,168937.2,128,HeatSweep,0.03,-0.219,0.095,0.3140
542,168949.5,130,HeatSweep,-0.08,1.489,1.033,-0.4557
542,168961.8,146,HeatSweep,-0.27,-0.342,-0.157,0.1852
542,168974.1,130,HeatSweep,-0.18,1.033,0.863,-0.1701
542,168978.3,148,SweepArea,-0.19,1.215,1.087,-0.1280
542,168983.0,148,SweepArea,-0.20,1.087,0.958,-0.1287
542,168987.6,148,SweepArea,-0.04,0.958,0.883,-0.0748
542,168992.0,148,SweepArea,-0.29,0.883,0.743,-0.1405
542,168996.7,148,SweepArea,-0.25,0.743,0.621,-0.1220
542,169001.0,148,SweepArea,-0.49,0.621,0.436,-0.1846
542,169006.0,148,SweepArea,-1.20,0.436,0.047,-0.3893
542,169010.6,148,SweepArea,-1.29,0.047,-0.333,-0.3803
542,169025.7,148,HeatSweep,-0.47,-0.065,-0.173,-0.1085
542,169034.5,100,HeatSweep,0.06,0.089,0.098,0.0096
542,169034.8,148,HideSpotCheck,-0.50,-0.076,-0.176,-0.1000
542,169040.5,148,AmbushHotChoke,0.10,-0.136,0.042,0.1773
542,169054.0,142,SweepArea,-0.29,0.474,0.317,-0.1565
542,169070.1,142,SweepArea,-0.31,0.317,0.170,-0.1468
542,169085.4,136,HeatSweep,-0.65,0.320,0.042,-0.2781
542,169130.6,144,Patrol,-0.92,-0.355,-0.522,-0.1669
542,169142.4,136,HeatSweep,0.03,0.042,0.180,0.1383
542,169151.4,130,HeatSweep,0.06,0.863,0.640,-0.2226
542,169160.4,146,HeatSweep,-0.01,-0.157,0.009,0.1664
542,169162.4,130,HeatSweep,10.00,0.640,3.448,2.8079
543,169166.7,130,HeatSweep,0.09,3.448,2.461,-0.9873
543,169196.7,126,Patrol,0.24,-0.383,-0.190,0.1931
543,169200.2,128,HeatSweep,-0.19,0.095,0.035,-0.0603
543,169203.8,128,HeatSweep,-0.03,0.035,0.034,-0.0007
543,169207.2,128,HeatSweep,-0.18,0.034,-0.014,-0.0480
543,169215.6,128,AmbushHotChoke,0.15,-0.664,-0.403,0.2608
543,169228.5,114,HeatSweep,0.02,0.003,0.019,0.0162
543,169242.3,128,HeatSweep,0.09,-0.014,0.029,0.0424
543,169256.9,128,HeatSweep,-0.30,0.029,-0.059,-0.0873
543,169270.7,128,HeatSweep,-0.16,-0.059,-0.079,-0.0201
543,169285.3,128,HeatSweep,-0.50,-0.079,-0.194,-0.1154
543,169299.1,128,HeatSweep,-0.36,-0.194,-0.233,-0.0393
543,169313.8,128,HeatSweep,-1.30,-0.233,-0.543,-0.3092
543,169317.9,128,AmbushHotChoke,-0.19,-0.403,-0.322,0.0807
543,169320.4,128,AmbushHotChoke,-0.18,-0.322,-0.260,0.0627
543,169323.9,128,AmbushHotChoke,-0.18,-0.260,-0.219,0.0401
543,169327.1,128,AmbushHotChoke,-0.28,-0.219,-0.220,-0.0009
543,169329.8,128,AmbushHotChoke,-0.38,-0.220,-0.249,-0.0288
543,169334.1,128,AmbushHotChoke,-0.49,-0.249,-0.305,-0.0560
543,169338.0,128,AmbushHotChoke,-1.19,-0.305,-0.553,-0.2480
543,169351.9,128,HeatSweep,-0.01,-0.543,-0.372,0.1705
543,169367.6,134,SweepArea,-0.31,-0.106,-0.153,-0.0470
543,169396.9,144,Patrol,-0.03,-0.522,-0.369,0.1525
543,169400.4,128,HeatSweep,-0.18,-0.372,-0.298,0.0739
543,169403.8,128,HeatSweep,-0.18,-0.298,-0.240,0.0577
543,169448.7,129,Patrol,-0.05,-0.748,-0.537,0.2107
543,169451.4,147,HeatSweep,10.00,0.042,3.029,2.9875
544,169463.8,147,HeatSweep,-0.50,3.029,1.984,-1.0455
544,169508.9,144,Patrol,-0.80,-0.369,-0.496,-0.1266
544,169540.0,126,Patrol,0.10,-0.190,-0.096,0.0933
544,169585.0,126,Patrol,-0.73,-0.096,-0.284,-0.1882
544,169623.9,126,Patrol,0.06,-0.284,-0.178,0.1066
544,169669.1,108,Patrol,-1.00,-0.875,-0.910,-0.0353
544,169714.2,144,Patrol,-1.25,-0.496,-0.719,-0.2236
544,169735.1,144,Patrol,-0.21,-0.719,-0.557,0.1618
544,169737.3,144,Patrol,-1.67,-0.557,-0.885,-0.3278
544,169752.3,76,AmbushHotChoke,-0.65,0.020,0.160,0.1409
544,169763.5,130,HeatSweep,0.10,2.461,2.170,-0.2909
544,169778.3,130,HeatSweep,-0.30,2.170,1.734,-0.4359
544,169792.1,130,HeatSweep,-0.05,1.734,1.456,-0.2784
544,169806.6,130,HeatSweep,-0.40,1.456,1.107,-0.3483
544,169820.6,130,HeatSweep,-0.25,1.107,0.864,-0.2439
544,169835.3,130,HeatSweep,-0.60,0.864,0.547,-0.3167
544,169850.0,130,HeatSweep,-1.06,0.547,0.143,-0.4035
544,169864.4,130,HeatSweep,-1.54,0.143,-0.342,-0.4857
544,169877.3,130,HideSpotCheck,0.12,-0.243,-0.120,0.1225
544,169887.7,130,HideSpotCheck,0.33,-0.120,0.029,0.1490
544,169898.7,130,HideSpotCheck,0.14,0.029,0.077,0.0484
544,169909.0,130,HideSpotCheck,0.23,0.077,0.138,0.0612
544,169909.8,130,HideSpotCheck,0.80,0.138,0.362,0.2233
544,169912.6,130,HideSpotCheck,0.81,0.362,0.521,0.1593
544,169912.9,130,HideSpotCheck,-0.04,0.521,0.376,-0.1448
544,169913.3,130,HideSpotCheck,-0.29,0.376,0.198,-0.1780
544,169913.6,130,HideSpotCheck,-0.55,0.198,-0.003,-0.2010
544,169913.9,130,HideSpotCheck,-0.80,-0.003,-0.220,-0.2170
544,169914.2,130,HideSpotCheck,-1.05,-0.220,-0.448,-0.2281
544,169914.5,130,HideSpotCheck,-1.31,-0.448,-0.684,-0.2359
544,169914.8,130,HideSpotCheck,-1.56,-0.684,-0.925,-0.2413
544,169915.2,130,HideSpotCheck,-1.81,-0.925,-1.171,-0.2455
544,169915.5,130,HideSpotCheck,-2.07,-1.171,-1.419,-0.2481
544,169915.8,130,HideSpotCheck,-2.32,-1.419,-1.669,-0.2499
544,169916.1,130,HideSpotCheck,-2.57,-1.669,-1.920,-0.2511
544,169916.4,130,HideSpotCheck,-2.82,-1.920,-2.172,-0.2520
544,169916.7,130,HideSpotCheck,-3.08,-2.172,-2.424,-0.2526
544,169917.0,130,HideSpotCheck,-3.33,-2.424,-2.677,-0.2530
544,169917.3,130,HideSpotCheck,-3.58,-2.677,-2.931,-0.2533
544,169917.6,130,HideSpotCheck,-3.84,-2.931,-3.184,-0.2536
544,169917.9,130,HideSpotCheck,-4.09,-3.184,-3.438,-0.2537
544,169918.3,130,HideSpotCheck,-4.34,-3.438,-3.692,-0.2541
544,169918.6,130,HideSpotCheck,-4.60,-3.692,-3.946,-0.2540
544,169918.9,130,HideSpotCheck,-4.85,-3.946,-4.200,-0.2540
544,169919.2,130,HideSpotCheck,-5.10,-4.200,-4.454,-0.2540
544,169919.5,130,HideSpotCheck,-5.16,-4.454,-4.648,-0.1940
544,169919.8,130,HideSpotCheck,-5.41,-4.648,-4.860,-0.2120
544,169920.1,130,HideSpotCheck,-5.66,-4.860,-5.085,-0.2245
544,169920.5,130,HideSpotCheck,-5.92,-5.085,-5.318,-0.2334
544,169920.8,130,HideSpotCheck,-6.17,-5.318,-5.558,-0.2395
544,169921.1,130,HideSpotCheck,-6.42,-5.558,-5.801,-0.2439
544,169921.5,130,HideSpotCheck,-6.68,-5.801,-6.049,-0.2472
544,169921.8,130,HideSpotCheck,-6.93,-6.049,-6.298,-0.2492
544,169922.1,130,HideSpotCheck,-7.18,-6.298,-6.548,-0.2505
544,169922.4,130,HideSpotCheck,-7.43,-6.548,-6.800,-0.2515
544,169922.7,130,HideSpotCheck,-7.69,-6.800,-7.052,-0.2522
544,169923.0,130,HideSpotCheck,10.00,-7.052,-1.936,5.1156
545,169923.0,130,HideSpotCheck,-0.29,-1.936,-1.342,0.5944
545,169923.4,124,AmbushHotChoke,1.20,0.690,0.871,0.1809
545,169923.7,124,AmbushHotChoke,1.20,0.871,0.997,0.1261
545,169924.0,124,AmbushHotChoke,1.20,0.997,1.085,0.0879
545,169924.5,124,AmbushHotChoke,-0.46,1.085,0.675,-0.4100
545,169929.6,90,SweepArea,-0.20,0.198,0.101,-0.0967
545,169931.5,144,HideSpotCheck,0.23,-0.809,-0.470,0.3389
545,169933.5,144,HideSpotCheck,0.23,-0.470,-0.233,0.2364
545,169935.3,144,HideSpotCheck,0.23,-0.233,-0.067,0.1665
545,169937.2,144,HideSpotCheck,0.13,-0.067,0.020,0.0864
545,169939.2,144,HideSpotCheck,0.03,0.020,0.049,0.0298
545,169941.3,144,HideSpotCheck,-0.07,0.049,0.040,-0.0094
545,169957.3,144,SweepArea,-0.01,-0.909,-0.627,0.2825
545,169986.7,126,Patrol,0.11,-0.178,-0.086,0.0920
545,170031.5,126,Patrol,-0.12,-0.086,-0.094,-0.0079
545,170070.5,126,Patrol,0.05,-0.094,-0.046,0.0480
545,170115.7,126,Patrol,-0.88,-0.046,-0.293,-0.2469
545,170116.4,144,HideSpotCheck,-0.50,0.040,-0.093,-0.1332
545,170117.0,144,HideSpotCheck,-0.50,-0.093,-0.186,-0.0932
545,170117.4,144,HideSpotCheck,-0.50,-0.186,-0.251,-0.0651
545,170117.8,144,HideSpotCheck,-0.60,-0.251,-0.327,-0.0755
545,170118.2,144,HideSpotCheck,-0.70,-0.327,-0.410,-0.0830
545,170118.6,144,HideSpotCheck,-0.80,-0.410,-0.498,-0.0881
545,170119.0,144,HideSpotCheck,-1.50,-0.498,-0.770,-0.2716
545,170135.9,144,SweepArea,-0.02,-0.627,-0.432,0.1948
545,170137.3,144,SweepArea,0.01,-0.432,-0.273,0.1589
545,170167.0,126,Patrol,0.73,-0.293,0.020,0.3125
545,170169.5,126,Patrol,-0.76,0.020,-0.038,-0.0580
545,170174.7,86,InvestigateLastHeard,-0.01,3.035,2.141,-0.8942
545,170191.5,130,SweepArea,-0.32,-0.292,-0.294,-0.0028
545,170197.0,120,AmbushHotChoke,0.00,-0.032,-0.014,0.0178
545,170201.2,120,AmbushHotChoke,-0.19,-0.014,-0.058,-0.0433
545,170214.8,120,SweepArea,-0.29,-0.048,-0.106,-0.0581
545,170230.0,114,HeatSweep,-0.50,0.019,-0.124,-0.1428
545,170235.3,144,SweepArea,-0.20,-0.273,-0.236,0.0372
545,170249.7,128,HeatSweep,-0.08,-0.240,-0.182,0.0583
545,170262.8,128,HeatSweep,-0.28,-0.182,-0.201,-0.0190
545,170276.0,128,HeatSweep,-0.05,-0.201,-0.146,0.0547
545,170289.0,128,HeatSweep,-0.38,-0.146,-0.206,-0.0592
545,170302.7,128,HeatSweep,-0.26,-0.206,-0.212,-0.0065
545,170315.5,128,HeatSweep,-0.58,-0.212,-0.311,-0.0989
545,170328.8,128,HeatSweep,-1.06,-0.311,-0.525,-0.2136
545,170341.8,128,HeatSweep,-1.53,-0.525,-0.815,-0.2908
545,170357.0,128,AmbushHotChoke,-0.52,-0.553,-0.531,0.0219
545,170402.1,115,Patrol,-0.95,-0.535,-0.658,-0.1233
545,170447.2,145,Patrol,-0.95,-0.478,-0.617,-0.1391
545,170483.8,129,Patrol,0.04,-0.537,-0.359,0.1782
546,170528.9,115,Patrol,-0.80,-0.658,-0.698,-0.0400
546,170533.0,144,SweepArea,-0.04,-0.236,-0.153,0.0824
546,170537.3,144,SweepArea,-0.19,-0.153,-0.141,0.0120
546,170542.0,144,SweepArea,-0.05,-0.141,-0.090,0.0513
546,170546.4,144,SweepArea,-0.14,-0.090,-0.082,0.0076
546,170569.6,144,SweepArea,-0.28,-0.082,-0.133,-0.0509
546,170614.8,126,Patrol,-0.92,-0.038,-0.298,-0.2603
546,170619.0,144,SweepArea,-0.19,-0.133,-0.127,0.0064
546,170623.5,144,SweepArea,-0.20,-0.127,-0.124,0.0028
546,170627.8,144,SweepArea,-0.19,-0.124,-0.121,0.0033
546,170631.5,144,SweepArea,10.00,-0.121,2.916,3.0362
547,170632.6,144,SweepArea,0.10,2.916,2.110,-0.8051
547,170647.6,62,InvestigateLastHeard,-0.50,0.167,0.259,0.0925
547,170649.0,144,SweepArea,-0.16,2.110,2.017,-0.0933
547,170650.5,144,SweepArea,-0.16,2.017,1.923,-0.0938
547,170652.0,144,SweepArea,-0.16,1.923,1.324,-0.5989
547,170683.2,126,Patrol,0.94,-0.298,0.077,0.3758
548,170684.0,126,Patrol,-0.67,0.077,-0.142,-0.2190
548,170699.0,114,HeatSweep,-0.50,-0.124,-0.053,0.0710
548,170724.0,144,SweepArea,-0.52,1.324,0.881,-0.4436
548,170732.6,144,SweepArea,-0.08,0.881,0.763,-0.1178
548,170741.5,144,SweepArea,-0.24,0.763,0.481,-0.2820
548,170770.5,126,Patrol,0.11,-0.142,-0.059,0.0822
548,170815.3,126,Patrol,0.02,-0.059,-0.033,0.0269
548,170854.7,126,Patrol,-0.14,-0.033,-0.061,-0.0286
548,170899.8,126,Patrol,-1.05,-0.061,-0.355,-0.2936
548,170945.0,145,Patrol,-1.07,-0.617,-0.753,-0.1357
548,170987.2,145,Patrol,-0.62,-0.753,-0.711,0.0418
549,171032.3,127,Patrol,-0.80,-0.659,-0.687,-0.0283
549,171033.8,144,SweepArea,-0.17,0.481,0.421,-0.0605
549,171057.7,144,SweepArea,0.00,0.421,0.304,-0.1164
549,171102.6,126,Patrol,-0.05,-0.355,-0.254,0.1010
549,171117.0,144,SweepArea,0.16,0.304,0.304,-0.0003
549,171125.9,144,SweepArea,-0.24,0.304,0.160,-0.1439
549,171154.8,126,Patrol,-0.19,-0.254,-0.228,0.0263
549,171199.5,126,Patrol,-0.11,-0.228,-0.186,0.0411
549,171214.0,144,SweepArea,-0.29,0.160,0.047,-0.1135
549,171222.5,144,SweepArea,-0.24,0.047,-0.019,-0.0656
549,171231.0,144,SweepArea,-0.23,-0.019,-0.064,-0.0454
549,171239.2,144,SweepArea,-0.33,-0.064,-0.125,-0.0609
549,171248.0,144,SweepArea,-0.28,-0.125,-0.154,-0.0287
549,171258.6,144,SweepArea,-0.56,-0.154,-0.257,-0.1034
549,171267.7,144,SweepArea,-1.09,-0.257,-0.488,-0.2310
549,171276.6,144,SweepArea,-1.49,-0.488,-0.770,-0.2816
549,171313.6,126,Patrol,-0.06,-0.186,-0.147,0.0399
549,171328.8,128,AmbushHotChoke,-0.49,-0.531,-0.508,0.0233
549,171335.2,128,AmbushHotChoke,-0.21,-0.508,-0.405,0.1032
549,171339.2,128,AmbushHotChoke,-0.19,-0.405,-0.323,0.0815
549,171342.9,128,AmbushHotChoke,-0.29,-0.323,-0.295,0.0283
549,171347.0,128,AmbushHotChoke,-0.39,-0.295,-0.307,-0.0118
549,171351.1,128,AmbushHotChoke,-0.49,-0.307,-0.345,-0.0382
549,171355.0,128,AmbushHotChoke,-1.19,-0.345,-0.581,-0.2360
549,171357.8,128,AmbushHotChoke,-1.43,-0.581,-0.816,-0.2357
549,171370.6,128,SweepArea,-0.28,-0.653,-0.526,0.1266
549,171385.7,129,HeatSweep,-0.50,-0.804,-0.705,0.0981
549,171424.4,145,Patrol,0.12,-0.711,-0.460,0.2512
549,171448.0,145,Patrol,0.12,-0.460,-0.281,0.1788
549,171448.4,151,HideSpotCheck,-0.50,-0.432,-0.436,-0.0043
549,171448.6,151,HideSpotCheck,-0.50,-0.436,-0.439,-0.0030
549,171448.9,151,HideSpotCheck,-0.50,-0.439,-0.441,-0.0021
549,171449.2,151,HideSpotCheck,-0.60,-0.441,-0.473,-0.0315
549,171449.6,151,HideSpotCheck,-0.70,-0.473,-0.525,-0.0521
549,171449.9,151,HideSpotCheck,-0.80,-0.525,-0.591,-0.0664
549,171492.5,151,Patrol,-0.33,-0.564,-0.490,0.0740
549,171505.2,131,HeatSweep,0.02,-0.546,-0.367,0.1788
550,171550.3,145,Patrol,-0.80,-0.281,-0.434,-0.1530
550,171550.6,144,HideSpotCheck,-0.50,-0.770,-0.660,0.1100
550,171551.0,144,HideSpotCheck,-0.50,-0.660,-0.583,0.0769
550,171551.3,144,HideSpotCheck,-0.50,-0.583,-0.529,0.0540
550,171551.6,144,HideSpotCheck,-0.60,-0.529,-0.521,0.0078
550,171551.9,144,HideSpotCheck,-0.70,-0.521,-0.545,-0.0245
550,171552.2,144,HideSpotCheck,-0.80,-0.545,-0.593,-0.0472
550,171552.4,144,HideSpotCheck,-1.50,-0.593,-0.836,-0.2430
550,171554.0,144,SweepArea,-0.17,-0.770,-0.561,0.2086
550,171555.5,144,SweepArea,-0.16,-0.561,-0.415,0.1465
550,171557.0,144,SweepArea,-0.17,-0.415,-0.312,0.1024
550,171558.4,144,SweepArea,-0.26,-0.312,-0.270,0.0420
550,171559.9,144,SweepArea,-0.37,-0.270,-0.271,-0.0011
550,171561.3,144,SweepArea,-0.46,-0.271,-0.302,-0.0302
550,171562.8,144,SweepArea,-1.17,-0.302,-0.533,-0.2316
550,171564.2,144,SweepArea,-1.41,-0.533,-0.770,-0.2367
550,171565.8,144,SweepArea,-1.67,-0.770,-1.011,-0.2411
550,171566.0,144,HideSpotCheck,-0.50,-0.836,-0.706,0.1299
550,171566.3,144,HideSpotCheck,-0.50,-0.706,-0.615,0.0909
550,171566.6,144,HideSpotCheck,-0.50,-0.615,-0.551,0.0637
550,171566.9,144,HideSpotCheck,-0.60,-0.551,-0.537,0.0145
550,171567.2,144,HideSpotCheck,-0.70,-0.537,-0.556,-0.0198
550,171567.4,144,HideSpotCheck,-0.80,-0.556,-0.600,-0.0439
550,171567.7,144,HideSpotCheck,-1.50,-0.600,-0.841,-0.2407
550,171568.0,144,HideSpotCheck,-1.75,-0.841,-1.084,-0.2435
550,171606.9,144,Patrol,0.01,-0.885,-0.612,0.2729
550,171652.1,144,Patrol,-0.80,-0.612,-0.664,-0.0520
550,171697.1,126,Patrol,-0.80,-0.147,-0.340,-0.1932
550,171742.4,144,Patrol,-0.67,-0.664,-0.662,0.0019
550,171772.4,108,Patrol,-0.10,-0.910,-0.661,0.2493
550,171817.4,126,Patrol,-1.10,-0.340,-0.565,-0.2252
550,171856.6,144,Patrol,-1.29,-0.662,-0.847,-0.1848
551,171901.7,126,Patrol,-0.80,-0.565,-0.633,-0.0680
551,171946.8,126,Patrol,-0.80,-0.633,-0.680,-0.0475
551,171985.9,126,Patrol,0.05,-0.680,-0.456,0.2242
551,172031.0,108,Patrol,-1.00,-0.661,-0.760,-0.0991
551,172071.7,144,Patrol,0.29,-0.847,-0.501,0.3459
552,172072.5,144,Patrol,-0.76,-0.501,-0.577,-0.0762
552,172117.7,115,Patrol,-0.80,-0.698,-0.726,-0.0281
552,172162.7,144,Patrol,-1.01,-0.577,-0.703,-0.1255
552,172184.3,144,Patrol,0.80,-0.703,-0.242,0.4608
552,172189.1,144,Patrol,-1.06,-0.242,-0.322,-0.0801
552,172194.4,86,InvestigateLastHeard,0.14,2.141,1.555,-0.5854
552,172212.9,128,SweepArea,-0.34,-0.526,-0.459,0.0673
552,172228.1,122,HeatSweep,-0.50,0.032,-0.115,-0.1465
552,172266.7,144,Patrol,0.01,-0.322,-0.218,0.1047
552,172272.0,130,SweepArea,-0.04,-0.294,-0.197,0.0971
552,172279.0,130,SweepArea,-0.07,-0.197,-0.141,0.0565
552,172285.6,130,SweepArea,-0.22,-0.141,-0.145,-0.0039
552,172292.2,130,SweepArea,-0.32,-0.145,-0.178,-0.0328
552,172298.9,130,SweepArea,-0.42,-0.178,-0.230,-0.0529
552,172305.3,130,SweepArea,-0.51,-0.230,-0.297,-0.0663
552,172312.1,130,SweepArea,-1.07,-0.297,-0.509,-0.2127
552,172325.2,130,AmbushHotChoke,-0.01,-0.331,-0.223,0.1084
552,172329.0,122,AmbushHotChoke,-0.19,-0.034,-0.059,-0.0251
552,172332.3,122,AmbushHotChoke,-0.18,-0.059,-0.075,-0.0157
552,172335.9,122,AmbushHotChoke,-0.29,-0.075,-0.117,-0.0420
552,172348.6,122,SweepArea,-0.28,-0.084,0.151,0.2345
552,172363.7,116,HeatSweep,-0.65,1.869,1.127,-0.7422
552,172402.8,144,Patrol,-0.29,-0.218,-0.236,-0.0184
552,172446.8,129,Patrol,-0.06,-0.359,-0.265,0.0935
552,172451.2,117,HeatSweep,10.00,-0.281,2.804,3.0842
553,172454.9,117,HeatSweep,0.07,2.804,2.003,-0.8003
553,172457.0,90,SweepArea,0.98,0.101,0.387,0.2864
553,172460.1,90,SweepArea,-0.55,0.387,0.462,0.0752
553,172465.2,86,InvestigateLastHeard,0.14,1.555,1.150,-0.4049
553,172469.2,130,AmbushHotChoke,-0.19,-0.223,-0.191,0.0314
553,172472.9,130,AmbushHotChoke,-0.19,-0.191,-0.168,0.0230
553,172476.0,130,AmbushHotChoke,-0.18,-0.168,-0.150,0.0188
553,172479.6,130,AmbushHotChoke,-0.29,-0.150,-0.169,-0.0195
553,172482.7,130,AmbushHotChoke,-0.38,-0.169,-0.210,-0.0412
553,172485.5,130,AmbushHotChoke,-0.48,-0.210,-0.267,-0.0573
553,172489.6,130,AmbushHotChoke,-1.19,-0.267,-0.523,-0.2559
553,172496.3,130,HeatSweep,0.08,-0.342,-0.196,0.1464
553,172509.5,130,HeatSweep,0.09,-0.196,-0.096,0.0999
553,172523.4,130,HeatSweep,-0.29,-0.096,-0.141,-0.0451
553,172529.1,130,HeatSweep,-0.01,-0.141,-0.079,0.0625
553,172569.1,144,Patrol,0.00,-0.236,-0.162,0.0740
553,172572.6,130,HeatSweep,-0.18,-0.079,-0.088,-0.0097
553,172576.1,130,HeatSweep,-0.19,-0.088,-0.095,-0.0070
553,172579.5,130,HeatSweep,-0.18,-0.095,-0.100,-0.0048
553,172583.0,130,HeatSweep,-0.28,-0.100,-0.134,-0.0334
553,172586.5,130,HeatSweep,-0.38,-0.134,-0.187,-0.0534
553,172590.0,130,HeatSweep,-0.49,-0.187,-0.255,-0.0675
553,172593.4,130,HeatSweep,-1.18,-0.255,-0.511,-0.2566
553,172616.1,130,SweepArea,-0.06,-0.509,-0.367,0.1428
553,172625.0,130,SweepArea,-0.09,-0.367,-0.266,0.1007
553,172634.9,130,SweepArea,-0.25,-0.266,-0.245,0.0211
553,172643.9,130,SweepArea,-0.19,-0.245,-0.211,0.0336
553,172652.7,130,SweepArea,-0.44,-0.211,-0.263,-0.0513
553,172661.5,130,SweepArea,-0.38,-0.263,-0.282,-0.0195
553,172670.5,130,SweepArea,-1.24,-0.282,-0.553,-0.2709
553,172677.7,130,HeatSweep,0.13,-0.511,-0.300,0.2114
553,172686.4,130,HeatSweep,-0.24,-0.300,-0.264,0.0356
553,172695.5,130,HeatSweep,-0.01,-0.264,-0.170,0.0937
553,172704.3,130,HeatSweep,-0.34,-0.170,-0.204,-0.0334
553,172713.5,130,HeatSweep,-0.21,-0.204,-0.189,0.0150
553,172722.5,130,HeatSweep,-0.54,-0.189,-0.277,-0.0886
553,172753.2,130,Patrol,-0.05,-0.632,-0.451,0.1809
553,172756.7,131,HeatSweep,-0.19,-0.367,-0.291,0.0758
553,172760.2,131,HeatSweep,-0.19,-0.291,-0.238,0.0529
553,172763.6,131,HeatSweep,-0.18,-0.238,-0.201,0.0374
553,172767.0,131,HeatSweep,-0.28,-0.201,-0.205,-0.0037
553,172770.5,131,HeatSweep,-0.38,-0.205,-0.237,-0.0328
553,172773.8,131,HeatSweep,-0.48,-0.237,-0.290,-0.0524
553,172777.3,131,HeatSweep,-1.18,-0.290,-0.537,-0.2473
554,172822.4,131,Patrol,-0.80,-0.588,-0.649,-0.0611
555,172867.5,126,Patrol,-0.80,-0.456,-0.557,-0.1006
555,172912.1,126,Patrol,-0.05,-0.557,-0.401,0.1563
555,172957.2,144,Patrol,-0.86,-0.162,-0.368,-0.2061
555,173002.4,144,Patrol,-1.13,-0.368,-0.593,-0.2246
555,173045.3,144,Patrol,-0.41,-0.593,-0.535,0.0578
555,173090.5,108,Patrol,-1.95,-0.760,-1.115,-0.3546
555,173135.7,144,Patrol,-2.16,-0.535,-1.019,-0.4839
555,173158.5,144,SweepArea,-0.08,-1.011,-0.722,0.2892
555,173163.0,144,SweepArea,-0.20,-0.722,-0.540,0.1815
555,173167.6,144,SweepArea,-0.20,-0.540,-0.414,0.1269
555,173172.0,144,SweepArea,-0.14,-0.414,-0.309,0.1043
555,173176.8,144,SweepArea,-0.25,-0.309,-0.267,0.0418
555,173181.3,144,SweepArea,-0.34,-0.267,-0.267,0.0005
555,173206.5,144,SweepArea,-1.65,-0.267,-0.675,-0.4079
555,173251.6,108,Patrol,-0.80,-1.115,-1.018,0.0970
555,173290.5,126,Patrol,-0.12,-0.401,-0.312,0.0884
555,173332.6,127,Patrol,0.58,-0.687,-0.305,0.3821
555,173333.0,127,Patrol,-0.95,-0.305,-0.496,-0.1903
555,173347.7,57,SweepArea,-0.30,0.069,-0.023,-0.0926
555,173362.2,111,SweepArea,-5.00,0.123,-1.414,-1.5370
556,173372.8,111,SweepArea,-0.60,-1.414,-1.162,0.2518
556,173415.1,144,Patrol,-0.02,-1.019,-0.718,0.3011
556,173422.5,128,SweepArea,-0.04,-0.459,-0.319,0.1399
556,173431.3,128,SweepArea,-0.09,-0.319,-0.236,0.0830
556,173440.2,128,SweepArea,-0.24,-0.236,-0.224,0.0127
556,173449.2,128,SweepArea,-0.34,-0.224,-0.245,-0.0217
556,173458.3,128,SweepArea,-0.29,-0.245,-0.246,-0.0004
556,173473.0,128,SweepArea,-0.30,-0.246,-0.251,-0.0055
556,173495.7,128,SweepArea,-1.21,-0.251,-0.532,-0.2807
556,173504.4,128,SweepArea,-1.49,-0.532,-0.805,-0.2730
556,173534.0,128,Patrol,-0.20,-0.774,-0.596,0.1778
556,173578.9,128,Patrol,0.02,-0.596,-0.409,0.1866
556,173618.4,128,Patrol,0.15,-0.409,-0.237,0.1719
556,173631.0,114,HeatSweep,0.02,-0.053,-0.014,0.0384
556,173637.5,144,SweepArea,0.10,-0.675,-0.422,0.2527
556,173641.1,144,SweepArea,-0.19,-0.422,-0.327,0.0956
556,173644.8,144,SweepArea,-0.03,-0.327,-0.214,0.1121
556,173669.9,144,SweepArea,-0.77,-0.214,-0.373,-0.1586
556,173680.0,114,HeatSweep,-0.25,-0.014,-0.068,-0.0533
556,173686.5,144,SweepArea,-0.05,-0.373,-0.256,0.1170
556,173690.3,144,SweepArea,-0.04,-0.256,-0.166,0.0900
556,173692.1,144,HideSpotCheck,0.38,-1.084,-0.617,0.4671
556,173696.3,144,SweepArea,-0.19,-0.166,-0.161,0.0047
556,173741.4,145,Patrol,-0.77,-0.434,-0.534,-0.1001
556,173786.5,145,Patrol,-0.80,-0.534,-0.613,-0.0786
556,173822.9,145,Patrol,0.11,-0.613,-0.394,0.2190
556,173867.0,145,Patrol,-0.44,-0.394,-0.405,-0.0111
557,173912.1,129,Patrol,-0.80,-0.265,-0.423,-0.1580
557,173917.4,144,SweepArea,-0.20,-0.161,-0.151,0.0100
557,173924.2,144,SweepArea,-0.07,-0.151,-0.105,0.0466
557,173930.6,144,SweepArea,-0.21,-0.105,-0.116,-0.0113
557,173937.4,144,SweepArea,-0.32,-0.116,-0.156,-0.0397
557,173944.0,144,SweepArea,-0.42,-0.156,-0.213,-0.0571
557,173950.7,144,SweepArea,-0.37,-0.213,-0.238,-0.0250
557,173957.1,144,SweepArea,-1.21,-0.238,-0.510,-0.2717
557,173982.3,144,SweepArea,-1.67,-0.510,-0.850,-0.3407
557,173993.0,114,HeatSweep,0.04,-0.068,-0.018,0.0499
557,173993.3,144,HideSpotCheck,-0.50,-0.617,-0.553,0.0644
557,173993.6,144,HideSpotCheck,-0.50,-0.553,-0.508,0.0451
557,173994.0,144,HideSpotCheck,-0.50,-0.508,-0.476,0.0315
557,173994.3,144,HideSpotCheck,-0.60,-0.476,-0.484,-0.0078
557,173994.5,144,HideSpotCheck,-0.70,-0.484,-0.520,-0.0355
557,174013.0,144,SweepArea,-0.03,-0.850,-0.597,0.2531
557,174042.0,128,Patrol,0.11,-0.237,-0.128,0.1089
557,174086.7,128,Patrol,0.02,-0.128,-0.082,0.0468
557,174126.2,128,Patrol,-0.05,-0.082,-0.065,0.0169
557,174138.8,136,HeatSweep,0.02,0.180,0.149,-0.0312
557,174139.1,144,HideSpotCheck,-0.50,-0.520,-0.485,0.0351
557,174139.3,144,HideSpotCheck,-0.50,-0.485,-0.460,0.0246
557,174139.6,144,HideSpotCheck,-0.50,-0.460,-0.443,0.0172
557,174139.9,144,HideSpotCheck,-0.60,-0.443,-0.461,-0.0180
557,174140.2,144,HideSpotCheck,-0.70,-0.461,-0.503,-0.0426
557,174140.5,144,HideSpotCheck,-0.80,-0.503,-0.577,-0.0739
557,174147.1,145,SweepArea,0.08,-1.261,-0.434,0.8272
557,174161.7,147,HeatSweep,0.09,1.984,1.426,-0.5575
557,174170.4,137,AmbushHotChoke,-0.24,-0.530,-0.429,0.1014
557,174173.2,137,AmbushHotChoke,-0.18,-0.429,-0.335,0.0937
557,174176.9,137,AmbushHotChoke,-0.19,-0.335,-0.273,0.0620
557,174180.8,137,AmbushHotChoke,-0.29,-0.273,-0.261,0.0124
557,174184.1,137,AmbushHotChoke,-0.38,-0.261,-0.279,-0.0184
557,174188.1,137,AmbushHotChoke,-0.49,-0.279,-0.325,-0.0461
557,174191.9,137,AmbushHotChoke,-1.19,-0.325,-0.566,-0.2412
558,174237.1,137,Patrol,-0.80,-0.542,-0.619,-0.0765
558,174282.2,145,Patrol,-0.78,-0.405,-0.513,-0.1082
558,174327.2,144,Patrol,-0.90,-0.718,-0.770,-0.0518
558,174358.3,126,Patrol,-0.10,-0.312,-0.242,0.0699
558,174403.3,126,Patrol,-1.03,-0.242,-0.476,-0.2341
558,174442.4,126,Patrol,-0.85,-0.476,-0.583,-0.1069
558,174487.5,108,Patrol,-2.20,-1.018,-1.370,-0.3522
558,174487.8,144,HideSpotCheck,-0.50,-0.577,-0.525,0.0525
558,174488.1,144,HideSpotCheck,-0.50,-0.525,-0.488,0.0367
558,174488.5,144,HideSpotCheck,-0.50,-0.488,-0.463,0.0255
558,174488.8,144,HideSpotCheck,-0.60,-0.463,-0.475,-0.0120
558,174489.0,144,HideSpotCheck,-0.70,-0.475,-0.513,-0.0384
558,174489.3,144,HideSpotCheck,-0.80,-0.513,-0.570,-0.0569
558,174489.8,144,HideSpotCheck,-1.50,-0.570,-0.820,-0.2501
558,174491.4,144,SweepArea,-0.17,-0.597,-0.441,0.1566
558,174492.9,144,SweepArea,-0.17,-0.441,-0.331,0.1100
558,174494.5,144,SweepArea,-0.17,-0.331,-0.254,0.0766
558,174496.0,144,SweepArea,-0.26,-0.254,-0.230,0.0243
558,174497.6,144,SweepArea,-0.37,-0.230,-0.243,-0.0135
558,174499.0,144,SweepArea,-0.46,-0.243,-0.282,-0.0390
558,174500.6,144,SweepArea,-1.17,-0.282,-0.520,-0.2378
558,174502.1,144,SweepArea,-1.42,-0.520,-0.761,-0.2411
558,174503.8,144,SweepArea,-1.67,-0.761,-1.005,-0.2444
558,174548.9,144,Patrol,-0.95,-0.770,-0.823,-0.0531
558,174557.5,145,SweepArea,-0.08,-0.434,-0.315,0.1193
558,174598.3,127,Patrol,-0.05,-0.496,-0.361,0.1343
558,174643.5,109,Patrol,-0.95,-0.636,-0.729,-0.0934
558,174645.6,145,SweepArea,-0.17,-0.315,-0.258,0.0569
558,174647.1,145,SweepArea,-0.16,-0.258,-0.216,0.0422
558,174647.4,145,HideSpotCheck,-0.50,-1.385,-1.105,0.2808
558,174648.7,145,SweepArea,-0.16,-0.216,-0.186,0.0301
558,174669.2,145,SweepArea,-0.05,-0.186,-0.141,0.0447
558,174675.7,145,SweepArea,-0.06,-0.141,-0.107,0.0339
558,174682.3,145,SweepArea,-0.32,-0.107,-0.159,-0.0518
558,174702.1,145,SweepArea,-0.25,-0.159,-0.180,-0.0211
558,174706.6,145,SweepArea,-0.49,-0.180,-0.262,-0.0823
558,174711.0,145,SweepArea,-1.04,-0.262,-0.484,-0.2220
558,174731.3,145,SweepArea,10.00,-0.484,2.661,3.1452
559,174736.2,145,SweepArea,-0.60,2.661,1.720,-0.9411
559,174741.1,90,SweepArea,-0.20,0.462,0.287,-0.1755
559,174743.0,144,HideSpotCheck,0.23,-0.820,-0.477,0.3425
559,174744.9,144,HideSpotCheck,0.23,-0.477,-0.238,0.2391
559,174747.0,144,HideSpotCheck,0.23,-0.238,-0.072,0.1668
559,174748.9,144,HideSpotCheck,0.13,-0.072,0.016,0.0878
559,174750.9,144,HideSpotCheck,0.03,0.016,0.047,0.0306
559,174752.8,144,HideSpotCheck,-0.07,0.047,0.039,-0.0077
559,174754.6,144,HideSpotCheck,-0.77,0.039,-0.176,-0.2153
559,174756.6,144,HideSpotCheck,-1.02,-0.176,-0.402,-0.2263
559,174758.5,144,HideSpotCheck,-1.27,-0.402,-0.635,-0.2330
559,174760.5,144,HideSpotCheck,-1.52,-0.635,-0.874,-0.2387
560,174801.9,144,Patrol,-0.01,-0.823,-0.577,0.2460
560,174847.1,144,Patrol,-0.80,-0.577,-0.641,-0.0645
560,174891.2,126,Patrol,-0.15,-0.583,-0.451,0.1320
560,174936.3,108,Patrol,-1.00,-1.370,-1.256,0.1137
560,174981.5,144,Patrol,-1.25,-0.641,-0.773,-0.1322
560,175002.4,145,SweepArea,-0.16,1.720,1.159,-0.5612
561,175047.6,109,Patrol,-0.80,-0.729,-0.748,-0.0190
561,175092.7,144,Patrol,-0.88,-0.773,-0.804,-0.0302
561,175134.1,144,Patrol,-0.11,-0.804,-0.593,0.2104
561,175136.9,126,Patrol,0.81,-0.451,-0.052,0.3993
562,175137.6,126,Patrol,-0.38,-0.052,-0.129,-0.0773
562,175138.8,114,HeatSweep,0.99,-0.018,0.306,0.3233
562,175139.1,114,HeatSweep,-0.37,0.306,0.184,-0.1217
562,175140.5,90,SweepArea,-0.16,0.287,0.231,-0.0554
562,175142.0,90,SweepArea,-0.16,0.231,0.177,-0.0545
562,175143.3,90,SweepArea,-0.16,0.177,0.125,-0.0524
562,175182.7,90,Patrol,0.01,-0.419,-0.287,0.1314
562,175227.8,144,Patrol,-0.88,-0.593,-0.675,-0.0817
563,175272.9,144,Patrol,-0.80,-0.675,-0.710,-0.0347
563,175318.0,144,Patrol,-0.77,-0.710,-0.725,-0.0156
563,175344.1,144,Patrol,1.00,-0.725,-0.202,0.5237
563,175349.6,144,Patrol,-0.87,-0.202,-0.395,-0.1937
563,175352.9,82,HeatSweep,10.00,0.095,3.067,2.9715
564,175356.5,82,HeatSweep,0.08,3.067,2.198,-0.8692
564,175361.3,90,SweepArea,-0.20,0.125,0.051,-0.0735
565,175406.4,144,Patrol,-0.80,-0.395,-0.514,-0.1189
565,175446.3,126,Patrol,0.02,-0.129,-0.080,0.0493
565,175483.0,126,Patrol,0.55,-0.080,0.113,0.1931
565,175486.1,126,Patrol,-0.90,0.113,-0.186,-0.2989
565,175501.8,80,SweepArea,-0.01,-0.034,-0.017,0.0169
565,175518.1,134,SweepArea,-0.31,-0.153,-0.192,-0.0390
565,175534.4,134,SweepArea,-0.16,-0.192,-0.174,0.0180
565,175550.4,134,SweepArea,-0.41,-0.174,-0.236,-0.0618
565,175561.0,134,HideSpotCheck,0.36,-0.226,-0.037,0.1882
565,175572.0,134,HideSpotCheck,0.14,-0.037,0.027,0.0647
565,175582.7,134,HideSpotCheck,0.36,0.027,0.140,0.1127
565,175593.7,134,HideSpotCheck,0.04,0.140,0.134,-0.0061
565,175604.3,134,HideSpotCheck,0.16,0.134,0.166,0.0324
565,175615.0,134,HideSpotCheck,-0.16,0.166,0.098,-0.0683
565,175625.8,134,HideSpotCheck,-0.64,0.098,-0.106,-0.2041
565,175640.8,134,HideSpotCheck,-1.90,-0.106,-0.635,-0.5290
565,175653.7,134,SweepArea,-0.28,-0.236,-0.238,-0.0024
565,175671.0,134,SweepArea,-0.17,-0.238,-0.210,0.0287
565,175716.1,128,Patrol,-0.90,-0.065,-0.313,-0.2485
565,175758.0,128,Patrol,-0.13,-0.313,-0.257,0.0567
565,175767.5,120,HeatSweep,10.00,-0.051,2.964,3.0153
566,175771.0,120,HeatSweep,0.02,2.964,2.092,-0.8723
566,175775.3,90,SweepArea,-0.19,0.051,0.002,-0.0492
566,175814.7,144,Patrol,0.61,-0.514,-0.175,0.3395
567,175818.2,144,Patrol,-0.78,-0.175,-0.318,-0.1437
567,175833.4,116,HeatSweep,-0.50,1.127,0.651,-0.4750
567,175872.6,144,Patrol,-0.29,-0.318,-0.307,0.0117
567,175917.8,144,Patrol,-0.74,-0.307,-0.435,-0.1284
567,175962.8,126,Patrol,-0.80,-0.186,-0.367,-0.1816
567,175991.7,126,Patrol,0.05,-0.367,-0.235,0.1322
567,176035.4,126,Patrol,-0.25,-0.235,-0.237,-0.0020
567,176080.5,108,Patrol,-1.10,-1.256,-1.207,0.0495
567,176125.6,144,Patrol,-1.95,-0.435,-0.887,-0.4516
567,176125.9,144,HideSpotCheck,-0.50,-0.874,-0.733,0.1414
567,176126.2,144,HideSpotCheck,-0.50,-0.733,-0.634,0.0990
567,176126.5,144,HideSpotCheck,-0.50,-0.634,-0.564,0.0693
567,176126.8,144,HideSpotCheck,-0.60,-0.564,-0.546,0.0184
567,176127.1,144,HideSpotCheck,-0.70,-0.546,-0.563,-0.0170
567,176127.4,144,HideSpotCheck,-0.80,-0.563,-0.605,-0.0419
567,176127.7,144,HideSpotCheck,-1.50,-0.605,-0.844,-0.2393
567,176128.0,144,HideSpotCheck,-1.75,-0.844,-1.087,-0.2425
567,176168.5,144,Patrol,-0.04,-0.887,-0.628,0.2585
567,176213.7,108,Patrol,-0.95,-1.207,-1.096,0.1106
567,176215.3,145,SweepArea,-0.17,1.159,1.082,-0.0768
567,176217.5,145,SweepArea,-0.02,1.082,1.041,-0.0410
567,176219.0,145,SweepArea,-0.17,1.041,0.968,-0.0726
567,176220.5,145,SweepArea,-0.26,0.968,0.868,-0.1005
567,176221.8,145,SweepArea,-0.36,0.868,0.741,-0.1266
567,176223.3,145,SweepArea,-0.46,0.741,0.586,-0.1553
567,176224.6,145,SweepArea,-1.16,0.586,0.225,-0.3607
567,176226.2,145,SweepArea,-1.42,0.225,-0.204,-0.4297
567,176227.5,145,SweepArea,-1.66,-0.204,-0.628,-0.4234
567,176272.6,145,Patrol,-0.95,-0.513,-0.643,-0.1297
567,176281.0,145,SweepArea,0.12,-0.628,-0.393,0.2350
567,176297.5,145,SweepArea,-0.02,-0.393,-0.273,0.1196
567,176306.3,145,SweepArea,-0.24,-0.273,-0.253,0.0204
567,176307.9,145,SweepArea,-5.00,-0.253,-1.677,-1.4242
568,176331.5,145,SweepArea,-0.60,-1.677,-1.346,0.3305
568,176376.7,126,Patrol,-0.73,-0.237,-0.382,-0.1448
568,176415.9,126,Patrol,0.15,-0.382,-0.217,0.1645
568,176461.0,108,Patrol,-0.80,-1.096,-1.005,0.0916
568,176506.0,144,Patrol,-1.05,-0.628,-0.752,-0.1236
568,176549.6,144,Patrol,-0.28,-0.752,-0.608,0.1440
568,176551.9,108,Patrol,0.68,-1.005,-0.477,0.5273
569,176552.7,108,Patrol,-0.38,-0.477,-0.401,0.0758
569,176553.7,114,HeatSweep,1.00,0.184,0.450,0.2666
569,176554.3,114,HeatSweep,-0.37,0.450,0.226,-0.2248
569,176577.7,90,SweepArea,-0.08,0.002,-0.015,-0.0168
569,176605.9,144,Patrol,-0.18,-0.608,-0.475,0.1325
569,176650.7,128,Patrol,0.09,-0.257,-0.149,0.1074
569,176690.1,108,Patrol,-0.29,-0.401,-0.365,0.0362
569,176735.2,126,Patrol,-0.90,-0.217,-0.420,-0.2022
569,176780.3,144,Patrol,-1.08,-0.475,-0.653,-0.1774
570,176825.4,144,Patrol,-0.80,-0.653,-0.694,-0.0416
570,176864.8,144,Patrol,0.01,-0.694,-0.481,0.2138
570,176910.0,108,Patrol,-0.90,-0.365,-0.524,-0.1583
570,176955.1,144,Patrol,-1.15,-0.481,-0.679,-0.1981
570,176965.0,144,Patrol,0.60,-0.679,-0.279,0.3992
571,176965.4,144,Patrol,-0.45,-0.279,-0.319,-0.0395
571,177010.5,128,Patrol,-0.80,-0.149,-0.342,-0.1929
571,177055.8,144,Patrol,-0.85,-0.319,-0.476,-0.1574
571,177056.1,144,HideSpotCheck,-0.50,-1.087,-0.881,0.2057
571,177101.4,144,Patrol,-0.80,-0.476,-0.571,-0.0951
571,177129.5,126,Patrol,0.19,-0.420,-0.230,0.1892
571,177172.9,144,Patrol,-0.03,-0.571,-0.407,0.1645
571,177188.0,126,Patrol,0.90,-0.230,0.120,0.3506
572,177188.3,126,Patrol,-0.50,0.120,-0.058,-0.1779
572,177233.4,128,Patrol,-0.80,-0.342,-0.477,-0.1347
572,177258.2,126,Patrol,0.91,-0.058,0.241,0.2988
572,177262.6,126,Patrol,-0.99,0.241,-0.052,-0.2929
572,177267.8,86,InvestigateLastHeard,0.14,1.150,0.880,-0.2699
572,177283.1,136,HeatSweep,-0.50,0.149,-0.035,-0.1836
572,177295.5,130,HeatSweep,10.00,-0.277,2.806,3.0834
573,177298.2,130,HeatSweep,-0.50,2.806,1.824,-0.9820
573,177302.5,90,SweepArea,-0.19,-0.015,-0.044,-0.0295
573,177347.6,144,Patrol,-0.80,-0.407,-0.522,-0.1152
573,177362.0,126,Patrol,0.86,-0.052,0.235,0.2871
573,177364.6,126,Patrol,-0.49,0.235,0.031,-0.2042
573,177375.1,80,HeatSweep,0.05,-0.005,0.022,0.0275
573,177407.0,128,Patrol,0.08,-0.477,-0.306,0.1712
573,177450.3,128,Patrol,-0.05,-0.306,-0.207,0.0988
573,177464.6,116,HeatSweep,-0.29,0.651,0.378,-0.2734
573,177497.0,128,Patrol,-0.07,-0.207,-0.161,0.0462
573,177541.5,128,Patrol,-0.06,-0.161,-0.118,0.0422
573,177551.0,116,HeatSweep,10.00,0.378,3.265,2.8866
574,177554.7,116,HeatSweep,0.02,3.265,2.306,-0.9588
574,177600.0,144,Patrol,-0.60,-0.522,-0.543,-0.0206
574,177630.7,144,Patrol,0.09,-0.543,-0.346,0.1966
574,177661.8,126,Patrol,0.31,0.031,0.254,0.2226
574,177673.3,116,HeatSweep,0.04,2.306,1.641,-0.6646
574,177712.7,144,Patrol,-0.14,-0.346,-0.279,0.0668
574,177744.2,144,Patrol,-0.21,-0.279,-0.256,0.0237
574,177789.3,128,Patrol,-0.81,-0.118,-0.278,-0.1594
574,177800.6,116,HeatSweep,-0.26,1.641,1.087,-0.5546
575,177845.8,144,Patrol,-0.80,-0.256,-0.412,-0.1564
575,177889.4,126,Patrol,-0.04,0.254,0.175,-0.0787
575,177934.5,126,Patrol,-0.90,0.175,-0.144,-0.3190
575,177979.7,144,Patrol,-1.08,-0.412,-0.611,-0.1990
575,178022.9,144,Patrol,-0.41,-0.611,-0.547,0.0637
575,178068.0,108,Patrol,-1.80,-0.524,-0.904,-0.3800
575,178095.5,144,Patrol,-1.23,-0.547,-0.745,-0.1978
575,178139.6,126,Patrol,-1.55,-0.144,-0.566,-0.4224
575,178184.6,109,Patrol,-2.70,-0.748,-1.332,-0.5840
575,178229.7,145,Patrol,-2.80,-0.643,-1.288,-0.6453
575,178266.3,127,Patrol,-2.52,-0.361,-1.004,-0.6429
575,178311.4,127,Patrol,-3.45,-1.004,-1.737,-0.7328
575,178311.8,145,HideSpotCheck,-0.50,-1.105,-0.907,0.1977
575,178312.0,145,HideSpotCheck,-0.50,-0.907,-0.769,0.1383
575,178312.3,145,HideSpotCheck,-0.50,-0.769,-0.672,0.0968
575,178312.6,145,HideSpotCheck,-0.60,-0.672,-0.634,0.0377
575,178312.6,145,HideSpotCheck,-5.00,-0.634,-1.944,-1.3097
576,178313.0,145,HideSpotCheck,-0.35,-1.944,-1.451,0.4933
576,178328.1,145,AmbushHotChoke,-0.38,-1.250,-0.975,0.2750
576,178373.1,144,Patrol,-0.80,-0.745,-0.759,-0.0137
577,178418.2,144,Patrol,-0.80,-0.759,-0.768,-0.0098
577,178463.4,144,Patrol,-0.92,-0.768,-0.812,-0.0436
577,178505.4,144,Patrol,-0.12,-0.812,-0.601,0.2111
577,178550.6,144,Patrol,-1.15,-0.601,-0.763,-0.1625
577,178595.8,144,Patrol,-1.21,-0.763,-0.895,-0.1312
577,178596.1,144,HideSpotCheck,-0.50,-0.881,-0.737,0.1440
577,178596.4,144,HideSpotCheck,-0.50,-0.737,-0.636,0.1008
577,178596.7,144,HideSpotCheck,-0.50,-0.636,-0.566,0.0706
577,178597.0,144,HideSpotCheck,-0.60,-0.566,-0.546,0.0194
577,178597.3,144,HideSpotCheck,-0.70,-0.546,-0.563,-0.0165
577,178597.6,144,HideSpotCheck,-0.65,-0.563,-0.559,0.0034
577,178597.9,144,HideSpotCheck,-1.50,-0.559,-0.812,-0.2526
577,178598.2,144,HideSpotCheck,-1.75,-0.812,-1.064,-0.2518
577,178640.8,144,Patrol,-0.04,-0.895,-0.636,0.2587
577,178685.9,108,Patrol,-0.95,-0.904,-0.915,-0.0112
577,178731.1,144,Patrol,-0.77,-0.636,-0.673,-0.0374
577,178768.0,126,Patrol,-0.06,-0.566,-0.410,0.1560
577,178810.7,108,Patrol,-0.23,-0.915,-0.706,0.2085
577,178842.1,128,Patrol,-0.20,-0.278,-0.251,0.0265
577,178887.3,128,Patrol,-1.88,-0.251,-0.739,-0.4874
577,178926.7,128,Patrol,-1.25,-0.739,-0.882,-0.1431
577,178939.5,114,HeatSweep,0.02,0.226,0.180,-0.0460
577,178974.5,144,Patrol,0.03,-0.673,-0.459,0.2148
577,179019.8,115,Patrol,-0.95,-0.726,-0.793,-0.0663
577,179033.2,145,AmbushHotChoke,-0.05,-0.975,-0.691,0.2841
577,179046.9,121,SweepArea,-0.29,-0.151,-0.185,-0.0342
577,179054.0,121,SweepArea,10.00,-0.185,2.871,3.0554
578,179054.9,121,SweepArea,1.07,2.871,2.348,-0.5225
578,179055.5,121,SweepArea,-0.59,2.348,1.482,-0.8662
578,179069.0,90,SweepArea,-0.28,-0.044,-0.102,-0.0580
578,179079.6,108,HideSpotCheck,0.14,-1.483,-0.978,0.5055
578,179124.7,126,Patrol,-0.80,-0.410,-0.524,-0.1141
578,179161.2,144,Patrol,-0.05,-0.459,-0.331,0.1276
578,179206.3,144,Patrol,-0.79,-0.331,-0.467,-0.1358
579,179251.7,144,Patrol,-0.80,-0.467,-0.565,-0.0981
579,179267.6,126,Patrol,0.84,-0.524,-0.103,0.4211
579,179272.6,126,Patrol,-0.67,-0.103,-0.259,-0.1555
579,179276.4,102,HideSpotCheck,0.21,0.152,0.207,0.0556
579,179278.6,102,HideSpotCheck,0.23,0.207,0.233,0.0253
579,179280.7,156,HideSpotCheck,0.23,0.071,0.137,0.0665
579,179282.6,156,HideSpotCheck,0.13,0.137,0.173,0.0353
579,179284.7,156,HideSpotCheck,0.03,0.173,0.176,0.0038
579,179286.6,156,HideSpotCheck,-0.07,0.176,0.151,-0.0256
579,179288.5,156,HideSpotCheck,-0.77,0.151,-0.084,-0.2349
579,179294.8,156,AmbushHotChoke,0.10,0.070,0.095,0.0251
579,179304.1,96,HeatSweep,0.06,0.069,0.404,0.3350
579,179318.6,130,HeatSweep,-0.03,1.824,1.282,-0.5423
579,179325.1,156,AmbushHotChoke,0.08,0.095,0.367,0.2720
579,179338.5,130,HeatSweep,0.02,1.282,1.097,-0.1852
579,179352.0,130,HeatSweep,-0.03,1.097,0.922,-0.1740
579,179365.4,130,HeatSweep,-0.28,0.922,0.699,-0.2231
579,179368.4,130,HeatSweep,10.00,0.699,3.490,2.7903
580,179380.6,130,HeatSweep,-0.50,3.490,2.306,-1.1838
580,179425.8,126,Patrol,-0.73,-0.259,-0.397,-0.1381
580,179465.3,126,Patrol,0.15,-0.397,-0.229,0.1684
580,179510.4,108,Patrol,-0.80,-0.706,-0.732,-0.0254
580,179555.6,144,Patrol,-1.05,-0.565,-0.708,-0.1434
580,179598.6,144,Patrol,-0.27,-0.708,-0.574,0.1338
580,179639.0,108,Patrol,-0.30,-0.732,-0.600,0.1321
580,179684.1,144,Patrol,-1.90,-0.574,-0.970,-0.3952
580,179729.1,144,Patrol,-2.05,-0.970,-1.291,-0.3213
580,179754.2,144,SweepArea,-0.46,-1.005,-0.834,0.1712
580,179769.4,146,HeatSweep,-0.39,0.009,-0.102,-0.1111
580,179787.3,128,SweepArea,-0.33,-0.805,-0.654,0.1512
580,179832.5,128,Patrol,-0.71,-0.882,-0.797,0.0850
580,179847.6,116,HeatSweep,-0.50,1.087,0.623,-0.4635
580,179884.4,129,Patrol,0.17,-0.423,-0.242,0.1811
580,179893.3,137,HeatSweep,-0.24,-1.195,-0.890,0.3043
581,179929.2,129,Patrol,0.04,-0.242,-0.154,0.0882
581,179933.5,123,AmbushHotChoke,0.11,-0.429,-0.244,0.1847
581,179978.7,126,Patrol,-0.93,-0.229,-0.435,-0.2061
581,180023.8,126,Patrol,-0.79,-0.435,-0.540,-0.1048
581,180054.1,126,Patrol,0.18,-0.540,-0.318,0.2213
581,180059.0,144,SweepArea,-0.20,-0.834,-0.621,0.2135
581,180060.8,126,HideSpotCheck,0.23,-0.869,-0.512,0.3571
581,180106.1,126,Patrol,-0.95,-0.318,-0.505,-0.1866
581,180120.4,144,SweepArea,-0.11,-0.621,-0.452,0.1689
581,180137.1,144,SweepArea,-0.32,-0.452,-0.399,0.0531
581,180154.2,144,SweepArea,-0.17,-0.399,-0.318,0.0807
581,180170.5,144,SweepArea,-0.41,-0.318,-0.334,-0.0159
581,180187.1,144,SweepArea,-0.52,-0.334,-0.376,-0.0417
581,180204.0,144,SweepArea,-0.62,-0.376,-0.436,-0.0605
581,180220.3,144,SweepArea,-1.16,-0.436,-0.642,-0.2055
581,180236.7,144,SweepArea,-1.56,-0.642,-0.895,-0.2531
581,180251.8,114,HeatSweep,-0.65,0.180,-0.060,-0.2398
581,180269.8,128,SweepArea,-0.03,-0.654,-0.458,0.1955
581,180278.5,128,SweepArea,-0.24,-0.458,-0.378,0.0801
581,180287.5,128,SweepArea,-0.09,-0.378,-0.278,0.1002
581,180296.7,128,SweepArea,-0.34,-0.278,-0.284,-0.0062
581,180305.7,128,SweepArea,-0.44,-0.284,-0.318,-0.0335
581,180314.8,128,SweepArea,-0.54,-0.318,-0.371,-0.0536
581,180323.7,128,SweepArea,-1.24,-0.371,-0.618,-0.2473
581,180332.2,128,SweepArea,-1.48,-0.618,-0.865,-0.2463
581,180361.8,128,Patrol,0.10,-0.797,-0.522,0.2749
581,180407.1,128,Patrol,-0.73,-0.522,-0.582,-0.0602
581,180446.2,128,Patrol,0.00,-0.582,-0.403,0.1796
581,180460.0,114,HeatSweep,0.01,-0.060,-0.028,0.0321
581,180492.5,128,Patrol,-0.07,-0.403,-0.297,0.1060
581,180536.4,129,Patrol,-0.05,-0.154,-0.121,0.0329
581,180581.6,115,Patrol,-0.80,-0.793,-0.794,-0.0013
581,180593.6,145,AmbushHotChoke,-0.04,-0.691,-0.481,0.2095
581,180638.8,115,Patrol,-0.95,-0.794,-0.840,-0.0457
581,180650.8,145,AmbushHotChoke,-0.04,-0.481,-0.335,0.1462
581,180695.9,115,Patrol,-0.95,-0.840,-0.872,-0.0319
581,180706.7,145,AmbushHotChoke,-0.01,-0.335,-0.225,0.1098
581,180711.0,123,AmbushHotChoke,-0.19,-0.244,-0.212,0.0321
581,180715.1,123,AmbushHotChoke,-0.19,-0.212,-0.188,0.0236
581,180717.7,123,AmbushHotChoke,-0.28,-0.188,-0.196,-0.0078
581,180721.9,123,AmbushHotChoke,-0.39,-0.196,-0.238,-0.0419
581,180725.0,123,AmbushHotChoke,-0.48,-0.238,-0.293,-0.0550
581,180729.0,123,AmbushHotChoke,-1.19,-0.293,-0.545,-0.2517
581,180732.1,123,AmbushHotChoke,-1.43,-0.545,-0.793,-0.2479
581,180745.4,123,SweepArea,-0.28,-0.637,-0.520,0.1167
581,180759.1,123,SweepArea,-5.00,-0.520,-1.864,-1.3440
582,180770.5,123,SweepArea,-0.60,-1.864,-1.477,0.3872
582,180807.3,126,Patrol,0.21,-0.505,-0.285,0.2200
582,180820.6,114,HeatSweep,0.02,-0.028,-0.004,0.0243
583,180865.7,128,Patrol,-0.80,-0.297,-0.445,-0.1485
583,180867.1,144,SweepArea,-0.16,-0.895,-0.648,0.2470
583,180868.6,144,SweepArea,-0.17,-0.648,-0.476,0.1722
583,180888.8,144,SweepArea,-0.01,-0.476,-0.327,0.1489
583,180933.9,108,Patrol,-0.80,-0.600,-0.657,-0.0576
583,180979.1,126,Patrol,-0.79,-0.285,-0.434,-0.1490
583,181024.2,128,Patrol,-0.91,-0.445,-0.582,-0.1369
583,181069.2,128,Patrol,-1.05,-0.582,-0.720,-0.1375
583,181070.7,144,SweepArea,-0.17,-0.327,-0.251,0.0758
583,181072.3,144,SweepArea,-0.17,-0.251,-0.198,0.0528
583,181073.8,144,SweepArea,-0.17,-0.198,-0.161,0.0374
583,181075.4,144,SweepArea,-0.27,-0.161,-0.165,-0.0041
583,181076.9,144,SweepArea,-0.37,-0.165,-0.211,-0.0460
583,181086.8,145,AmbushHotChoke,-0.01,-0.225,-0.146,0.0796
583,181101.8,115,HeatSweep,-0.65,-0.841,-0.771,0.0699
583,181147.0,129,Patrol,-0.78,-0.121,-0.316,-0.1951
583,181184.3,129,Patrol,0.02,-0.316,-0.210,0.1058
583,181199.4,115,HeatSweep,-0.65,-0.771,-0.722,0.0491
583,181244.5,129,Patrol,-0.93,-0.210,-0.422,-0.2120
583,181282.9,129,Patrol,0.01,-0.422,-0.288,0.1338
583,181296.8,115,HeatSweep,0.01,-0.722,-0.489,0.2334
583,181329.0,129,Patrol,-0.06,-0.288,-0.216,0.0726
583,181333.3,129,HideSpotCheck,0.37,-1.071,-0.615,0.4556
583,181378.5,129,Patrol,-0.86,-0.216,-0.409,-0.1927
584,181423.6,109,Patrol,-0.80,-1.332,-1.170,0.1623
584,181468.6,126,Patrol,-0.60,-0.434,-0.479,-0.0454
584,181507.8,126,Patrol,0.05,-0.479,-0.315,0.1639
584,181552.9,108,Patrol,-1.00,-0.657,-0.758,-0.1003
584,181578.0,144,SweepArea,-0.60,-0.211,-0.320,-0.1090
584,181609.1,126,Patrol,-0.04,-0.315,-0.228,0.0875
584,181609.4,126,HideSpotCheck,-0.50,-0.512,-0.479,0.0328
584,181651.6,126,Patrol,-0.04,-0.228,-0.170,0.0584
584,181666.8,145,AmbushHotChoke,-0.65,-0.146,-0.285,-0.1389
584,181711.8,129,Patrol,-0.95,-0.409,-0.570,-0.1610
584,181724.3,145,AmbushHotChoke,0.07,-0.285,-0.168,0.1169
585,181769.4,123,Patrol,-0.80,-0.775,-0.780,-0.0046
585,181814.4,126,Patrol,-0.70,-0.170,-0.326,-0.1562
585,181853.3,126,Patrol,0.06,-0.326,-0.207,0.1183
585,181898.5,108,Patrol,-1.00,-0.758,-0.828,-0.0704
585,181923.7,144,SweepArea,-0.56,-0.320,-0.382,-0.0625
585,181927.4,144,SweepArea,-0.02,-0.382,-0.248,0.1341
585,181951.7,144,SweepArea,-0.24,-0.248,-0.239,0.0088
585,181953.5,127,HideSpotCheck,0.23,-1.124,-0.698,0.4268
585,181970.0,127,SweepArea,-0.01,-1.593,-1.110,0.4827
585,181979.6,127,HideSpotCheck,0.31,-0.698,-0.383,0.3149
585,181989.4,127,HideSpotCheck,0.15,-0.383,-0.209,0.1735
585,181999.0,127,HideSpotCheck,0.30,-0.209,-0.042,0.1675
585,182009.2,127,HideSpotCheck,0.05,-0.042,-0.002,0.0400
585,182018.7,127,HideSpotCheck,0.11,-0.002,0.044,0.0456
585,182033.8,127,AmbushHotChoke,-0.36,-1.289,-1.009,0.2804
585,182079.0,109,Patrol,-0.80,-1.170,-1.058,0.1125
585,182083.4,127,HideSpotCheck,0.37,0.044,0.160,0.1166
585,182085.4,127,HideSpotCheck,0.23,0.160,0.225,0.0645
585,182087.4,127,HideSpotCheck,0.23,0.225,0.287,0.0619
585,182089.3,127,HideSpotCheck,0.13,0.287,0.318,0.0315
585,182091.3,127,HideSpotCheck,0.03,0.318,0.318,-0.0002
585,182093.2,127,HideSpotCheck,-0.07,0.318,0.289,-0.0296
585,182095.0,127,HideSpotCheck,-0.77,0.289,0.050,-0.2383
585,182096.9,127,HideSpotCheck,-1.02,0.050,-0.250,-0.3005
585,182098.7,127,HideSpotCheck,-1.27,-0.250,-0.536,-0.2854
585,182100.5,127,HideSpotCheck,-1.52,-0.536,-0.810,-0.2747
585,182102.4,127,HideSpotCheck,-1.77,-0.810,-1.078,-0.2675
585,182116.8,127,AmbushHotChoke,-0.03,-1.009,-0.712,0.2967
585,182161.9,109,Patrol,-0.80,-1.058,-0.979,0.0787
585,182173.0,145,AmbushHotChoke,-0.03,-0.168,-0.122,0.0452
585,182218.2,109,Patrol,-0.95,-0.979,-0.969,0.0096
585,182219.6,145,AmbushHotChoke,-5.00,-0.122,-1.586,-1.4633
586,182233.2,145,AmbushHotChoke,-0.50,-1.586,-1.247,0.3392
586,182234.8,144,SweepArea,-0.17,-0.239,-0.190,0.0496
586,182236.2,144,SweepArea,-0.16,-0.190,-0.155,0.0352
586,182237.6,144,SweepArea,-0.16,-0.155,-0.130,0.0246
586,182239.1,144,SweepArea,-0.27,-0.130,-0.143,-0.0131
586,182240.7,144,SweepArea,-0.37,-0.143,-0.183,-0.0396
586,182242.4,144,SweepArea,-0.28,-0.183,-0.186,-0.0034
586,182243.9,144,SweepArea,-1.17,-0.186,-0.452,-0.2663
586,182245.5,144,SweepArea,-1.42,-0.452,-0.714,-0.2618
586,182246.9,144,SweepArea,-1.66,-0.714,-0.972,-0.2576
586,182248.4,144,SweepArea,-1.92,-0.972,-1.227,-0.2556
586,182248.7,144,HideSpotCheck,-0.50,-1.064,-0.866,0.1984
586,182249.0,144,HideSpotCheck,-0.50,-0.866,-0.727,0.1389
586,182249.3,144,HideSpotCheck,-0.50,-0.727,-0.629,0.0972
586,182249.6,144,HideSpotCheck,-0.60,-0.629,-0.591,0.0381
586,182250.0,144,HideSpotCheck,-0.70,-0.591,-0.595,-0.0035
586,182250.3,144,HideSpotCheck,-0.80,-0.595,-0.627,-0.0323
586,182250.5,144,HideSpotCheck,-1.50,-0.627,-0.860,-0.2326
586,182250.8,144,HideSpotCheck,-1.75,-0.860,-1.098,-0.2378
586,182251.1,144,HideSpotCheck,-2.00,-1.098,-1.339,-0.2415
586,182276.2,144,SweepArea,-0.40,-1.227,-0.972,0.2551
586,182278.4,114,HeatSweep,10.00,-0.004,2.999,3.0022
587,182279.0,114,HeatSweep,1.12,2.999,2.460,-0.5389
587,182279.8,114,HeatSweep,-0.39,2.460,1.624,-0.8357
587,182287.6,90,SweepArea,-0.23,-0.102,-0.120,-0.0180
587,182296.5,144,SweepArea,-0.24,-0.972,-0.733,0.2390
587,182305.5,144,SweepArea,-0.24,-0.733,-0.567,0.1663
587,182314.5,144,SweepArea,-0.34,-0.567,-0.480,0.0870
587,182323.0,144,SweepArea,-0.28,-0.480,-0.402,0.0780
587,182332.4,144,SweepArea,-0.54,-0.402,-0.426,-0.0241
587,182362.5,126,Patrol,0.10,-0.207,-0.109,0.0982
587,182407.5,126,Patrol,-0.73,-0.109,-0.293,-0.1842
587,182447.0,126,Patrol,0.00,-0.293,-0.201,0.0922
587,182492.2,108,Patrol,-0.90,-0.828,-0.847,-0.0192
587,182493.7,144,SweepArea,-0.17,-0.426,-0.321,0.1055
587,182495.0,144,SweepArea,-0.16,-0.321,-0.246,0.0749
587,182496.5,144,SweepArea,-0.16,-0.246,-0.194,0.0517
587,182497.9,144,SweepArea,-0.26,-0.194,-0.187,0.0068
587,182512.1,144,SweepArea,-0.49,-0.187,-0.264,-0.0772
587,182528.0,144,SweepArea,-0.61,-0.264,-0.061,0.2031
587,182531.3,130,HeatSweep,-0.18,2.306,2.142,-0.1641
587,182534.8,130,HeatSweep,-0.19,2.142,1.465,-0.6770
587,182538.3,131,HeatSweep,-0.18,-0.537,-0.410,0.1270
587,182541.8,131,HeatSweep,-0.29,-0.410,-0.351,0.0587
587,182545.1,131,HeatSweep,-0.38,-0.351,-0.340,0.0118
587,182548.5,131,HeatSweep,-0.48,-0.340,-0.362,-0.0222
587,182552.1,131,HeatSweep,-1.19,-0.362,-0.588,-0.2263
587,182555.6,131,HeatSweep,-1.43,-0.588,-0.821,-0.2327
587,182563.1,131,SweepArea,-0.05,-0.626,-0.435,0.1911
587,182572.2,131,SweepArea,-0.09,-0.435,-0.316,0.1194
587,182581.2,131,SweepArea,-0.24,-0.316,-0.277,0.0387
587,182589.9,131,SweepArea,-0.34,-0.277,-0.279,-0.0021
587,182598.4,131,SweepArea,-0.43,-0.279,-0.309,-0.0302
587,182608.6,131,SweepArea,-0.31,-0.309,-0.300,0.0093
587,182623.6,145,AmbushHotChoke,-0.57,-1.247,-1.036,0.2101
587,182626.9,145,AmbushHotChoke,-0.18,-1.036,-0.767,0.2690
587,182631.2,145,AmbushHotChoke,-0.19,-0.767,-0.583,0.1849
587,182634.8,145,AmbushHotChoke,-0.29,-0.583,-0.481,0.1018
587,182637.8,145,AmbushHotChoke,-0.38,-0.481,-0.437,0.0433
587,182652.5,145,SweepArea,-0.09,-1.346,-0.963,0.3835
587,182657.8,145,AmbushHotChoke,-0.20,-0.437,-0.356,0.0819
587,182661.1,145,AmbushHotChoke,-0.18,-0.356,-0.291,0.0649
587,182664.9,145,AmbushHotChoke,-0.19,-0.291,-0.247,0.0432
587,182668.3,145,AmbushHotChoke,-0.28,-0.247,-0.245,0.0021
587,182672.0,145,AmbushHotChoke,-0.39,-0.245,-0.275,-0.0297
587,182676.0,145,AmbushHotChoke,-0.49,-0.275,-0.327,-0.0519
587,182679.2,145,AmbushHotChoke,-1.18,-0.327,-0.571,-0.2437
587,182682.6,145,AmbushHotChoke,-1.43,-0.571,-0.817,-0.2459
587,182686.3,145,AmbushHotChoke,-1.69,-0.817,-1.065,-0.2485
587,182699.6,145,SweepArea,-0.08,-0.963,-0.690,0.2731
587,182719.3,145,SweepArea,-0.05,-0.690,-0.492,0.1982
587,182720.9,145,SweepArea,-0.17,-0.492,-0.379,0.1121
587,182721.7,145,SweepArea,-5.00,-0.379,-1.766,-1.3862
588,182722.3,145,SweepArea,0.14,-1.766,-1.181,0.5846
588,182737.6,145,AmbushHotChoke,-0.45,-1.065,-0.866,0.1989
588,182741.5,144,SweepArea,-0.02,-0.061,-0.026,0.0354
588,182745.4,144,SweepArea,-0.19,-0.026,-0.051,-0.0247
588,182749.5,144,SweepArea,-0.04,-0.051,-0.024,0.0270
588,182753.1,144,SweepArea,-0.10,-0.024,-0.022,0.0015
588,182798.3,126,Patrol,-0.70,-0.201,-0.347,-0.1454
588,182807.6,144,SweepArea,-0.24,-0.022,-0.070,-0.0476
588,182811.4,144,SweepArea,-0.19,-0.070,-0.081,-0.0111
588,182815.4,144,SweepArea,-0.19,-0.081,-0.090,-0.0089
588,182819.4,144,SweepArea,-0.29,-0.090,-0.126,-0.0360
588,182823.6,144,SweepArea,-0.39,-0.126,-0.181,-0.0557
588,182868.7,126,Patrol,-0.84,-0.347,-0.491,-0.1442
588,182877.3,144,SweepArea,-0.04,-0.181,-0.120,0.0615
588,182922.5,108,Patrol,-0.95,-0.847,-0.876,-0.0285
588,182931.6,144,SweepArea,-0.24,-0.120,-0.138,-0.0177
588,182935.4,144,SweepArea,-0.04,-0.138,-0.083,0.0544
588,182939.6,144,SweepArea,-0.19,-0.083,-0.092,-0.0088
588,182943.6,144,SweepArea,-0.29,-0.092,-0.127,-0.0351
588,182947.3,144,SweepArea,-0.39,-0.127,-0.181,-0.0536
588,182949.1,126,HideSpotCheck,0.46,-0.479,-0.170,0.3096
588,182953.1,144,SweepArea,-0.19,-0.181,-0.159,0.0215
588,182956.9,144,SweepArea,-0.19,-0.159,-0.144,0.0156
588,182958.8,144,HideSpotCheck,0.39,-1.339,-0.795,0.5446
588,182962.9,144,SweepArea,-0.19,-0.144,-0.134,0.0098
588,182966.7,144,SweepArea,-0.19,-0.134,-0.126,0.0080
588,182970.8,144,SweepArea,-0.04,-0.126,-0.076,0.0499
588,182974.5,144,SweepArea,-0.14,-0.076,-0.070,0.0061
588,182978.6,144,SweepArea,-0.39,-0.070,-0.142,-0.0722
588,182982.1,144,SweepArea,-0.49,-0.142,-0.220,-0.0784
588,182986.5,144,SweepArea,-1.04,-0.220,-0.443,-0.2227
588,182990.4,144,SweepArea,-1.29,-0.443,-0.673,-0.2295
588,182994.2,144,SweepArea,-1.69,-0.673,-0.953,-0.2803
588,182996.2,144,HideSpotCheck,0.38,-0.795,-0.414,0.3803
588,182998.3,144,HideSpotCheck,0.23,-0.414,-0.207,0.2069
588,183013.3,145,AmbushHotChoke,-0.39,-0.866,-0.721,0.1452
588,183058.4,109,Patrol,-0.95,-0.969,-0.962,0.0072
588,183071.0,145,AmbushHotChoke,-0.04,-0.721,-0.514,0.2070
589,183116.2,109,Patrol,-0.80,-0.962,-0.911,0.0510
589,183116.5,126,HideSpotCheck,-0.50,-0.170,-0.240,-0.0699
589,183116.7,126,HideSpotCheck,-0.50,-0.240,-0.289,-0.0489
589,183117.0,126,HideSpotCheck,-0.50,-0.289,-0.323,-0.0342
589,183117.3,126,HideSpotCheck,-0.48,-0.323,-0.341,-0.0184
589,183117.7,144,HideSpotCheck,-0.70,-0.207,-0.326,-0.1187
589,183118.0,144,HideSpotCheck,-0.80,-0.326,-0.439,-0.1130
589,183118.3,144,HideSpotCheck,-1.50,-0.439,-0.728,-0.2891
589,183118.7,144,HideSpotCheck,-1.75,-0.728,-1.006,-0.2775
589,183120.3,144,SweepArea,-0.17,-0.953,-0.690,0.2633
589,183121.9,144,SweepArea,-0.17,-0.690,-0.505,0.1844
589,183123.4,144,SweepArea,-0.16,-0.505,-0.376,0.1296
589,183125.0,144,SweepArea,-0.27,-0.376,-0.315,0.0602
589,183126.5,144,SweepArea,-0.37,-0.315,-0.303,0.0126
589,183128.1,144,SweepArea,-0.29,-0.303,-0.272,0.0313
589,183128.4,126,HideSpotCheck,-0.50,-0.341,-0.360,-0.0185
589,183128.7,126,HideSpotCheck,-0.50,-0.360,-0.373,-0.0129
589,183129.0,126,HideSpotCheck,-0.50,-0.373,-0.382,-0.0091
589,183129.2,126,HideSpotCheck,-0.60,-0.382,-0.418,-0.0363
589,183129.5,126,HideSpotCheck,-0.70,-0.418,-0.473,-0.0554
589,183129.9,126,HideSpotCheck,-0.80,-0.473,-0.542,-0.0689
589,183167.0,126,Patrol,0.05,-0.491,-0.325,0.1658
589,183212.1,128,Patrol,-0.80,-0.720,-0.742,-0.0225
589,183228.3,134,SweepArea,-0.08,-0.210,-0.161,0.0485
589,183244.4,134,SweepArea,-0.16,-0.161,-0.152,0.0090
589,183260.5,134,SweepArea,-0.16,-0.152,-0.146,0.0064
589,183285.7,134,SweepArea,-0.70,-0.146,-0.305,-0.1588
589,183292.5,146,HeatSweep,0.14,-0.102,-0.009,0.0928
589,183301.2,146,HeatSweep,-0.24,-0.009,-0.059,-0.0502
589,183310.2,146,HeatSweep,-0.01,-0.059,-0.025,0.0338
589,183319.0,146,HeatSweep,-0.34,-0.025,-0.101,-0.0757
589,183328.2,146,HeatSweep,-0.21,-0.101,-0.115,-0.0144
589,183337.2,146,HeatSweep,-0.54,-0.115,-0.225,-0.1092
589,183346.4,146,HeatSweep,-1.01,-0.225,-0.442,-0.2171
589,183378.0,146,Patrol,0.09,-0.387,-0.238,0.1492
589,183421.3,146,Patrol,-0.05,-0.238,-0.180,0.0579
589,183466.5,135,Patrol,-0.80,-1.141,-1.038,0.1033
589,183479.6,145,AmbushHotChoke,-0.11,-0.514,-0.389,0.1249
589,183524.7,135,Patrol,-0.95,-1.038,-1.011,0.0275
589,183537.4,145,AmbushHotChoke,-0.04,-0.389,-0.274,0.1149
589,183539.6,123,HeatSweep,-5.00,-0.976,-2.183,-1.2072
590,183552.5,123,HeatSweep,-0.50,-2.183,-1.665,0.5181
590,183554.2,144,SweepArea,-0.17,-0.272,-0.213,0.0587
590,183554.5,144,HideSpotCheck,-0.50,-1.006,-0.825,0.1809
590,183555.8,144,SweepArea,-0.16,-0.213,-0.170,0.0426
590,183557.2,144,SweepArea,-0.16,-0.170,-0.141,0.0297
590,183558.7,144,SweepArea,-0.16,-0.141,-0.120,0.0202
590,183560.3,144,SweepArea,-0.27,-0.120,-0.137,-0.0164
590,183561.8,144,SweepArea,-0.37,-0.137,-0.178,-0.0410
590,183563.2,144,SweepArea,-0.46,-0.178,-0.236,-0.0583
590,183564.7,144,SweepArea,-1.17,-0.236,-0.487,-0.2512
590,183566.3,144,SweepArea,-1.42,-0.487,-0.739,-0.2513
590,183567.8,144,SweepArea,-1.66,-0.739,-0.989,-0.2504
590,183568.1,144,HideSpotCheck,-0.50,-0.825,-0.698,0.1266
590,183568.3,144,HideSpotCheck,-0.50,-0.698,-0.610,0.0887
590,183568.6,144,HideSpotCheck,-0.50,-0.610,-0.547,0.0620
590,183568.9,144,HideSpotCheck,-0.60,-0.547,-0.534,0.0134
590,183569.3,144,HideSpotCheck,-0.70,-0.534,-0.555,-0.0207
590,183569.6,144,HideSpotCheck,-0.80,-0.555,-0.599,-0.0444
590,183569.8,144,HideSpotCheck,-1.50,-0.599,-0.840,-0.2411
590,183570.1,144,HideSpotCheck,-1.75,-0.840,-1.084,-0.2438
590,183571.6,144,SweepArea,-0.16,-0.989,-0.714,0.2748
590,183573.0,144,SweepArea,-0.16,-0.714,-0.521,0.1928
590,183574.4,144,SweepArea,-0.16,-0.521,-0.387,0.1345
590,183575.8,144,SweepArea,-0.26,-0.387,-0.322,0.0647
590,183577.3,144,SweepArea,-0.37,-0.322,-0.308,0.0144
590,183578.7,144,SweepArea,-0.46,-0.308,-0.327,-0.0190
590,183580.2,144,SweepArea,-1.17,-0.327,-0.551,-0.2240
590,183581.6,144,SweepArea,-1.41,-0.551,-0.782,-0.2313
590,183606.7,144,SweepArea,-2.01,-0.782,-1.015,-0.2331
590,183619.6,114,HeatSweep,0.02,1.624,1.154,-0.4701
590,183652.2,128,Patrol,0.08,-0.742,-0.491,0.2511
590,183696.3,128,Patrol,-0.05,-0.491,-0.324,0.1673
590,183708.5,114,HeatSweep,0.03,1.154,0.832,-0.3219
590,183714.9,144,SweepArea,0.10,-1.015,-0.660,0.3553
590,183718.8,144,SweepArea,-0.04,-0.660,-0.449,0.2109
590,183764.1,144,Patrol,-0.78,-1.291,-1.134,0.1567
590,183772.6,144,SweepArea,-0.24,-0.449,-0.366,0.0834
590,183817.7,144,Patrol,-0.93,-1.134,-1.069,0.0653
590,183826.2,144,SweepArea,-0.24,-0.366,-0.307,0.0583
590,183830.0,144,SweepArea,-0.19,-0.307,-0.247,0.0604
590,183833.9,144,SweepArea,-0.04,-0.247,-0.160,0.0871
590,183835.9,144,HideSpotCheck,0.38,-1.084,-0.618,0.4663
590,183839.6,144,SweepArea,-0.19,-0.160,-0.144,0.0162
590,183842.8,144,SweepArea,-0.18,-0.144,-0.130,0.0140
590,183868.0,144,SweepArea,-0.60,-0.130,-0.267,-0.1375
590,183883.2,145,AmbushHotChoke,-0.51,-0.274,-0.342,-0.0677
590,183928.4,109,Patrol,-0.80,-0.911,-0.877,0.0343
590,183943.6,145,AmbushHotChoke,-0.50,-0.342,-0.388,-0.0460
590,183988.8,109,Patrol,-0.95,-0.877,-0.897,-0.0205
590,184003.9,127,AmbushHotChoke,-0.50,-0.712,-0.647,0.0650
590,184049.0,109,Patrol,-0.95,-0.897,-0.912,-0.0146
590,184064.2,145,AmbushHotChoke,-0.48,-0.388,-0.401,-0.0135
590,184069.0,61,AmbushHotChoke,-0.20,0.022,-0.025,-0.0473
590,184082.9,115,HeatSweep,-0.29,-0.489,-0.416,0.0734
590,184083.2,129,HideSpotCheck,-0.50,-0.615,-0.554,0.0618
590,184083.5,129,HideSpotCheck,-0.50,-0.554,-0.510,0.0433
590,184083.8,129,HideSpotCheck,-0.50,-0.510,-0.480,0.0303
590,184084.1,129,HideSpotCheck,-0.60,-0.480,-0.489,-0.0088
590,184084.4,129,HideSpotCheck,-0.70,-0.489,-0.525,-0.0362
590,184084.6,129,HideSpotCheck,-0.80,-0.525,-0.580,-0.0553
590,184117.3,129,Patrol,-0.07,-0.570,-0.414,0.1558
591,184162.3,129,Patrol,-0.80,-0.414,-0.527,-0.1132
591,184163.9,144,SweepArea,0.04,-0.267,-0.148,0.1195
591,184165.4,144,SweepArea,-0.16,-0.148,-0.125,0.0224
591,184166.9,144,SweepArea,-0.17,-0.125,-0.110,0.0152
591,184168.4,144,SweepArea,-0.27,-0.110,-0.129,-0.0190
591,184170.0,144,SweepArea,-0.37,-0.129,-0.173,-0.0437
591,184171.5,144,SweepArea,-0.47,-0.173,-0.233,-0.0602
591,184173.0,144,SweepArea,-1.16,-0.233,-0.485,-0.2521
591,184174.5,144,SweepArea,-1.42,-0.485,-0.737,-0.2516
591,184174.9,144,HideSpotCheck,-0.50,-0.618,-0.553,0.0643
591,184175.2,144,HideSpotCheck,-0.50,-0.553,-0.508,0.0452
591,184175.5,144,HideSpotCheck,-0.50,-0.508,-0.476,0.0316
591,184175.8,144,HideSpotCheck,-0.60,-0.476,-0.484,-0.0078
591,184176.1,144,HideSpotCheck,-0.70,-0.484,-0.520,-0.0355
591,184176.3,144,HideSpotCheck,-0.80,-0.520,-0.575,-0.0548
591,184176.6,144,HideSpotCheck,-1.50,-0.575,-0.823,-0.2484
591,184177.9,144,SweepArea,-0.16,-0.737,-0.537,0.1998
591,184178.2,144,HideSpotCheck,-0.50,-0.823,-0.697,0.1261
591,184179.7,144,SweepArea,-0.16,-0.537,-0.398,0.1391
591,184180.0,144,HideSpotCheck,-0.50,-0.697,-0.609,0.0883
591,184181.3,144,SweepArea,-0.16,-0.398,-0.300,0.0980
591,184206.4,144,SweepArea,-0.52,-0.300,-0.359,-0.0589
591,184246.0,108,Patrol,0.00,-0.876,-0.608,0.2679
591,184269.5,126,Patrol,0.27,-0.325,-0.136,0.1887
591,184283.8,144,SweepArea,0.02,-0.359,-0.230,0.1282
591,184309.0,144,SweepArea,-0.60,-0.230,-0.334,-0.1034
591,184325.4,144,SweepArea,-0.01,-0.334,-0.227,0.1064
591,184370.5,128,Patrol,-0.77,-0.324,-0.453,-0.1297
591,184374.5,144,SweepArea,-0.19,-0.227,-0.192,0.0352
591,184379.4,144,SweepArea,-0.05,-0.192,-0.126,0.0659
591,184384.2,144,SweepArea,-0.20,-0.126,-0.125,0.0018
591,184388.5,144,SweepArea,-0.14,-0.125,-0.106,0.0187
591,184392.7,144,SweepArea,-0.39,-0.106,-0.168,-0.0621
591,184397.0,144,SweepArea,-0.49,-0.168,-0.241,-0.0736
591,184401.2,144,SweepArea,-1.04,-0.241,-0.458,-0.2162
591,184406.0,144,SweepArea,-1.45,-0.458,-0.732,-0.2740
591,184407.8,144,HideSpotCheck,0.23,-0.609,-0.330,0.2790
591,184409.9,144,HideSpotCheck,0.23,-0.330,-0.135,0.1946
591,184411.7,144,HideSpotCheck,0.23,-0.135,0.002,0.1372
591,184413.5,144,HideSpotCheck,0.13,0.002,0.068,0.0659
591,184415.3,144,HideSpotCheck,0.03,0.068,0.084,0.0162
591,184417.1,144,HideSpotCheck,-0.07,0.084,0.065,-0.0189
591,184419.1,144,HideSpotCheck,-0.77,0.065,-0.159,-0.2239
591,184421.2,144,HideSpotCheck,-1.02,-0.159,-0.391,-0.2322
591,184423.1,144,HideSpotCheck,-1.27,-0.391,-0.640,-0.2495
591,184436.5,145,AmbushHotChoke,-0.11,-0.401,-0.301,0.1001
591,184481.5,129,Patrol,-0.80,-0.527,-0.607,-0.0804
591,184492.9,145,AmbushHotChoke,-0.06,-0.301,-0.215,0.0865
591,184505.9,129,HideSpotCheck,-5.00,-0.580,-1.906,-1.3260
592,184506.3,129,HideSpotCheck,0.42,-1.906,-1.195,0.7108
592,184551.4,129,Patrol,-0.80,-0.607,-0.663,-0.0553
592,184559.3,144,SweepArea,-0.05,-0.732,-0.508,0.2238
592,184568.7,144,SweepArea,-0.24,-0.508,-0.410,0.0976
592,184598.5,126,Patrol,0.10,-0.136,-0.058,0.0779
592,184643.6,126,Patrol,-0.73,-0.058,-0.258,-0.1990
592,184682.2,126,Patrol,0.01,-0.258,-0.174,0.0839
592,184727.2,108,Patrol,-0.90,-0.608,-0.693,-0.0849
592,184737.6,144,SweepArea,-0.25,-0.410,-0.346,0.0645
592,184766.1,126,Patrol,-0.19,-0.174,-0.170,0.0033
592,184803.0,126,Patrol,0.07,-0.170,-0.030,0.1399
592,184817.8,121,SweepArea,-0.30,1.482,0.955,-0.5269
592,184832.3,145,AmbushHotChoke,0.08,-0.215,-0.115,0.0994
592,184873.5,111,Patrol,-0.31,0.060,-0.049,-0.1086
592,184887.0,131,SweepArea,-0.28,-0.300,-0.283,0.0172
592,184897.5,131,SweepArea,10.00,-0.283,2.802,3.0848
593,184912.2,131,SweepArea,-0.60,2.802,1.789,-1.0129
593,184937.2,144,SweepArea,-0.60,-0.346,-0.414,-0.0682
593,184967.2,126,Patrol,0.10,-0.030,0.015,0.0455
593,184972.4,144,SweepArea,-0.20,-0.414,-0.328,0.0863
593,184978.7,144,SweepArea,-0.03,-0.328,-0.218,0.1098
593,184985.0,144,SweepArea,-0.21,-0.218,-0.195,0.0228
593,184991.1,144,SweepArea,-0.31,-0.195,-0.208,-0.0127
593,184998.0,144,SweepArea,-0.25,-0.208,-0.199,0.0085
593,185043.2,126,Patrol,-0.71,0.015,-0.199,-0.2143
593,185088.5,108,Patrol,-0.80,-0.693,-0.723,-0.0300
593,185124.4,126,Patrol,0.05,-0.199,-0.119,0.0802
593,185137.5,108,HideSpotCheck,0.12,-0.978,-0.634,0.3435
593,185152.5,108,HideSpotCheck,-0.62,-0.634,-0.618,0.0164
593,185167.6,108,HideSpotCheck,-0.65,-0.618,-0.615,0.0030
593,185182.8,108,HideSpotCheck,-0.73,-0.615,-0.637,-0.0221
593,185193.7,108,HideSpotCheck,-0.06,-0.637,-0.447,0.1898
593,185204.4,108,HideSpotCheck,-0.16,-0.447,-0.344,0.1031
593,185215.1,108,HideSpotCheck,-0.86,-0.344,-0.481,-0.1367
593,185260.2,126,Patrol,-0.84,-0.119,-0.332,-0.2132
593,185265.1,108,HideSpotCheck,0.20,-0.481,-0.255,0.2262
593,185267.0,108,HideSpotCheck,0.23,-0.255,-0.083,0.1711
593,185269.0,108,HideSpotCheck,0.23,-0.083,0.036,0.1195
593,185270.9,108,HideSpotCheck,0.13,0.036,0.090,0.0542
593,185272.8,108,HideSpotCheck,0.03,0.090,0.098,0.0076
593,185274.7,108,HideSpotCheck,-0.07,0.098,0.074,-0.0233
593,185276.6,108,HideSpotCheck,-0.77,0.074,-0.153,-0.2276
593,185278.5,108,HideSpotCheck,-1.02,-0.153,-0.388,-0.2344
593,185280.4,108,HideSpotCheck,-1.27,-0.388,-0.627,-0.2390
593,185282.6,108,HideSpotCheck,-1.52,-0.627,-0.870,-0.2432
593,185323.9,108,Patrol,-0.31,-0.723,-0.596,0.1264
593,185369.0,126,Patrol,-0.80,-0.332,-0.469,-0.1370
593,185371.8,144,SweepArea,-0.01,-0.199,-0.117,0.0820
593,185373.4,144,SweepArea,-0.01,-0.117,-0.059,0.0588
593,185374.9,144,SweepArea,-0.17,-0.059,-0.063,-0.0048
593,185376.3,144,SweepArea,-0.26,-0.063,-0.096,-0.0323
593,185377.8,144,SweepArea,-0.37,-0.096,-0.149,-0.0536
593,185379.2,144,SweepArea,-0.46,-0.149,-0.216,-0.0665
593,185380.6,144,SweepArea,-1.16,-0.216,-0.473,-0.2572
593,185382.0,144,SweepArea,-1.41,-0.473,-0.728,-0.2545
593,185382.3,144,HideSpotCheck,-0.50,-0.640,-0.569,0.0713
593,185382.5,144,HideSpotCheck,-0.50,-0.569,-0.519,0.0499
593,185382.8,144,HideSpotCheck,-0.50,-0.519,-0.484,0.0349
593,185383.1,144,HideSpotCheck,-0.60,-0.484,-0.490,-0.0056
593,185383.4,144,HideSpotCheck,-0.70,-0.490,-0.524,-0.0339
593,185383.6,144,HideSpotCheck,-0.80,-0.524,-0.577,-0.0537
593,185383.9,144,HideSpotCheck,-1.50,-0.577,-0.825,-0.2476
593,185385.3,144,SweepArea,-0.16,-0.728,-0.531,0.1970
593,185386.8,144,SweepArea,-0.17,-0.531,-0.393,0.1371
593,185388.1,144,SweepArea,-0.16,-0.393,-0.297,0.0967
593,185389.6,144,SweepArea,-0.27,-0.297,-0.260,0.0370
593,185390.9,144,SweepArea,-0.36,-0.260,-0.263,-0.0034
593,185392.4,144,SweepArea,-0.46,-0.263,-0.296,-0.0331
593,185394.1,144,SweepArea,-1.17,-0.296,-0.530,-0.2342
593,185395.6,144,SweepArea,-1.42,-0.530,-0.768,-0.2380
593,185396.9,144,SweepArea,-1.66,-0.768,-1.009,-0.2407
593,185397.2,144,HideSpotCheck,-0.50,-0.825,-0.698,0.1267
593,185397.5,144,HideSpotCheck,-0.50,-0.698,-0.610,0.0887
593,185397.8,144,HideSpotCheck,-0.50,-0.610,-0.547,0.0621
593,185398.1,144,HideSpotCheck,-0.60,-0.547,-0.534,0.0135
593,185398.3,144,HideSpotCheck,-0.70,-0.534,-0.555,-0.0206
593,185398.7,144,HideSpotCheck,-0.80,-0.555,-0.599,-0.0445
593,185398.9,144,HideSpotCheck,-1.50,-0.599,-0.840,-0.2411
593,185399.2,144,HideSpotCheck,-1.75,-0.840,-1.084,-0.2438
593,185400.5,144,SweepArea,-0.16,-1.009,-0.728,0.2814
593,185412.7,144,SweepArea,0.03,-0.728,-0.493,0.2350
593,185427.9,145,AmbushHotChoke,-0.49,-0.115,-0.220,-0.1051
593,185435.6,145,AmbushHotChoke,-0.01,-0.220,-0.154,0.0668
593,185474.8,109,Patrol,-0.29,-0.912,-0.723,0.1890
593,185490.0,127,AmbushHotChoke,-0.62,-0.647,-0.632,0.0150
593,185493.0,145,AmbushHotChoke,-0.01,-0.154,-0.099,0.0550
593,185497.3,145,AmbushHotChoke,-0.19,-0.099,-0.115,-0.0159
593,185499.8,145,AmbushHotChoke,-0.27,-0.115,-0.149,-0.0345
593,185503.4,145,AmbushHotChoke,-0.39,-0.149,-0.207,-0.0582
593,185507.5,145,AmbushHotChoke,-0.49,-0.207,-0.280,-0.0726
593,185510.0,145,AmbushHotChoke,-1.18,-0.280,-0.535,-0.2552
593,185513.9,145,AmbushHotChoke,-1.44,-0.535,-0.794,-0.2584
593,185516.7,145,AmbushHotChoke,-1.68,-0.794,-1.045,-0.2519
593,185519.4,145,AmbushHotChoke,-1.93,-1.045,-1.296,-0.2510
593,185534.0,145,SweepArea,10.00,-1.181,2.173,3.3543
594,185534.4,145,SweepArea,1.00,2.173,1.835,-0.3385
594,185534.7,145,SweepArea,-0.62,1.835,1.104,-0.7305
594,185549.9,57,AmbushHotChoke,-0.50,0.036,-0.112,-0.1476
594,185554.1,144,SweepArea,-0.19,-0.493,-0.378,0.1141
594,185558.9,144,SweepArea,-0.20,-0.378,-0.301,0.0774
594,185598.4,126,Patrol,0.65,-0.469,-0.129,0.3396
594,185600.6,126,Patrol,-0.72,-0.129,-0.302,-0.1724
594,185609.9,80,HeatSweep,10.00,0.022,3.016,2.9938
595,185615.7,80,HeatSweep,-0.50,3.016,1.975,-1.0415
595,185617.2,144,SweepArea,-0.17,-0.301,-0.233,0.0682
595,185618.6,144,SweepArea,-0.16,-0.233,-0.184,0.0485
595,185620.1,144,SweepArea,-0.17,-0.184,-0.151,0.0333
595,185621.5,144,SweepArea,-0.26,-0.151,-0.157,-0.0062
595,185622.8,144,SweepArea,-0.36,-0.157,-0.191,-0.0340
595,185624.3,144,SweepArea,-0.47,-0.191,-0.246,-0.0549
595,185625.8,144,SweepArea,-1.17,-0.246,-0.494,-0.2482
595,185627.1,144,SweepArea,-1.41,-0.494,-0.742,-0.2478
595,185628.8,144,SweepArea,-1.67,-0.742,-0.992,-0.2500
595,185630.4,144,SweepArea,-1.92,-0.992,-1.242,-0.2501
595,185659.7,144,Patrol,0.86,-1.069,-0.485,0.5835
596,185660.5,144,Patrol,-0.65,-0.485,-0.531,-0.0451
596,185705.8,128,Patrol,-0.80,-0.453,-0.555,-0.1018
596,185750.9,144,Patrol,-0.85,-0.531,-0.624,-0.0938
596,185796.1,144,Patrol,-1.00,-0.624,-0.735,-0.1105
596,185824.0,126,Patrol,-0.18,-0.302,-0.258,0.0439
596,185824.4,126,HideSpotCheck,-0.50,-0.542,-0.501,0.0418
596,185869.5,126,Patrol,-0.73,-0.258,-0.398,-0.1400
596,185884.7,127,AmbushHotChoke,-0.52,-0.632,-0.594,0.0375
597,185893.0,109,Patrol,1.07,-0.723,-0.166,0.5564
597,185893.8,109,Patrol,0.91,-0.166,0.171,0.3373
597,185894.1,109,Patrol,-0.54,0.171,-0.030,-0.2009
597,185901.9,90,SweepArea,-0.23,-0.120,-0.133,-0.0125
597,185930.7,144,Patrol,0.11,-0.735,-0.474,0.2607
597,185934.7,126,Patrol,0.99,-0.398,0.040,0.4385
597,185937.1,126,Patrol,-0.41,0.040,-0.077,-0.1174
597,185951.9,98,HeatSweep,0.00,0.059,0.052,-0.0071
598,185997.1,128,Patrol,-0.80,-0.555,-0.626,-0.0710
598,186042.1,144,Patrol,-0.80,-0.474,-0.569,-0.0949
598,186087.2,144,Patrol,-0.87,-0.569,-0.655,-0.0861
598,186114.1,144,Patrol,-0.07,-0.655,-0.472,0.1834
598,186157.4,144,Patrol,-0.33,-0.472,-0.427,0.0450
598,186202.5,126,Patrol,-1.95,-0.077,-0.636,-0.5594
598,186247.7,144,Patrol,-2.13,-0.427,-0.906,-0.4796
598,186257.9,145,SweepArea,0.10,1.104,1.001,-0.1035
598,186274.4,145,SweepArea,0.07,1.001,0.725,-0.2755
598,186303.3,109,Patrol,0.11,-0.030,0.017,0.0472
598,186318.4,127,AmbushHotChoke,-0.65,-0.594,-0.511,0.0835
598,186333.0,145,SweepArea,-0.08,0.725,0.486,-0.2391
598,186361.9,109,Patrol,-0.19,0.017,-0.040,-0.0568
598,186376.4,127,AmbushHotChoke,-0.30,-0.511,-0.377,0.1338
598,186390.8,145,SweepArea,-0.08,0.486,0.319,-0.1670
599,186436.1,109,Patrol,-0.80,-0.040,-0.266,-0.2261
599,186443.3,126,HideSpotCheck,0.36,-0.501,-0.222,0.2789
599,186453.5,126,HideSpotCheck,0.30,-0.222,-0.048,0.1739
599,186464.4,126,HideSpotCheck,0.14,-0.048,0.026,0.0737
599,186474.5,126,HideSpotCheck,0.05,0.026,0.051,0.0247
599,186483.9,126,HideSpotCheck,-0.04,0.051,0.040,-0.0104
599,186494.0,126,HideSpotCheck,-0.15,0.040,0.000,-0.0399
599,186503.6,126,HideSpotCheck,-0.69,0.000,-0.190,-0.1900
599,186513.5,126,HideSpotCheck,-1.10,-0.190,-0.445,-0.2550
599,186523.5,126,HideSpotCheck,-1.20,-0.445,-0.653,-0.2084
599,186552.4,126,Patrol,0.11,-0.636,-0.405,0.2310
599,186597.0,126,Patrol,0.02,-0.405,-0.274,0.1310
599,186635.8,126,Patrol,0.16,-0.274,-0.141,0.1332
599,186681.1,108,Patrol,-0.90,-0.596,-0.679,-0.0824
599,186703.3,145,SweepArea,-0.19,0.319,0.168,-0.1512
599,186748.6,109,Patrol,-0.80,-0.266,-0.425,-0.1588
599,186759.6,127,AmbushHotChoke,-0.01,-0.377,-0.263,0.1145
599,186804.8,109,Patrol,-0.95,-0.425,-0.578,-0.1531
599,186806.3,145,SweepArea,-0.17,0.168,0.115,-0.0532
599,186807.6,145,SweepArea,-0.01,0.115,0.109,-0.0061
599,186809.1,145,SweepArea,-0.16,0.109,0.057,-0.0518
599,186810.5,145,SweepArea,-0.26,0.057,-0.023,-0.0801
599,186812.0,145,SweepArea,-0.37,-0.023,-0.112,-0.0883
599,186813.3,145,SweepArea,-0.46,-0.112,-0.203,-0.0912
599,186814.8,145,SweepArea,-1.16,-0.203,-0.477,-0.2743
599,186816.4,145,SweepArea,-1.42,-0.477,-0.745,-0.2675
599,186817.9,145,SweepArea,-1.66,-0.745,-1.006,-0.2617
599,186819.4,145,SweepArea,-1.92,-1.006,-1.265,-0.2586
599,186820.8,145,SweepArea,-2.16,-1.265,-1.520,-0.2555
